   0.90900E+02   0.19586E+01   0.00000E+00   0.00000E+00
   0.93500E+02   0.19708E+01   0.00000E+00   0.00000E+00
   0.96100E+02   0.19827E+01   0.00000E+00   0.00000E+00
   0.97700E+02   0.19899E+01   0.00000E+00   0.00000E+00
   0.99600E+02   0.19983E+01   0.00000E+00   0.00000E+00
   0.10200E+03   0.20086E+01   0.00000E+00   0.00000E+00
   0.10380E+03   0.20162E+01   0.00000E+00   0.00000E+00
   0.10560E+03   0.20237E+01   0.00000E+00   0.00000E+00
   0.10770E+03   0.20322E+01   0.00000E+00   0.00000E+00
   0.11040E+03   0.20430E+01   0.00000E+00   0.00000E+00
   0.11400E+03   0.20569E+01   0.00000E+00   0.00000E+00
   0.11780E+03   0.20711E+01   0.00000E+00   0.00000E+00
   0.12130E+03   0.20839E+01   0.00000E+00   0.00000E+00
   0.12480E+03   0.20962E+01   0.00000E+00   0.00000E+00
   0.12710E+03   0.21041E+01   0.00000E+00   0.00000E+00
   0.12840E+03   0.21086E+01   0.00000E+00   0.00000E+00
   0.13050E+03   0.21156E+01   0.00000E+00   0.00000E+00
   0.13240E+03   0.21219E+01   0.00000E+00   0.00000E+00
   0.13390E+03   0.21268E+01   0.00000E+00   0.00000E+00
   0.13660E+03   0.21355E+01   0.00000E+00   0.00000E+00
   0.13980E+03   0.21455E+01   0.00000E+00   0.00000E+00
   0.14330E+03   0.21562E+01   0.00000E+00   0.00000E+00
   0.14720E+03   0.21679E+01   0.00000E+00   0.00000E+00
   0.15100E+03   0.21790E+01   0.00000E+00   0.00000E+00
   0.15520E+03   0.21909E+01   0.00000E+00   0.00000E+00
   0.15880E+03   0.22009E+01   0.00000E+00   0.00000E+00
   0.16200E+03   0.22095E+01   0.00000E+00   0.00000E+00
   0.16600E+03   0.22201E+01   0.00000E+00   0.00000E+00
   0.17030E+03   0.22312E+01   0.00000E+00   0.00000E+00
   0.17340E+03   0.22390E+01   0.00000E+00   0.00000E+00
   0.17680E+03   0.22475E+01   0.00000E+00   0.00000E+00
   0.18020E+03   0.22558E+01   0.00000E+00   0.00000E+00
   0.18170E+03   0.22594E+01   0.00000E+00   0.00000E+00
   0.18610E+03   0.22697E+01   0.00000E+00   0.00000E+00
   0.19100E+03   0.22810E+01   0.00000E+00   0.00000E+00
   0.19390E+03   0.22876E+01   0.00000E+00   0.00000E+00
   0.19840E+03   0.22975E+01   0.00000E+00   0.00000E+00
   0.20180E+03   0.23049E+01   0.00000E+00   0.00000E+00
   0.20500E+03   0.23118E+01   0.00000E+00   0.00000E+00
   0.21050E+03   0.23233E+01   0.00000E+00   0.00000E+00
   0.21620E+03   0.23349E+01   0.00000E+00   0.00000E+00
   0.21980E+03   0.23420E+01   0.00000E+00   0.00000E+00
   0.22300E+03   0.23483E+01   0.00000E+00   0.00000E+00
   0.22680E+03   0.23556E+01   0.00000E+00   0.00000E+00
   0.23000E+03   0.23617E+01   0.00000E+00   0.00000E+00
   0.23400E+03   0.23692E+01   0.00000E+00   0.00000E+00
   0.24000E+03   0.23802E+01   0.00000E+00   0.00000E+00
   0.24650E+03   0.23918E+01   0.00000E+00   0.00000E+00
   0.25240E+03   0.24021E+01   0.00000E+00   0.00000E+00
   0.25680E+03   0.24096E+01   0.00000E+00   0.00000E+00
   0.26000E+03   0.24150E+01   0.00000E+00   0.00000E+00
   0.26400E+03   0.24216E+01   0.00000E+00   0.00000E+00
   0.26850E+03   0.24289E+01   0.00000E+00   0.00000E+00
   0.27350E+03   0.24370E+01   0.00000E+00   0.00000E+00
   0.27850E+03   0.24448E+01   0.00000E+00   0.00000E+00
   0.28400E+03   0.24533E+01   0.00000E+00   0.00000E+00
   0.29000E+03   0.24624E+01   0.00000E+00   0.00000E+00
   0.29600E+03   0.24713E+01   0.00000E+00   0.00000E+00
   0.30100E+03   0.24786E+01   0.00000E+00   0.00000E+00
   0.30800E+03   0.24886E+01   0.00000E+00   0.00000E+00
   0.31800E+03   0.25024E+01   0.00000E+00   0.00000E+00
   0.32800E+03   0.25159E+01   0.00000E+00   0.00000E+00
   0.33800E+03   0.25289E+01   0.00000E+00   0.00000E+00
   0.34800E+03   0.25416E+01   0.00000E+00   0.00000E+00
   0.35700E+03   0.25527E+01   0.00000E+00   0.00000E+00
   0.36600E+03   0.25635E+01   0.00000E+00   0.00000E+00
   0.37500E+03   0.25740E+01   0.00000E+00   0.00000E+00
   0.38500E+03   0.25855E+01   0.00000E+00   0.00000E+00
   0.39500E+03   0.25966E+01   0.00000E+00   0.00000E+00
   0.40500E+03   0.26075E+01   0.00000E+00   0.00000E+00
   0.41400E+03   0.26170E+01   0.00000E+00   0.00000E+00
   0.42200E+03   0.26253E+01   0.00000E+00   0.00000E+00
   0.43000E+03   0.26335E+01   0.00000E+00   0.00000E+00
   0.44100E+03   0.26444E+01   0.00000E+00   0.00000E+00
   0.45100E+03   0.26542E+01   0.00000E+00   0.00000E+00
   0.46000E+03   0.26628E+01   0.00000E+00   0.00000E+00
   0.47000E+03   0.26721E+01   0.00000E+00   0.00000E+00
   0.48000E+03   0.26812E+01   0.00000E+00   0.00000E+00
   0.49000E+03   0.26902E+01   0.00000E+00   0.00000E+00
   0.50000E+03   0.26990E+01   0.00000E+00   0.00000E+00
   0.50600E+03   0.27042E+01   0.19880E-19  -0.19702E+02
   0.51200E+03   0.27093E+01   0.39564E-19  -0.19403E+02
   0.52000E+03   0.27160E+01   0.84604E-19  -0.19073E+02
   0.53000E+03   0.27243E+01   0.21140E-18  -0.18675E+02
   0.54000E+03   0.27324E+01   0.50479E-18  -0.18297E+02
   0.55000E+03   0.27404E+01   0.11742E-17  -0.17930E+02
   0.56000E+03   0.27482E+01   0.26431E-17  -0.17578E+02
   0.57000E+03   0.27559E+01   0.57831E-17  -0.17238E+02
   0.58000E+03   0.27634E+01   0.12251E-16  -0.16912E+02
   0.59000E+03   0.27709E+01   0.25630E-16  -0.16591E+02
   0.60000E+03   0.27782E+01   0.52073E-16  -0.16283E+02
   0.61000E+03   0.27853E+01   0.10370E-15  -0.15984E+02
   0.62000E+03   0.27924E+01   0.20238E-15  -0.15694E+02
   0.63000E+03   0.27993E+01   0.38775E-15  -0.15411E+02
   0.64000E+03   0.28062E+01   0.73063E-15  -0.15136E+02
   0.65000E+03   0.28129E+01   0.13557E-14  -0.14868E+02
   0.65800E+03   0.28182E+01   0.21996E-14  -0.14658E+02
   0.66500E+03   0.28228E+01   0.33306E-14  -0.14477E+02
   0.67500E+03   0.28293E+01   0.59685E-14  -0.14224E+02
   0.68500E+03   0.28357E+01   0.10566E-13  -0.13976E+02
   0.69500E+03   0.28420E+01   0.18469E-13  -0.13734E+02
   0.70500E+03   0.28482E+01   0.31860E-13  -0.13497E+02
   0.71600E+03   0.28549E+01   0.57547E-13  -0.13240E+02
   0.72600E+03   0.28609E+01   0.97253E-13  -0.13012E+02
   0.73500E+03   0.28663E+01   0.15463E-12  -0.12811E+02
   0.74500E+03   0.28722E+01   0.25621E-12  -0.12591E+02
   0.75500E+03   0.28779E+01   0.42058E-12  -0.12376E+02
   0.76500E+03   0.28837E+01   0.68374E-12  -0.12165E+02
   0.77500E+03   0.28893E+01   0.11006E-11  -0.11958E+02
   0.78500E+03   0.28949E+01   0.17561E-11  -0.11755E+02
   0.79500E+03   0.29004E+01   0.27664E-11  -0.11558E+02
   0.80500E+03   0.29058E+01   0.43376E-11  -0.11363E+02
   0.81500E+03   0.29112E+01   0.67337E-11  -0.11172E+02
   0.82500E+03   0.29165E+01   0.10351E-10  -0.10985E+02
   0.83500E+03   0.29217E+01   0.15768E-10  -0.10802E+02
   0.84500E+03   0.29269E+01   0.23814E-10  -0.10623E+02
   0.85500E+03   0.29320E+01   0.35646E-10  -0.10448E+02
   0.86500E+03   0.29370E+01   0.52917E-10  -0.10276E+02
   0.87500E+03   0.29420E+01   0.77854E-10  -0.10109E+02
   0.88500E+03   0.29469E+01   0.11372E-09  -0.99441E+01
   0.89500E+03   0.29518E+01   0.16499E-09  -0.97825E+01
   0.90500E+03   0.29566E+01   0.23710E-09  -0.96251E+01
   0.91500E+03   0.29614E+01   0.23145E-07  -0.76355E+01
   0.92500E+03   0.29661E+01   0.10695E-06  -0.69708E+01
   0.93500E+03   0.29708E+01   0.14294E-06  -0.68448E+01
   0.94500E+03   0.29754E+01   0.18937E-06  -0.67227E+01
   0.95500E+03   0.29800E+01   0.26922E-06  -0.65699E+01
   0.96500E+03   0.29845E+01   0.35727E-06  -0.64470E+01
   0.97500E+03   0.29890E+01   0.44896E-06  -0.63478E+01
   0.98500E+03   0.29934E+01   0.59048E-06  -0.62288E+01
   0.99500E+03   0.29978E+01   0.73458E-06  -0.61340E+01
   0.10050E+04   0.30022E+01   0.10151E-05  -0.59935E+01
   0.10150E+04   0.30065E+01   0.12972E-05  -0.58870E+01
   0.10250E+04   0.30107E+01   0.14299E-05  -0.58447E+01
   0.10350E+04   0.30149E+01   0.20684E-05  -0.56844E+01
   0.10450E+04   0.30191E+01   0.26322E-05  -0.55797E+01
   0.10550E+04   0.30233E+01   0.32933E-05  -0.54824E+01
   0.10650E+04   0.30273E+01   0.39932E-05  -0.53987E+01
   0.10750E+04   0.30314E+01   0.50435E-05  -0.52973E+01
   0.10850E+04   0.30354E+01   0.62719E-05  -0.52026E+01
   0.10950E+04   0.30394E+01   0.75170E-05  -0.51240E+01
   0.11050E+04   0.30434E+01   0.75310E-04  -0.41231E+01
   0.11150E+04   0.30473E+01   0.15361E-03  -0.38136E+01
   0.11250E+04   0.30512E+01   0.21926E-03  -0.36590E+01
   0.11350E+04   0.30550E+01   0.29235E-03  -0.35341E+01
   0.11450E+04   0.30588E+01   0.37199E-03  -0.34295E+01
   0.11550E+04   0.30626E+01   0.39952E-03  -0.33985E+01
   0.11650E+04   0.30663E+01   0.54131E-03  -0.32666E+01
   0.11750E+04   0.30700E+01   0.64652E-03  -0.31894E+01
   0.11850E+04   0.30737E+01   0.64830E-03  -0.31882E+01
   0.11950E+04   0.30774E+01   0.39741E-03  -0.34008E+01
   0.12050E+04   0.30810E+01   0.40573E-03  -0.33918E+01
   0.12150E+04   0.30846E+01   0.68874E-04  -0.41619E+01
   0.12250E+04   0.30881E+01   0.50264E-03  -0.32987E+01
   0.12350E+04   0.30917E+01   0.11977E-02  -0.29216E+01
   0.12450E+04   0.30952E+01   0.31194E-02  -0.25059E+01
   0.12550E+04   0.30986E+01   0.49883E-02  -0.23020E+01
   0.12650E+04   0.31021E+01   0.50455E-02  -0.22971E+01
   0.12750E+04   0.31055E+01   0.75889E-02  -0.21198E+01
   0.12850E+04   0.31089E+01   0.10483E-01  -0.19795E+01
   0.12950E+04   0.31123E+01   0.12699E-01  -0.18962E+01
   0.13050E+04   0.31156E+01   0.11503E-01  -0.19392E+01
   0.13150E+04   0.31189E+01   0.17125E-01  -0.17664E+01
   0.13250E+04   0.31222E+01   0.19961E-01  -0.16998E+01
   0.13350E+04   0.31255E+01   0.22577E-01  -0.16463E+01
   0.13450E+04   0.31287E+01   0.27601E-01  -0.15591E+01
   0.13550E+04   0.31319E+01   0.29226E-01  -0.15342E+01
   0.13650E+04   0.31351E+01   0.32994E-01  -0.14816E+01
   0.13750E+04   0.31383E+01   0.35463E-01  -0.14502E+01
   0.13850E+04   0.31414E+01   0.37545E-01  -0.14255E+01
   0.13950E+04   0.31446E+01   0.43256E-01  -0.13640E+01
   0.14050E+04   0.31477E+01   0.48945E-01  -0.13103E+01
   0.14150E+04   0.31508E+01   0.52358E-01  -0.12810E+01
   0.14250E+04   0.31538E+01   0.58023E-01  -0.12364E+01
   0.14350E+04   0.31569E+01   0.61431E-01  -0.12116E+01
   0.14420E+04   0.31590E+01   0.74486E-01  -0.11279E+01
   0.14470E+04   0.31605E+01   0.76170E-01  -0.11182E+01
   0.14550E+04   0.31629E+01   0.85533E-01  -0.10679E+01
   0.14650E+04   0.31658E+01   0.89803E-01  -0.10467E+01
   0.14750E+04   0.31688E+01   0.98820E-01  -0.10052E+01
   0.14850E+04   0.31717E+01   0.10994E+00  -0.95886E+00
   0.14950E+04   0.31746E+01   0.13060E+00  -0.88405E+00
   0.15050E+04   0.31775E+01   0.14804E+00  -0.82962E+00
   0.15120E+04   0.31796E+01   0.14261E+00  -0.84586E+00
   0.15170E+04   0.31810E+01   0.15187E+00  -0.81853E+00
   0.15250E+04   0.31833E+01   0.24710E+00  -0.60713E+00
   0.15350E+04   0.31861E+01   0.31646E+00  -0.49968E+00
   0.15450E+04   0.31889E+01   0.37322E+00  -0.42803E+00
   0.15550E+04   0.31917E+01   0.41653E+00  -0.38035E+00
   0.15650E+04   0.31945E+01   0.39621E+00  -0.40208E+00
   0.15750E+04   0.31973E+01   0.64430E+00  -0.19091E+00
   0.15850E+04   0.32000E+01   0.78066E+00  -0.10754E+00
   0.15950E+04   0.32028E+01   0.95501E+00  -0.19992E-01
   0.16050E+04   0.32055E+01   0.90832E+00  -0.41762E-01
   0.16150E+04   0.32082E+01   0.92186E+00  -0.35335E-01
   0.16250E+04   0.32109E+01   0.81786E+00  -0.87322E-01
   0.16350E+04   0.32135E+01   0.10301E+01   0.12889E-01
   0.16450E+04   0.32162E+01   0.14299E+01   0.15530E+00
   0.16550E+04   0.32188E+01   0.84914E+00  -0.71021E-01
   0.16650E+04   0.32214E+01   0.15325E+01   0.18540E+00
   0.16720E+04   0.32232E+01   0.92392E+00  -0.34366E-01
   0.16770E+04   0.32245E+01   0.11349E+02   0.10549E+01
   0.16850E+04   0.32266E+01   0.11583E+02   0.10638E+01
   0.16950E+04   0.32292E+01   0.85844E+01   0.93371E+00
   0.17050E+04   0.32317E+01   0.10402E+02   0.10171E+01
   0.17150E+04   0.32343E+01   0.17689E+02   0.12477E+01
   0.17250E+04   0.32368E+01   0.20310E+02   0.13077E+01
   0.17350E+04   0.32393E+01   0.26141E+02   0.14173E+01
   0.17450E+04   0.32418E+01   0.23815E+02   0.13769E+01
   0.17550E+04   0.32443E+01   0.32772E+02   0.15155E+01
   0.17650E+04   0.32467E+01   0.22718E+02   0.13564E+01
   0.17750E+04   0.32492E+01   0.30998E+02   0.14913E+01
   0.17850E+04   0.32516E+01   0.31416E+02   0.14971E+01
   0.17950E+04   0.32541E+01   0.47388E+02   0.16757E+01
   0.18050E+04   0.32565E+01   0.39048E+02   0.15916E+01
   0.18150E+04   0.32589E+01   0.42378E+02   0.16271E+01
   0.18250E+04   0.32613E+01   0.40260E+02   0.16049E+01
   0.18350E+04   0.32636E+01   0.36711E+02   0.15648E+01
   0.18450E+04   0.32660E+01   0.28307E+02   0.14519E+01
   0.18550E+04   0.32683E+01   0.40823E+02   0.16109E+01
   0.18650E+04   0.32707E+01   0.54121E+02   0.17334E+01
   0.18750E+04   0.32730E+01   0.48670E+02   0.16873E+01
   0.18850E+04   0.32753E+01   0.51333E+02   0.17104E+01
   0.18950E+04   0.32776E+01   0.61185E+02   0.17866E+01
   0.19050E+04   0.32799E+01   0.56933E+02   0.17554E+01
   0.19150E+04   0.32822E+01   0.61487E+02   0.17888E+01
   0.19250E+04   0.32844E+01   0.51341E+02   0.17105E+01
   0.19350E+04   0.32867E+01   0.24539E+02   0.13898E+01
   0.19450E+04   0.32889E+01   0.67657E+02   0.18303E+01
   0.19550E+04   0.32911E+01   0.71430E+02   0.18539E+01
   0.19670E+04   0.32938E+01   0.85443E+02   0.19317E+01
   0.19760E+04   0.32958E+01   0.77317E+02   0.18883E+01
   0.19840E+04   0.32975E+01   0.85403E+02   0.19315E+01
   0.19950E+04   0.32999E+01   0.85988E+02   0.19344E+01
   0.20050E+04   0.33021E+01   0.76242E+02   0.18822E+01
   0.20150E+04   0.33043E+01   0.77301E+02   0.18882E+01
   0.20250E+04   0.33064E+01   0.65182E+02   0.18141E+01
   0.20350E+04   0.33086E+01   0.86797E+02   0.19385E+01
   0.20450E+04   0.33107E+01   0.97673E+02   0.19898E+01
   0.20550E+04   0.33128E+01   0.92099E+02   0.19643E+01
   0.20650E+04   0.33149E+01   0.84884E+02   0.19288E+01
   0.20740E+04   0.33168E+01   0.10436E+03   0.20185E+01
   0.20780E+04   0.33176E+01   0.14567E+03   0.21634E+01
   0.20850E+04   0.33191E+01   0.15518E+03   0.21908E+01
   0.20950E+04   0.33212E+01   0.14299E+03   0.21553E+01
   0.21050E+04   0.33233E+01   0.12721E+03   0.21045E+01
   0.21150E+04   0.33253E+01   0.13811E+03   0.21402E+01
   0.21250E+04   0.33274E+01   0.12889E+03   0.21102E+01
   0.21350E+04   0.33294E+01   0.10951E+03   0.20394E+01
   0.21450E+04   0.33314E+01   0.13985E+03   0.21457E+01
   0.21550E+04   0.33334E+01   0.14138E+03   0.21504E+01
   0.21650E+04   0.33355E+01   0.12408E+03   0.20937E+01
   0.21750E+04   0.33375E+01   0.12689E+03   0.21034E+01
   0.21850E+04   0.33395E+01   0.14688E+03   0.21670E+01
   0.21950E+04   0.33414E+01   0.15517E+03   0.21908E+01
   0.22050E+04   0.33434E+01   0.14527E+03   0.21622E+01
   0.22150E+04   0.33454E+01   0.11546E+03   0.20624E+01
   0.22250E+04   0.33473E+01   0.12097E+03   0.20827E+01
   0.22350E+04   0.33493E+01   0.15879E+03   0.22008E+01
   0.22450E+04   0.33512E+01   0.14719E+03   0.21679E+01
   0.22550E+04   0.33531E+01   0.11531E+03   0.20619E+01
   0.22650E+04   0.33551E+01   0.11482E+03   0.20600E+01
   0.22750E+04   0.33570E+01   0.12974E+03   0.21131E+01
   0.22850E+04   0.33589E+01   0.15609E+03   0.21934E+01
   0.22950E+04   0.33608E+01   0.13265E+03   0.21227E+01
   0.23050E+04   0.33627E+01   0.15374E+03   0.21868E+01
   0.23150E+04   0.33646E+01   0.13654E+03   0.21353E+01
   0.23250E+04   0.33664E+01   0.93622E+02   0.19714E+01
   0.23350E+04   0.33683E+01   0.91089E+02   0.19595E+01
   0.23450E+04   0.33701E+01   0.60295E+02   0.17803E+01
   0.23550E+04   0.33720E+01   0.12061E+03   0.20814E+01
   0.23650E+04   0.33738E+01   0.66049E+02   0.18199E+01
   0.23750E+04   0.33757E+01   0.92418E+02   0.19658E+01
   0.23850E+04   0.33775E+01   0.47650E+02   0.16781E+01
   0.23950E+04   0.33793E+01   0.65225E+02   0.18144E+01
   0.24050E+04   0.33811E+01   0.64764E+02   0.18113E+01
   0.24150E+04   0.33829E+01   0.78364E+02   0.18941E+01
   0.24250E+04   0.33847E+01   0.13236E+03   0.21218E+01
   0.24350E+04   0.33865E+01   0.13005E+03   0.21141E+01
   0.24450E+04   0.33883E+01   0.15232E+03   0.21828E+01
   0.24550E+04   0.33901E+01   0.15761E+03   0.21976E+01
   0.24650E+04   0.33918E+01   0.14713E+03   0.21677E+01
   0.24750E+04   0.33936E+01   0.12899E+03   0.21105E+01
   0.24850E+04   0.33953E+01   0.10637E+03   0.20268E+01
   0.24950E+04   0.33971E+01   0.10857E+03   0.20357E+01
   0.25050E+04   0.33988E+01   0.16524E+03   0.22181E+01
   0.25130E+04   0.34002E+01   0.76781E+02   0.18853E+01
   0.25180E+04   0.34011E+01   0.56947E+02   0.17555E+01
   0.25250E+04   0.34023E+01   0.65262E+02   0.18147E+01
   0.25350E+04   0.34040E+01   0.89907E+02   0.19538E+01
   0.25450E+04   0.34057E+01   0.98132E+02   0.19918E+01
   0.25550E+04   0.34074E+01   0.14583E+03   0.21638E+01
   0.25650E+04   0.34091E+01   0.11750E+03   0.20701E+01
   0.25750E+04   0.34108E+01   0.14401E+03   0.21584E+01
   0.25850E+04   0.34125E+01   0.13333E+03   0.21249E+01
   0.25950E+04   0.34141E+01   0.12141E+03   0.20842E+01
   0.26050E+04   0.34158E+01   0.10664E+03   0.20279E+01
   0.26150E+04   0.34175E+01   0.93261E+02   0.19697E+01
   0.26250E+04   0.34191E+01   0.13416E+03   0.21276E+01
   0.26350E+04   0.34208E+01   0.18661E+03   0.22709E+01
   0.26450E+04   0.34224E+01   0.25300E+03   0.24031E+01
   0.26550E+04   0.34241E+01   0.30166E+03   0.24795E+01
   0.26650E+04   0.34257E+01   0.21275E+03   0.23279E+01
   0.26750E+04   0.34273E+01   0.24549E+03   0.23900E+01
   0.26850E+04   0.34289E+01   0.26019E+03   0.24153E+01
   0.26950E+04   0.34306E+01   0.21165E+03   0.23256E+01
   0.27050E+04   0.34322E+01   0.24676E+03   0.23923E+01
   0.27150E+04   0.34338E+01   0.19626E+03   0.22928E+01
   0.27250E+04   0.34354E+01   0.18910E+03   0.22767E+01
   0.27350E+04   0.34370E+01   0.21758E+03   0.23376E+01
   0.27450E+04   0.34385E+01   0.11918E+03   0.20762E+01
   0.27550E+04   0.34401E+01   0.15316E+03   0.21852E+01
   0.27650E+04   0.34417E+01   0.18779E+03   0.22737E+01
   0.27750E+04   0.34433E+01   0.21151E+03   0.23253E+01
   0.27850E+04   0.34448E+01   0.13417E+03   0.21276E+01
   0.27950E+04   0.34464E+01   0.49249E+02   0.16924E+01
   0.28050E+04   0.34479E+01   0.63722E+02   0.18043E+01
   0.28150E+04   0.34495E+01   0.19464E+03   0.22892E+01
   0.28250E+04   0.34510E+01   0.27456E+03   0.24386E+01
   0.28350E+04   0.34526E+01   0.26725E+03   0.24269E+01
   0.28450E+04   0.34541E+01   0.24138E+03   0.23827E+01
   0.28550E+04   0.34556E+01   0.17372E+03   0.22399E+01
   0.28650E+04   0.34571E+01   0.28718E+03   0.24581E+01
   0.28750E+04   0.34586E+01   0.31022E+03   0.24917E+01
   0.28850E+04   0.34601E+01   0.29262E+03   0.24663E+01
   0.28950E+04   0.34616E+01   0.30647E+03   0.24864E+01
   0.29100E+04   0.34639E+01   0.39140E+03   0.25926E+01
   0.29300E+04   0.34669E+01   0.36367E+03   0.25607E+01
   0.29500E+04   0.34698E+01   0.36028E+03   0.25566E+01
   0.29700E+04   0.34728E+01   0.38591E+03   0.25865E+01
   0.29900E+04   0.34757E+01   0.40057E+03   0.26027E+01
   0.30100E+04   0.34786E+01   0.41695E+03   0.26201E+01
   0.30300E+04   0.34814E+01   0.42023E+03   0.26235E+01
   0.30500E+04   0.34843E+01   0.43161E+03   0.26351E+01
   0.30700E+04   0.34871E+01   0.43635E+03   0.26398E+01
   0.30900E+04   0.34900E+01   0.43427E+03   0.26378E+01
   0.31100E+04   0.34928E+01   0.44655E+03   0.26499E+01
   0.31300E+04   0.34955E+01   0.43030E+03   0.26338E+01
   0.31500E+04   0.34983E+01   0.43563E+03   0.26391E+01
   0.31700E+04   0.35011E+01   0.46093E+03   0.26636E+01
   0.31900E+04   0.35038E+01   0.40936E+03   0.26121E+01
   0.32100E+04   0.35065E+01   0.44468E+03   0.26480E+01
   0.32300E+04   0.35092E+01   0.39418E+03   0.25957E+01
   0.32500E+04   0.35119E+01   0.47585E+03   0.26775E+01
   0.32700E+04   0.35145E+01   0.52204E+03   0.27177E+01
   0.32900E+04   0.35172E+01   0.51377E+03   0.27108E+01
   0.33100E+04   0.35198E+01   0.51204E+03   0.27093E+01
   0.33300E+04   0.35224E+01   0.51386E+03   0.27108E+01
   0.33500E+04   0.35250E+01   0.50689E+03   0.27049E+01
   0.33700E+04   0.35276E+01   0.44457E+03   0.26479E+01
   0.33900E+04   0.35302E+01   0.47452E+03   0.26763E+01
   0.34100E+04   0.35328E+01   0.48117E+03   0.26823E+01
   0.34300E+04   0.35353E+01   0.49477E+03   0.26944E+01
   0.34500E+04   0.35378E+01   0.52351E+03   0.27189E+01
   0.34700E+04   0.35403E+01   0.52781E+03   0.27225E+01
   0.34900E+04   0.35428E+01   0.55595E+03   0.27450E+01
   0.35100E+04   0.35453E+01   0.57420E+03   0.27591E+01
   0.35300E+04   0.35478E+01   0.53645E+03   0.27295E+01
   0.35500E+04   0.35502E+01   0.58400E+03   0.27664E+01
   0.35700E+04   0.35527E+01   0.49594E+03   0.26954E+01
   0.35900E+04   0.35551E+01   0.50481E+03   0.27031E+01
   0.36100E+04   0.35575E+01   0.55993E+03   0.27481E+01
   0.36300E+04   0.35599E+01   0.57013E+03   0.27560E+01
   0.36400E+04   0.35611E+01   0.57157E+03   0.27571E+01
   0.36500E+04   0.35623E+01   0.60933E+03   0.27849E+01
   0.36700E+04   0.35647E+01   0.61068E+03   0.27858E+01
   0.36900E+04   0.35670E+01   0.56154E+03   0.27494E+01
   0.37100E+04   0.35694E+01   0.60778E+03   0.27837E+01
   0.37300E+04   0.35717E+01   0.50576E+03   0.27039E+01
   0.37500E+04   0.35740E+01   0.57615E+03   0.27605E+01
   0.37700E+04   0.35763E+01   0.66011E+03   0.28196E+01
   0.37900E+04   0.35786E+01   0.71230E+03   0.28527E+01
   0.38100E+04   0.35809E+01   0.74682E+03   0.28732E+01
   0.38300E+04   0.35832E+01   0.54686E+03   0.27379E+01
   0.38500E+04   0.35855E+01   0.72197E+03   0.28585E+01
   0.38700E+04   0.35877E+01   0.75670E+03   0.28789E+01
   0.38900E+04   0.35899E+01   0.67437E+03   0.28289E+01
   0.39100E+04   0.35922E+01   0.83827E+03   0.29234E+01
   0.39300E+04   0.35944E+01   0.46617E+03   0.26685E+01
   0.39500E+04   0.35966E+01   0.72809E+03   0.28622E+01
   0.39700E+04   0.35988E+01   0.49231E+03   0.26922E+01
   0.39900E+04   0.36010E+01   0.94665E+03   0.29762E+01
   0.40100E+04   0.36031E+01   0.10341E+04   0.30146E+01
   0.40300E+04   0.36053E+01   0.10369E+04   0.30158E+01
   0.40500E+04   0.36075E+01   0.10050E+04   0.30022E+01
   0.40700E+04   0.36096E+01   0.96851E+03   0.29861E+01
   0.40900E+04   0.36117E+01   0.10359E+04   0.30153E+01
   0.41100E+04   0.36138E+01   0.92947E+03   0.29682E+01
   0.41300E+04   0.36160E+01   0.10222E+04   0.30095E+01
   0.41500E+04   0.36180E+01   0.10324E+04   0.30138E+01
   0.41700E+04   0.36201E+01   0.10317E+04   0.30135E+01
   0.41900E+04   0.36222E+01   0.10255E+04   0.30109E+01
   0.42100E+04   0.36243E+01   0.10369E+04   0.30157E+01
   0.42300E+04   0.36263E+01   0.10045E+04   0.30019E+01
   0.42500E+04   0.36284E+01   0.10465E+04   0.30197E+01
   0.42700E+04   0.36304E+01   0.10027E+04   0.30012E+01
   0.42900E+04   0.36325E+01   0.96684E+03   0.29854E+01
   0.43100E+04   0.36345E+01   0.87026E+03   0.29397E+01
   0.43300E+04   0.36365E+01   0.10253E+04   0.30108E+01
   0.43500E+04   0.36385E+01   0.97365E+03   0.29884E+01
   0.43700E+04   0.36405E+01   0.11437E+04   0.30583E+01
   0.43900E+04   0.36425E+01   0.10657E+04   0.30276E+01
   0.44100E+04   0.36444E+01   0.10936E+04   0.30389E+01
   0.44300E+04   0.36464E+01   0.11356E+04   0.30552E+01
   0.44500E+04   0.36484E+01   0.11442E+04   0.30585E+01
   0.44700E+04   0.36503E+01   0.11960E+04   0.30777E+01
   0.44900E+04   0.36522E+01   0.12107E+04   0.30830E+01
   0.45100E+04   0.36542E+01   0.13399E+04   0.31271E+01
   0.45300E+04   0.36561E+01   0.12032E+04   0.30803E+01
   0.45500E+04   0.36580E+01   0.12365E+04   0.30922E+01
   0.45700E+04   0.36599E+01   0.13234E+04   0.31217E+01
   0.45900E+04   0.36618E+01   0.12550E+04   0.30987E+01
   0.46100E+04   0.36637E+01   0.12883E+04   0.31100E+01
   0.46300E+04   0.36656E+01   0.12523E+04   0.30977E+01
   0.46500E+04   0.36675E+01   0.12715E+04   0.31043E+01
   0.46700E+04   0.36693E+01   0.13124E+04   0.31181E+01
   0.46900E+04   0.36712E+01   0.12801E+04   0.31072E+01
   0.47100E+04   0.36730E+01   0.12437E+04   0.30947E+01
   0.47300E+04   0.36749E+01   0.12939E+04   0.31119E+01
   0.47500E+04   0.36767E+01   0.13210E+04   0.31209E+01
   0.47700E+04   0.36785E+01   0.13079E+04   0.31166E+01
   0.47900E+04   0.36803E+01   0.13056E+04   0.31158E+01
   0.48100E+04   0.36821E+01   0.12980E+04   0.31133E+01
   0.48300E+04   0.36839E+01   0.13224E+04   0.31214E+01
   0.48500E+04   0.36857E+01   0.12161E+04   0.30850E+01
   0.48700E+04   0.36875E+01   0.10825E+04   0.30344E+01
   0.48900E+04   0.36893E+01   0.12706E+04   0.31040E+01
   0.49100E+04   0.36911E+01   0.12795E+04   0.31071E+01
   0.49300E+04   0.36928E+01   0.12580E+04   0.30997E+01
   0.49500E+04   0.36946E+01   0.13108E+04   0.31175E+01
   0.49700E+04   0.36964E+01   0.12855E+04   0.31091E+01
   0.49900E+04   0.36981E+01   0.12030E+04   0.30803E+01
   0.50100E+04   0.36998E+01   0.11467E+04   0.30594E+01
   0.50300E+04   0.37016E+01   0.12118E+04   0.30834E+01
   0.50500E+04   0.37033E+01   0.12076E+04   0.30819E+01
   0.50700E+04   0.37050E+01   0.12544E+04   0.30984E+01
   0.50900E+04   0.37067E+01   0.11929E+04   0.30766E+01
   0.51100E+04   0.37084E+01   0.12169E+04   0.30853E+01
   0.51300E+04   0.37101E+01   0.11776E+04   0.30710E+01
   0.51500E+04   0.37118E+01   0.11426E+04   0.30579E+01
   0.51700E+04   0.37135E+01   0.10721E+04   0.30302E+01
   0.51900E+04   0.37152E+01   0.10996E+04   0.30412E+01
   0.52100E+04   0.37168E+01   0.11570E+04   0.30633E+01
   0.52300E+04   0.37185E+01   0.12225E+04   0.30873E+01
   0.52500E+04   0.37202E+01   0.12630E+04   0.31014E+01
   0.52700E+04   0.37218E+01   0.11316E+04   0.30537E+01
   0.52900E+04   0.37235E+01   0.12728E+04   0.31047E+01
   0.53100E+04   0.37251E+01   0.13335E+04   0.31250E+01
   0.53300E+04   0.37267E+01   0.11962E+04   0.30778E+01
   0.53500E+04   0.37284E+01   0.12970E+04   0.31130E+01
   0.53700E+04   0.37300E+01   0.12883E+04   0.31100E+01
   0.53900E+04   0.37316E+01   0.12578E+04   0.30996E+01
   0.54100E+04   0.37332E+01   0.12381E+04   0.30928E+01
   0.54300E+04   0.37348E+01   0.12570E+04   0.30993E+01
   0.54500E+04   0.37364E+01   0.12904E+04   0.31107E+01
   0.54700E+04   0.37380E+01   0.12561E+04   0.30990E+01
   0.54900E+04   0.37396E+01   0.12666E+04   0.31026E+01
   0.55100E+04   0.37412E+01   0.12503E+04   0.30970E+01
   0.55300E+04   0.37427E+01   0.12808E+04   0.31075E+01
   0.55500E+04   0.37443E+01   0.12976E+04   0.31132E+01
   0.55700E+04   0.37459E+01   0.12714E+04   0.31043E+01
   0.55900E+04   0.37474E+01   0.12449E+04   0.30951E+01
   0.56100E+04   0.37490E+01   0.12825E+04   0.31081E+01
   0.56300E+04   0.37505E+01   0.12705E+04   0.31040E+01
   0.56500E+04   0.37520E+01   0.12823E+04   0.31080E+01
   0.56700E+04   0.37536E+01   0.12523E+04   0.30977E+01
   0.56900E+04   0.37551E+01   0.12866E+04   0.31094E+01
   0.57100E+04   0.37566E+01   0.12476E+04   0.30961E+01
   0.57300E+04   0.37582E+01   0.13370E+04   0.31261E+01
   0.57500E+04   0.37597E+01   0.12897E+04   0.31105E+01
   0.57700E+04   0.37612E+01   0.13049E+04   0.31156E+01
   0.57900E+04   0.37627E+01   0.12577E+04   0.30996E+01
   0.58100E+04   0.37642E+01   0.13028E+04   0.31149E+01
   0.58300E+04   0.37657E+01   0.13321E+04   0.31245E+01
   0.58500E+04   0.37672E+01   0.12902E+04   0.31107E+01
   0.58700E+04   0.37686E+01   0.12911E+04   0.31109E+01
   0.58900E+04   0.37701E+01   0.11933E+04   0.30767E+01
   0.59100E+04   0.37716E+01   0.12714E+04   0.31043E+01
   0.59300E+04   0.37731E+01   0.12739E+04   0.31051E+01
   0.59500E+04   0.37745E+01   0.12733E+04   0.31049E+01
   0.59700E+04   0.37760E+01   0.12919E+04   0.31112E+01
   0.59900E+04   0.37774E+01   0.12696E+04   0.31037E+01
   0.60100E+04   0.37789E+01   0.12514E+04   0.30974E+01
   0.60300E+04   0.37803E+01   0.12790E+04   0.31069E+01
   0.60500E+04   0.37818E+01   0.12982E+04   0.31134E+01
   0.60700E+04   0.37832E+01   0.12928E+04   0.31115E+01
   0.60900E+04   0.37846E+01   0.12491E+04   0.30966E+01
   0.61100E+04   0.37860E+01   0.12526E+04   0.30978E+01
   0.61300E+04   0.37875E+01   0.11926E+04   0.30765E+01
   0.61500E+04   0.37889E+01   0.12178E+04   0.30856E+01
   0.61700E+04   0.37903E+01   0.11676E+04   0.30673E+01
   0.61900E+04   0.37917E+01   0.12256E+04   0.30883E+01
   0.62100E+04   0.37931E+01   0.12136E+04   0.30841E+01
   0.62300E+04   0.37945E+01   0.11786E+04   0.30714E+01
   0.62500E+04   0.37959E+01   0.11403E+04   0.30570E+01
   0.62700E+04   0.37973E+01   0.11924E+04   0.30764E+01
   0.62900E+04   0.37987E+01   0.12119E+04   0.30835E+01
   0.63100E+04   0.38000E+01   0.11822E+04   0.30727E+01
   0.63300E+04   0.38014E+01   0.11984E+04   0.30786E+01
   0.63500E+04   0.38028E+01   0.12002E+04   0.30793E+01
   0.63700E+04   0.38041E+01   0.11942E+04   0.30771E+01
   0.63900E+04   0.38055E+01   0.12134E+04   0.30840E+01
   0.64100E+04   0.38069E+01   0.11888E+04   0.30751E+01
   0.64300E+04   0.38082E+01   0.11980E+04   0.30784E+01
   0.64500E+04   0.38096E+01   0.11922E+04   0.30763E+01
   0.64700E+04   0.38109E+01   0.11891E+04   0.30752E+01
   0.64900E+04   0.38122E+01   0.11625E+04   0.30654E+01
   0.65100E+04   0.38136E+01   0.11962E+04   0.30778E+01
   0.65300E+04   0.38149E+01   0.11920E+04   0.30763E+01
   0.65500E+04   0.38162E+01   0.11456E+04   0.30590E+01
   0.65700E+04   0.38176E+01   0.10563E+04   0.30238E+01
   0.65900E+04   0.38189E+01   0.11648E+04   0.30662E+01
   0.66100E+04   0.38202E+01   0.11817E+04   0.30725E+01
   0.66300E+04   0.38215E+01   0.11716E+04   0.30688E+01
   0.66500E+04   0.38228E+01   0.11663E+04   0.30668E+01
   0.66700E+04   0.38241E+01   0.11404E+04   0.30571E+01
   0.66900E+04   0.38254E+01   0.11563E+04   0.30631E+01
   0.67100E+04   0.38267E+01   0.11130E+04   0.30465E+01
   0.67300E+04   0.38280E+01   0.11378E+04   0.30560E+01
   0.67500E+04   0.38293E+01   0.11173E+04   0.30482E+01
   0.67700E+04   0.38306E+01   0.11228E+04   0.30503E+01
   0.67900E+04   0.38319E+01   0.11108E+04   0.30456E+01
   0.68100E+04   0.38331E+01   0.11139E+04   0.30469E+01
   0.68300E+04   0.38344E+01   0.11253E+04   0.30513E+01
   0.68500E+04   0.38357E+01   0.10982E+04   0.30407E+01
   0.68700E+04   0.38370E+01   0.11145E+04   0.30471E+01
   0.68900E+04   0.38382E+01   0.11306E+04   0.30533E+01
   0.69100E+04   0.38395E+01   0.11281E+04   0.30524E+01
   0.69300E+04   0.38407E+01   0.11197E+04   0.30491E+01
   0.69500E+04   0.38420E+01   0.11158E+04   0.30476E+01
   0.69700E+04   0.38432E+01   0.11282E+04   0.30524E+01
   0.69900E+04   0.38445E+01   0.11238E+04   0.30507E+01
   0.70100E+04   0.38457E+01   0.11041E+04   0.30430E+01
   0.70300E+04   0.38470E+01   0.11194E+04   0.30490E+01
   0.70500E+04   0.38482E+01   0.11157E+04   0.30475E+01
   0.70700E+04   0.38494E+01   0.10796E+04   0.30333E+01
   0.70900E+04   0.38506E+01   0.10476E+04   0.30202E+01
   0.71100E+04   0.38519E+01   0.10195E+04   0.30084E+01
   0.71300E+04   0.38531E+01   0.99905E+03   0.29996E+01
   0.71500E+04   0.38543E+01   0.99799E+03   0.29991E+01
   0.71700E+04   0.38555E+01   0.10075E+04   0.30033E+01
   0.71900E+04   0.38567E+01   0.98536E+03   0.29936E+01
   0.72100E+04   0.38579E+01   0.10095E+04   0.30041E+01
   0.72300E+04   0.38591E+01   0.10289E+04   0.30124E+01
   0.72500E+04   0.38603E+01   0.10352E+04   0.30150E+01
   0.72700E+04   0.38615E+01   0.10399E+04   0.30170E+01
   0.72900E+04   0.38627E+01   0.10268E+04   0.30115E+01
   0.73100E+04   0.38639E+01   0.10545E+04   0.30230E+01
   0.73300E+04   0.38651E+01   0.10549E+04   0.30232E+01
   0.73500E+04   0.38663E+01   0.10660E+04   0.30277E+01
   0.73700E+04   0.38675E+01   0.10892E+04   0.30371E+01
   0.73900E+04   0.38686E+01   0.10663E+04   0.30279E+01
   0.74100E+04   0.38698E+01   0.10629E+04   0.30265E+01
   0.74300E+04   0.38710E+01   0.10830E+04   0.30346E+01
   0.74500E+04   0.38722E+01   0.10834E+04   0.30348E+01
   0.74700E+04   0.38733E+01   0.10944E+04   0.30392E+01
   0.74900E+04   0.38745E+01   0.10873E+04   0.30364E+01
   0.75100E+04   0.38756E+01   0.10954E+04   0.30396E+01
   0.75300E+04   0.38768E+01   0.11052E+04   0.30434E+01
   0.75500E+04   0.38779E+01   0.11096E+04   0.30452E+01
   0.75700E+04   0.38791E+01   0.11019E+04   0.30421E+01
   0.75900E+04   0.38802E+01   0.10814E+04   0.30340E+01
   0.76100E+04   0.38814E+01   0.10638E+04   0.30269E+01
   0.76300E+04   0.38825E+01   0.10473E+04   0.30201E+01
   0.76500E+04   0.38837E+01   0.10282E+04   0.30121E+01
   0.76700E+04   0.38848E+01   0.98515E+03   0.29935E+01
   0.76900E+04   0.38859E+01   0.10063E+04   0.30027E+01
   0.77100E+04   0.38871E+01   0.98720E+03   0.29944E+01
   0.77300E+04   0.38882E+01   0.98786E+03   0.29947E+01
   0.77500E+04   0.38893E+01   0.97893E+03   0.29908E+01
   0.77700E+04   0.38904E+01   0.99096E+03   0.29961E+01
   0.77900E+04   0.38915E+01   0.99589E+03   0.29982E+01
   0.78100E+04   0.38927E+01   0.99420E+03   0.29975E+01
   0.78300E+04   0.38938E+01   0.98710E+03   0.29944E+01
   0.78500E+04   0.38949E+01   0.97555E+03   0.29892E+01
   0.78700E+04   0.38960E+01   0.98942E+03   0.29954E+01
   0.78900E+04   0.38971E+01   0.97463E+03   0.29888E+01
   0.79100E+04   0.38982E+01   0.95215E+03   0.29787E+01
   0.79300E+04   0.38993E+01   0.95441E+03   0.29797E+01
   0.79500E+04   0.39004E+01   0.94711E+03   0.29764E+01
   0.79700E+04   0.39015E+01   0.97505E+03   0.29890E+01
   0.79900E+04   0.39025E+01   0.97418E+03   0.29886E+01
   0.80100E+04   0.39036E+01   0.98011E+03   0.29913E+01
   0.80300E+04   0.39047E+01   0.98141E+03   0.29919E+01
   0.80500E+04   0.39058E+01   0.97671E+03   0.29898E+01
   0.80700E+04   0.39069E+01   0.98355E+03   0.29928E+01
   0.80900E+04   0.39079E+01   0.96831E+03   0.29860E+01
   0.81100E+04   0.39090E+01   0.97290E+03   0.29881E+01
   0.81300E+04   0.39101E+01   0.98987E+03   0.29956E+01
   0.81500E+04   0.39112E+01   0.99202E+03   0.29965E+01
   0.81700E+04   0.39122E+01   0.99461E+03   0.29977E+01
   0.81900E+04   0.39133E+01   0.97237E+03   0.29878E+01
   0.82100E+04   0.39143E+01   0.96093E+03   0.29827E+01
   0.82300E+04   0.39154E+01   0.96719E+03   0.29855E+01
   0.82500E+04   0.39165E+01   0.96696E+03   0.29854E+01
   0.82700E+04   0.39175E+01   0.97672E+03   0.29898E+01
   0.82900E+04   0.39186E+01   0.96727E+03   0.29855E+01
   0.83100E+04   0.39196E+01   0.93631E+03   0.29714E+01
   0.83300E+04   0.39206E+01   0.93282E+03   0.29698E+01
   0.83500E+04   0.39217E+01   0.93169E+03   0.29693E+01
   0.83700E+04   0.39227E+01   0.93754E+03   0.29720E+01
   0.83900E+04   0.39238E+01   0.91039E+03   0.29592E+01
   0.84100E+04   0.39248E+01   0.93662E+03   0.29716E+01
   0.84300E+04   0.39258E+01   0.90696E+03   0.29576E+01
   0.84500E+04   0.39269E+01   0.89226E+03   0.29505E+01
   0.84700E+04   0.39279E+01   0.88945E+03   0.29491E+01
   0.84900E+04   0.39289E+01   0.90177E+03   0.29551E+01
   0.85100E+04   0.39299E+01   0.85841E+03   0.29337E+01
   0.85300E+04   0.39309E+01   0.90044E+03   0.29545E+01
   0.85500E+04   0.39320E+01   0.84926E+03   0.29290E+01
   0.85700E+04   0.39330E+01   0.91466E+03   0.29613E+01
   0.85900E+04   0.39340E+01   0.89618E+03   0.29524E+01
   0.86100E+04   0.39350E+01   0.90084E+03   0.29546E+01
   0.86300E+04   0.39360E+01   0.92111E+03   0.29643E+01
   0.86500E+04   0.39370E+01   0.92404E+03   0.29657E+01
   0.86700E+04   0.39380E+01   0.84945E+03   0.29291E+01
   0.86900E+04   0.39390E+01   0.89558E+03   0.29521E+01
   0.87100E+04   0.39400E+01   0.92015E+03   0.29639E+01
   0.87300E+04   0.39410E+01   0.92156E+03   0.29645E+01
   0.87500E+04   0.39420E+01   0.89818E+03   0.29534E+01
   0.87700E+04   0.39430E+01   0.92102E+03   0.29643E+01
   0.87900E+04   0.39440E+01   0.92630E+03   0.29668E+01
   0.88100E+04   0.39450E+01   0.90675E+03   0.29575E+01
   0.88300E+04   0.39460E+01   0.91657E+03   0.29622E+01
   0.88500E+04   0.39469E+01   0.91118E+03   0.29596E+01
   0.88700E+04   0.39479E+01   0.87441E+03   0.29417E+01
   0.88900E+04   0.39489E+01   0.90237E+03   0.29554E+01
   0.89100E+04   0.39499E+01   0.91218E+03   0.29601E+01
   0.89300E+04   0.39509E+01   0.89277E+03   0.29507E+01
   0.89500E+04   0.39518E+01   0.89401E+03   0.29513E+01
   0.89700E+04   0.39528E+01   0.89553E+03   0.29521E+01
   0.89900E+04   0.39538E+01   0.89465E+03   0.29517E+01
   0.90100E+04   0.39547E+01   0.85244E+03   0.29307E+01
   0.90300E+04   0.39557E+01   0.88595E+03   0.29474E+01
   0.90500E+04   0.39566E+01   0.91355E+03   0.29607E+01
   0.90700E+04   0.39576E+01   0.90512E+03   0.29567E+01
   0.90900E+04   0.39586E+01   0.87940E+03   0.29442E+01
   0.91100E+04   0.39595E+01   0.88847E+03   0.29486E+01
   0.91300E+04   0.39605E+01   0.90415E+03   0.29562E+01
   0.91500E+04   0.39614E+01   0.89715E+03   0.29529E+01
   0.91700E+04   0.39624E+01   0.89347E+03   0.29511E+01
   0.91900E+04   0.39633E+01   0.89970E+03   0.29541E+01
   0.92100E+04   0.39643E+01   0.86935E+03   0.29392E+01
   0.92300E+04   0.39652E+01   0.84974E+03   0.29293E+01
   0.92500E+04   0.39661E+01   0.85763E+03   0.29333E+01
   0.92700E+04   0.39671E+01   0.86676E+03   0.29379E+01
   0.92900E+04   0.39680E+01   0.86172E+03   0.29354E+01
   0.93100E+04   0.39689E+01   0.86861E+03   0.29388E+01
   0.93300E+04   0.39699E+01   0.86505E+03   0.29370E+01
   0.93500E+04   0.39708E+01   0.86282E+03   0.29359E+01
   0.93700E+04   0.39717E+01   0.84804E+03   0.29284E+01
   0.93900E+04   0.39727E+01   0.85885E+03   0.29339E+01
   0.94100E+04   0.39736E+01   0.83545E+03   0.29219E+01
   0.94300E+04   0.39745E+01   0.85695E+03   0.29330E+01
   0.94500E+04   0.39754E+01   0.84073E+03   0.29247E+01
   0.94700E+04   0.39764E+01   0.85634E+03   0.29326E+01
   0.94900E+04   0.39773E+01   0.85715E+03   0.29331E+01
   0.95100E+04   0.39782E+01   0.84571E+03   0.29272E+01
   0.95300E+04   0.39791E+01   0.84374E+03   0.29262E+01
   0.95500E+04   0.39800E+01   0.81140E+03   0.29092E+01
   0.95700E+04   0.39809E+01   0.83132E+03   0.29198E+01
   0.95900E+04   0.39818E+01   0.84789E+03   0.29283E+01
   0.96100E+04   0.39827E+01   0.83562E+03   0.29220E+01
   0.96300E+04   0.39836E+01   0.83600E+03   0.29222E+01
   0.96500E+04   0.39845E+01   0.82337E+03   0.29156E+01
   0.96700E+04   0.39854E+01   0.82147E+03   0.29146E+01
   0.96900E+04   0.39863E+01   0.83268E+03   0.29205E+01
   0.97100E+04   0.39872E+01   0.82556E+03   0.29168E+01
   0.97300E+04   0.39881E+01   0.81966E+03   0.29136E+01
   0.97500E+04   0.39890E+01   0.81503E+03   0.29112E+01
   0.97700E+04   0.39899E+01   0.81687E+03   0.29122E+01
   0.97900E+04   0.39908E+01   0.80546E+03   0.29060E+01
   0.98100E+04   0.39917E+01   0.82258E+03   0.29152E+01
   0.98300E+04   0.39926E+01   0.81500E+03   0.29112E+01
   0.98500E+04   0.39934E+01   0.81951E+03   0.29136E+01
   0.98700E+04   0.39943E+01   0.81258E+03   0.29099E+01
   0.98900E+04   0.39952E+01   0.81094E+03   0.29090E+01
   0.99100E+04   0.39961E+01   0.80825E+03   0.29075E+01
   0.99300E+04   0.39969E+01   0.80973E+03   0.29083E+01
   0.99500E+04   0.39978E+01   0.80893E+03   0.29079E+01
   0.99700E+04   0.39987E+01   0.80868E+03   0.29078E+01
   0.99900E+04   0.39996E+01   0.80451E+03   0.29055E+01
   0.10030E+05   0.40013E+01   0.79386E+03   0.28997E+01
   0.10080E+05   0.40035E+01   0.78083E+03   0.28926E+01
   0.10130E+05   0.40056E+01   0.78932E+03   0.28973E+01
   0.10180E+05   0.40077E+01   0.77937E+03   0.28917E+01
   0.10230E+05   0.40099E+01   0.77887E+03   0.28915E+01
   0.10280E+05   0.40120E+01   0.77790E+03   0.28909E+01
   0.10330E+05   0.40141E+01   0.76484E+03   0.28836E+01
   0.10380E+05   0.40162E+01   0.75882E+03   0.28801E+01
   0.10430E+05   0.40183E+01   0.75975E+03   0.28807E+01
   0.10480E+05   0.40204E+01   0.75112E+03   0.28757E+01
   0.10530E+05   0.40224E+01   0.74975E+03   0.28749E+01
   0.10580E+05   0.40245E+01   0.74019E+03   0.28693E+01
   0.10630E+05   0.40265E+01   0.73590E+03   0.28668E+01
   0.10680E+05   0.40286E+01   0.72230E+03   0.28587E+01
   0.10730E+05   0.40306E+01   0.72267E+03   0.28589E+01
   0.10780E+05   0.40326E+01   0.71582E+03   0.28548E+01
   0.10830E+05   0.40346E+01   0.70481E+03   0.28481E+01
   0.10880E+05   0.40366E+01   0.70066E+03   0.28455E+01
   0.10930E+05   0.40386E+01   0.69210E+03   0.28402E+01
   0.10980E+05   0.40406E+01   0.68662E+03   0.28367E+01
   0.11030E+05   0.40426E+01   0.68831E+03   0.28378E+01
   0.11080E+05   0.40445E+01   0.68418E+03   0.28352E+01
   0.11130E+05   0.40465E+01   0.67989E+03   0.28324E+01
   0.11180E+05   0.40484E+01   0.67349E+03   0.28283E+01
   0.11230E+05   0.40504E+01   0.67249E+03   0.28277E+01
   0.11280E+05   0.40523E+01   0.66292E+03   0.28215E+01
   0.11330E+05   0.40542E+01   0.66073E+03   0.28200E+01
   0.11380E+05   0.40561E+01   0.65660E+03   0.28173E+01
   0.11430E+05   0.40580E+01   0.64978E+03   0.28128E+01
   0.11480E+05   0.40599E+01   0.65572E+03   0.28167E+01
   0.11530E+05   0.40618E+01   0.65341E+03   0.28152E+01
   0.11580E+05   0.40637E+01   0.64528E+03   0.28097E+01
   0.11630E+05   0.40656E+01   0.63660E+03   0.28039E+01
   0.11680E+05   0.40674E+01   0.63535E+03   0.28030E+01
   0.11730E+05   0.40693E+01   0.63920E+03   0.28056E+01
   0.11780E+05   0.40711E+01   0.62785E+03   0.27979E+01
   0.11830E+05   0.40730E+01   0.62376E+03   0.27950E+01
   0.11880E+05   0.40748E+01   0.61535E+03   0.27891E+01
   0.11930E+05   0.40766E+01   0.62424E+03   0.27954E+01
   0.11980E+05   0.40785E+01   0.60463E+03   0.27815E+01
   0.12030E+05   0.40803E+01   0.61354E+03   0.27878E+01
   0.12080E+05   0.40821E+01   0.60688E+03   0.27831E+01
   0.12130E+05   0.40839E+01   0.60664E+03   0.27829E+01
   0.12180E+05   0.40856E+01   0.60723E+03   0.27834E+01
   0.12230E+05   0.40874E+01   0.60262E+03   0.27800E+01
   0.12280E+05   0.40892E+01   0.59813E+03   0.27768E+01
   0.12330E+05   0.40910E+01   0.59401E+03   0.27738E+01
   0.12380E+05   0.40927E+01   0.59199E+03   0.27723E+01
   0.12430E+05   0.40945E+01   0.58654E+03   0.27683E+01
   0.12480E+05   0.40962E+01   0.58552E+03   0.27675E+01
   0.12530E+05   0.40980E+01   0.57935E+03   0.27629E+01
   0.12580E+05   0.40997E+01   0.57733E+03   0.27614E+01
   0.12630E+05   0.41014E+01   0.57451E+03   0.27593E+01
   0.12680E+05   0.41031E+01   0.56895E+03   0.27551E+01
   0.12730E+05   0.41048E+01   0.56852E+03   0.27547E+01
   0.12780E+05   0.41065E+01   0.56741E+03   0.27539E+01
   0.12830E+05   0.41082E+01   0.54366E+03   0.27353E+01
   0.12880E+05   0.41099E+01   0.55634E+03   0.27453E+01
   0.12930E+05   0.41116E+01   0.55082E+03   0.27410E+01
   0.12980E+05   0.41133E+01   0.55524E+03   0.27445E+01
   0.13030E+05   0.41149E+01   0.54787E+03   0.27387E+01
   0.13080E+05   0.41166E+01   0.54979E+03   0.27402E+01
   0.13130E+05   0.41183E+01   0.54040E+03   0.27327E+01
   0.13180E+05   0.41199E+01   0.53851E+03   0.27312E+01
   0.13230E+05   0.41216E+01   0.53905E+03   0.27316E+01
   0.13280E+05   0.41232E+01   0.53061E+03   0.27248E+01
   0.13330E+05   0.41248E+01   0.53328E+03   0.27270E+01
   0.13380E+05   0.41265E+01   0.52814E+03   0.27227E+01
   0.13430E+05   0.41281E+01   0.53014E+03   0.27244E+01
   0.13480E+05   0.41297E+01   0.52623E+03   0.27212E+01
   0.13530E+05   0.41313E+01   0.52400E+03   0.27193E+01
   0.13580E+05   0.41329E+01   0.51614E+03   0.27128E+01
   0.13630E+05   0.41345E+01   0.51424E+03   0.27112E+01
   0.13680E+05   0.41361E+01   0.51522E+03   0.27120E+01
   0.13730E+05   0.41377E+01   0.51536E+03   0.27121E+01
   0.13780E+05   0.41392E+01   0.51282E+03   0.27100E+01
   0.13830E+05   0.41408E+01   0.51231E+03   0.27095E+01
   0.13880E+05   0.41424E+01   0.50728E+03   0.27053E+01
   0.13930E+05   0.41440E+01   0.49588E+03   0.26954E+01
   0.13980E+05   0.41455E+01   0.49618E+03   0.26956E+01
   0.14030E+05   0.41471E+01   0.48914E+03   0.26894E+01
   0.14080E+05   0.41486E+01   0.49180E+03   0.26918E+01
   0.14130E+05   0.41501E+01   0.48541E+03   0.26861E+01
   0.14180E+05   0.41517E+01   0.48826E+03   0.26887E+01
   0.14230E+05   0.41532E+01   0.48143E+03   0.26825E+01
   0.14280E+05   0.41547E+01   0.47445E+03   0.26762E+01
   0.14330E+05   0.41562E+01   0.48242E+03   0.26834E+01
   0.14380E+05   0.41578E+01   0.48350E+03   0.26844E+01
   0.14430E+05   0.41593E+01   0.47083E+03   0.26729E+01
   0.14480E+05   0.41608E+01   0.47949E+03   0.26808E+01
   0.14530E+05   0.41623E+01   0.47341E+03   0.26752E+01
   0.14570E+05   0.41635E+01   0.47580E+03   0.26774E+01
   0.14620E+05   0.41649E+01   0.46896E+03   0.26711E+01
   0.14680E+05   0.41667E+01   0.46957E+03   0.26717E+01
   0.14730E+05   0.41682E+01   0.46273E+03   0.26653E+01
   0.14780E+05   0.41697E+01   0.46452E+03   0.26670E+01
   0.14830E+05   0.41711E+01   0.46453E+03   0.26670E+01
   0.14880E+05   0.41726E+01   0.45950E+03   0.26623E+01
   0.14930E+05   0.41741E+01   0.46854E+03   0.26707E+01
   0.14980E+05   0.41755E+01   0.46304E+03   0.26656E+01
   0.15030E+05   0.41770E+01   0.45782E+03   0.26607E+01
   0.15080E+05   0.41784E+01   0.45567E+03   0.26587E+01
   0.15130E+05   0.41798E+01   0.46209E+03   0.26647E+01
   0.15180E+05   0.41813E+01   0.46250E+03   0.26651E+01
   0.15230E+05   0.41827E+01   0.46040E+03   0.26631E+01
   0.15280E+05   0.41841E+01   0.46277E+03   0.26654E+01
   0.15330E+05   0.41855E+01   0.45945E+03   0.26622E+01
   0.15380E+05   0.41870E+01   0.45777E+03   0.26606E+01
   0.15430E+05   0.41884E+01   0.45834E+03   0.26612E+01
   0.15480E+05   0.41898E+01   0.45837E+03   0.26612E+01
   0.15530E+05   0.41912E+01   0.45325E+03   0.26563E+01
   0.15580E+05   0.41926E+01   0.44256E+03   0.26460E+01
   0.15630E+05   0.41940E+01   0.45021E+03   0.26534E+01
   0.15680E+05   0.41953E+01   0.44224E+03   0.26457E+01
   0.15730E+05   0.41967E+01   0.44870E+03   0.26520E+01
   0.15780E+05   0.41981E+01   0.42191E+03   0.26252E+01
   0.15830E+05   0.41995E+01   0.43206E+03   0.26355E+01
   0.15880E+05   0.42009E+01   0.42288E+03   0.26262E+01
   0.15930E+05   0.42022E+01   0.43378E+03   0.26373E+01
   0.15980E+05   0.42036E+01   0.44383E+03   0.26472E+01
   0.16050E+05   0.42055E+01   0.42853E+03   0.26320E+01
   0.16150E+05   0.42082E+01   0.43108E+03   0.26346E+01
   0.16250E+05   0.42109E+01   0.42300E+03   0.26263E+01
   0.16350E+05   0.42135E+01   0.42701E+03   0.26304E+01
   0.16450E+05   0.42162E+01   0.41201E+03   0.26149E+01
   0.16550E+05   0.42188E+01   0.41585E+03   0.26189E+01
   0.16650E+05   0.42214E+01   0.40598E+03   0.26085E+01
   0.16750E+05   0.42240E+01   0.40160E+03   0.26038E+01
   0.16850E+05   0.42266E+01   0.39549E+03   0.25971E+01
   0.16950E+05   0.42292E+01   0.39319E+03   0.25946E+01
   0.17050E+05   0.42317E+01   0.38357E+03   0.25838E+01
   0.17150E+05   0.42343E+01   0.37853E+03   0.25781E+01
   0.17250E+05   0.42368E+01   0.36860E+03   0.25665E+01
   0.17350E+05   0.42393E+01   0.35777E+03   0.25536E+01
   0.17450E+05   0.42418E+01   0.35565E+03   0.25510E+01
   0.17550E+05   0.42443E+01   0.35111E+03   0.25454E+01
   0.17650E+05   0.42467E+01   0.34467E+03   0.25374E+01
   0.17750E+05   0.42492E+01   0.33732E+03   0.25280E+01
   0.17850E+05   0.42516E+01   0.33403E+03   0.25238E+01
   0.17950E+05   0.42541E+01   0.32696E+03   0.25145E+01
   0.18050E+05   0.42565E+01   0.31978E+03   0.25049E+01
   0.18150E+05   0.42589E+01   0.31257E+03   0.24949E+01
   0.18250E+05   0.42613E+01   0.30815E+03   0.24888E+01
   0.18350E+05   0.42636E+01   0.30304E+03   0.24815E+01
   0.18450E+05   0.42660E+01   0.29628E+03   0.24717E+01
   0.18550E+05   0.42683E+01   0.29341E+03   0.24675E+01
   0.18650E+05   0.42707E+01   0.28537E+03   0.24554E+01
   0.18750E+05   0.42730E+01   0.27782E+03   0.24438E+01
   0.18850E+05   0.42753E+01   0.27706E+03   0.24426E+01
   0.18950E+05   0.42776E+01   0.26616E+03   0.24251E+01
   0.19050E+05   0.42799E+01   0.26827E+03   0.24286E+01
   0.19150E+05   0.42822E+01   0.26232E+03   0.24188E+01
   0.19250E+05   0.42844E+01   0.25796E+03   0.24116E+01
   0.19350E+05   0.42867E+01   0.25044E+03   0.23987E+01
   0.19450E+05   0.42889E+01   0.24308E+03   0.23858E+01
   0.19550E+05   0.42911E+01   0.24325E+03   0.23860E+01
   0.19650E+05   0.42934E+01   0.23846E+03   0.23774E+01
   0.19750E+05   0.42956E+01   0.23290E+03   0.23672E+01
   0.19850E+05   0.42978E+01   0.22971E+03   0.23612E+01
   0.19950E+05   0.42999E+01   0.22625E+03   0.23546E+01
   0.20050E+05   0.43021E+01   0.22436E+03   0.23509E+01
   0.20150E+05   0.43043E+01   0.22101E+03   0.23444E+01
   0.20250E+05   0.43064E+01   0.21475E+03   0.23319E+01
   0.20350E+05   0.43086E+01   0.21115E+03   0.23246E+01
   0.20450E+05   0.43107E+01   0.21013E+03   0.23225E+01
   0.20550E+05   0.43128E+01   0.20593E+03   0.23137E+01
   0.20650E+05   0.43149E+01   0.20181E+03   0.23049E+01
   0.20750E+05   0.43170E+01   0.19903E+03   0.22989E+01
   0.20850E+05   0.43191E+01   0.19544E+03   0.22910E+01
   0.20950E+05   0.43212E+01   0.19130E+03   0.22817E+01
   0.21050E+05   0.43233E+01   0.18997E+03   0.22787E+01
   0.21150E+05   0.43253E+01   0.18619E+03   0.22700E+01
   0.21250E+05   0.43274E+01   0.18298E+03   0.22624E+01
   0.21350E+05   0.43294E+01   0.18125E+03   0.22583E+01
   0.21450E+05   0.43314E+01   0.17810E+03   0.22507E+01
   0.21550E+05   0.43334E+01   0.17498E+03   0.22430E+01
   0.21650E+05   0.43355E+01   0.17036E+03   0.22314E+01
   0.21750E+05   0.43375E+01   0.16846E+03   0.22265E+01
   0.21850E+05   0.43395E+01   0.16638E+03   0.22211E+01
   0.21950E+05   0.43414E+01   0.16422E+03   0.22154E+01
   0.22050E+05   0.43434E+01   0.15996E+03   0.22040E+01
   0.22150E+05   0.43454E+01   0.15946E+03   0.22027E+01
   0.22250E+05   0.43473E+01   0.15540E+03   0.21914E+01
   0.22350E+05   0.43493E+01   0.15337E+03   0.21857E+01
   0.22450E+05   0.43512E+01   0.15114E+03   0.21794E+01
   0.22550E+05   0.43531E+01   0.14919E+03   0.21737E+01
   0.22650E+05   0.43551E+01   0.14592E+03   0.21641E+01
   0.22750E+05   0.43570E+01   0.14503E+03   0.21615E+01
   0.22850E+05   0.43589E+01   0.14181E+03   0.21517E+01
   0.22950E+05   0.43608E+01   0.11850E+03   0.20737E+01
   0.23050E+05   0.43627E+01   0.12848E+03   0.21088E+01
   0.23150E+05   0.43646E+01   0.12740E+03   0.21052E+01
   0.23250E+05   0.43664E+01   0.10931E+03   0.20386E+01
   0.23350E+05   0.43683E+01   0.11807E+03   0.20721E+01
   0.23450E+05   0.43701E+01   0.11231E+03   0.20504E+01
   0.23550E+05   0.43720E+01   0.10106E+03   0.20046E+01
   0.23650E+05   0.43738E+01   0.10977E+03   0.20405E+01
   0.23750E+05   0.43757E+01   0.10479E+03   0.20203E+01
   0.23850E+05   0.43775E+01   0.95599E+02   0.19805E+01
   0.23950E+05   0.43793E+01   0.10252E+03   0.20108E+01
   0.24050E+05   0.43811E+01   0.10014E+03   0.20006E+01
   0.24150E+05   0.43829E+01   0.91541E+02   0.19616E+01
   0.24250E+05   0.43847E+01   0.97077E+02   0.19871E+01
   0.24350E+05   0.43865E+01   0.94495E+02   0.19754E+01
   0.24450E+05   0.43883E+01   0.92427E+02   0.19658E+01
   0.24550E+05   0.43901E+01   0.90671E+02   0.19575E+01
   0.24650E+05   0.43918E+01   0.92100E+02   0.19643E+01
   0.24750E+05   0.43936E+01   0.89449E+02   0.19516E+01
   0.24850E+05   0.43953E+01   0.81253E+02   0.19098E+01
   0.24950E+05   0.43971E+01   0.80871E+02   0.19078E+01
   0.25050E+05   0.43988E+01   0.82727E+02   0.19176E+01
   0.25150E+05   0.44005E+01   0.77486E+02   0.18892E+01
   0.25250E+05   0.44023E+01   0.80071E+02   0.19035E+01
   0.25350E+05   0.44040E+01   0.80285E+02   0.19046E+01
   0.25450E+05   0.44057E+01   0.79002E+02   0.18976E+01
   0.25550E+05   0.44074E+01   0.78431E+02   0.18945E+01
   0.25650E+05   0.44091E+01   0.78890E+02   0.18970E+01
   0.25750E+05   0.44108E+01   0.79481E+02   0.19003E+01
   0.25850E+05   0.44125E+01   0.76336E+02   0.18827E+01
   0.25950E+05   0.44141E+01   0.77007E+02   0.18865E+01
   0.26050E+05   0.44158E+01   0.77281E+02   0.18881E+01
   0.26150E+05   0.44175E+01   0.75623E+02   0.18787E+01
   0.26250E+05   0.44191E+01   0.74160E+02   0.18702E+01
   0.26350E+05   0.44208E+01   0.74704E+02   0.18733E+01
   0.26450E+05   0.44224E+01   0.74074E+02   0.18697E+01
   0.26550E+05   0.44241E+01   0.72915E+02   0.18628E+01
   0.26650E+05   0.44257E+01   0.71569E+02   0.18547E+01
   0.26750E+05   0.44273E+01   0.72491E+02   0.18603E+01
   0.26850E+05   0.44289E+01   0.71749E+02   0.18558E+01
   0.26950E+05   0.44306E+01   0.70089E+02   0.18456E+01
   0.27050E+05   0.44322E+01   0.70259E+02   0.18467E+01
   0.27150E+05   0.44338E+01   0.69544E+02   0.18423E+01
   0.27250E+05   0.44354E+01   0.69177E+02   0.18400E+01
   0.27350E+05   0.44370E+01   0.67667E+02   0.18304E+01
   0.27450E+05   0.44385E+01   0.67659E+02   0.18303E+01
   0.27550E+05   0.44401E+01   0.67089E+02   0.18267E+01
   0.27650E+05   0.44417E+01   0.66192E+02   0.18208E+01
   0.27750E+05   0.44433E+01   0.65164E+02   0.18140E+01
   0.27850E+05   0.44448E+01   0.65031E+02   0.18131E+01
   0.27950E+05   0.44464E+01   0.64775E+02   0.18114E+01
   0.28050E+05   0.44479E+01   0.64008E+02   0.18062E+01
   0.28150E+05   0.44495E+01   0.63005E+02   0.17994E+01
   0.28250E+05   0.44510E+01   0.62568E+02   0.17964E+01
   0.28350E+05   0.44526E+01   0.62219E+02   0.17939E+01
   0.28450E+05   0.44541E+01   0.61379E+02   0.17880E+01
   0.28550E+05   0.44556E+01   0.60684E+02   0.17831E+01
   0.28650E+05   0.44571E+01   0.60045E+02   0.17785E+01
   0.28750E+05   0.44586E+01   0.59269E+02   0.17728E+01
   0.28850E+05   0.44601E+01   0.58873E+02   0.17699E+01
   0.28950E+05   0.44616E+01   0.58293E+02   0.17656E+01
   0.29050E+05   0.44631E+01   0.57635E+02   0.17607E+01
   0.29150E+05   0.44646E+01   0.57113E+02   0.17567E+01
   0.29250E+05   0.44661E+01   0.56112E+02   0.17491E+01
   0.29350E+05   0.44676E+01   0.55954E+02   0.17478E+01
   0.29450E+05   0.44691E+01   0.55170E+02   0.17417E+01
   0.29550E+05   0.44706E+01   0.54622E+02   0.17374E+01
   0.29650E+05   0.44720E+01   0.54204E+02   0.17340E+01
   0.29750E+05   0.44735E+01   0.53635E+02   0.17294E+01
   0.29850E+05   0.44749E+01   0.52954E+02   0.17239E+01
   0.29950E+05   0.44764E+01   0.52349E+02   0.17189E+01
   0.30050E+05   0.44778E+01   0.51784E+02   0.17142E+01
   0.30150E+05   0.44793E+01   0.51370E+02   0.17107E+01
   0.30250E+05   0.44807E+01   0.50677E+02   0.17048E+01
   0.30350E+05   0.44822E+01   0.49848E+02   0.16976E+01
   0.30450E+05   0.44836E+01   0.49617E+02   0.16956E+01
   0.30550E+05   0.44850E+01   0.49082E+02   0.16909E+01
   0.30650E+05   0.44864E+01   0.48542E+02   0.16861E+01
   0.30750E+05   0.44878E+01   0.48120E+02   0.16823E+01
   0.30850E+05   0.44893E+01   0.47401E+02   0.16758E+01
   0.30950E+05   0.44907E+01   0.46950E+02   0.16716E+01
   0.31050E+05   0.44921E+01   0.46583E+02   0.16682E+01
   0.31150E+05   0.44935E+01   0.45780E+02   0.16607E+01
   0.31250E+05   0.44949E+01   0.45494E+02   0.16580E+01
   0.31350E+05   0.44962E+01   0.45019E+02   0.16534E+01
   0.31450E+05   0.44976E+01   0.44510E+02   0.16485E+01
   0.31550E+05   0.44990E+01   0.43947E+02   0.16429E+01
   0.31650E+05   0.45004E+01   0.43411E+02   0.16376E+01
   0.31750E+05   0.45017E+01   0.43056E+02   0.16340E+01
   0.31850E+05   0.45031E+01   0.42559E+02   0.16290E+01
   0.31950E+05   0.45045E+01   0.42143E+02   0.16247E+01
   0.32100E+05   0.45065E+01   0.41385E+02   0.16168E+01
   0.32300E+05   0.45092E+01   0.40438E+02   0.16068E+01
   0.32500E+05   0.45119E+01   0.39535E+02   0.15970E+01
   0.32700E+05   0.45145E+01   0.38630E+02   0.15869E+01
   0.32900E+05   0.45172E+01   0.37639E+02   0.15756E+01
   0.33100E+05   0.45198E+01   0.36910E+02   0.15671E+01
   0.33300E+05   0.45224E+01   0.36082E+02   0.15573E+01
   0.33500E+05   0.45250E+01   0.35391E+02   0.15489E+01
   0.33700E+05   0.45276E+01   0.34572E+02   0.15387E+01
   0.33900E+05   0.45302E+01   0.33779E+02   0.15287E+01
   0.34100E+05   0.45328E+01   0.33006E+02   0.15186E+01
   0.34300E+05   0.45353E+01   0.32397E+02   0.15105E+01
   0.34500E+05   0.45378E+01   0.31742E+02   0.15016E+01
   0.34700E+05   0.45403E+01   0.31037E+02   0.14919E+01
   0.34900E+05   0.45428E+01   0.30388E+02   0.14827E+01
   0.35100E+05   0.45453E+01   0.29778E+02   0.14739E+01
   0.35300E+05   0.45478E+01   0.29081E+02   0.14636E+01
   0.35500E+05   0.45502E+01   0.28527E+02   0.14553E+01
   0.35700E+05   0.45527E+01   0.27910E+02   0.14458E+01
   0.35900E+05   0.45551E+01   0.27323E+02   0.14365E+01
   0.36100E+05   0.45575E+01   0.26818E+02   0.14284E+01
   0.36300E+05   0.45599E+01   0.26266E+02   0.14194E+01
   0.36500E+05   0.45623E+01   0.25655E+02   0.14092E+01
   0.36700E+05   0.45647E+01   0.25121E+02   0.14000E+01
   0.36900E+05   0.45670E+01   0.24499E+02   0.13892E+01
   0.37100E+05   0.45694E+01   0.23971E+02   0.13797E+01
   0.37300E+05   0.45717E+01   0.23581E+02   0.13726E+01
   0.37500E+05   0.45740E+01   0.22949E+02   0.13608E+01
   0.37700E+05   0.45763E+01   0.22681E+02   0.13557E+01
   0.37900E+05   0.45786E+01   0.22219E+02   0.13467E+01
   0.38100E+05   0.45809E+01   0.21818E+02   0.13388E+01
   0.38300E+05   0.45832E+01   0.21441E+02   0.13312E+01
   0.38500E+05   0.45855E+01   0.21046E+02   0.13232E+01
   0.38700E+05   0.45877E+01   0.20560E+02   0.13130E+01
   0.38900E+05   0.45899E+01   0.20193E+02   0.13052E+01
   0.39100E+05   0.45922E+01   0.19833E+02   0.12974E+01
   0.39300E+05   0.45944E+01   0.19467E+02   0.12893E+01
   0.39500E+05   0.45966E+01   0.19015E+02   0.12791E+01
   0.39700E+05   0.45988E+01   0.18689E+02   0.12716E+01
   0.39900E+05   0.46010E+01   0.18238E+02   0.12610E+01
   0.40100E+05   0.46031E+01   0.17958E+02   0.12543E+01
   0.40300E+05   0.46053E+01   0.17674E+02   0.12473E+01
   0.40500E+05   0.46075E+01   0.17283E+02   0.12376E+01
   0.40700E+05   0.46096E+01   0.17020E+02   0.12310E+01
   0.40900E+05   0.46117E+01   0.16719E+02   0.12232E+01
   0.41100E+05   0.46138E+01   0.16430E+02   0.12156E+01
   0.41300E+05   0.46160E+01   0.16158E+02   0.12084E+01
   0.41500E+05   0.46180E+01   0.15844E+02   0.11999E+01
   0.41700E+05   0.46201E+01   0.15548E+02   0.11917E+01
   0.41900E+05   0.46222E+01   0.15271E+02   0.11839E+01
   0.42100E+05   0.46243E+01   0.14972E+02   0.11753E+01
   0.42300E+05   0.46263E+01   0.14795E+02   0.11701E+01
   0.42500E+05   0.46284E+01   0.14491E+02   0.11611E+01
   0.42700E+05   0.46304E+01   0.14277E+02   0.11546E+01
   0.42900E+05   0.46325E+01   0.13460E+02   0.11291E+01
   0.43100E+05   0.46345E+01   0.12630E+02   0.11014E+01
   0.43300E+05   0.46365E+01   0.12665E+02   0.11026E+01
   0.43500E+05   0.46385E+01   0.11990E+02   0.10788E+01
   0.43700E+05   0.46405E+01   0.11603E+02   0.10646E+01
   0.43900E+05   0.46425E+01   0.11337E+02   0.10545E+01
   0.44100E+05   0.46444E+01   0.10789E+02   0.10330E+01
   0.44300E+05   0.46464E+01   0.10644E+02   0.10271E+01
   0.44500E+05   0.46484E+01   0.10426E+02   0.10181E+01
   0.44700E+05   0.46503E+01   0.99908E+01   0.99960E+00
   0.44900E+05   0.46522E+01   0.10034E+02   0.10015E+01
   0.45100E+05   0.46542E+01   0.97411E+01   0.98861E+00
   0.45300E+05   0.46561E+01   0.94452E+01   0.97521E+00
   0.45500E+05   0.46580E+01   0.94361E+01   0.97479E+00
   0.45700E+05   0.46599E+01   0.93199E+01   0.96941E+00
   0.45900E+05   0.46618E+01   0.89644E+01   0.95252E+00
   0.46100E+05   0.46637E+01   0.90354E+01   0.95595E+00
   0.46300E+05   0.46656E+01   0.88332E+01   0.94612E+00
   0.46500E+05   0.46675E+01   0.87268E+01   0.94085E+00
   0.46700E+05   0.46693E+01   0.86994E+01   0.93949E+00
   0.46900E+05   0.46712E+01   0.85333E+01   0.93112E+00
   0.47100E+05   0.46730E+01   0.83777E+01   0.92312E+00
   0.47300E+05   0.46749E+01   0.84281E+01   0.92573E+00
   0.47500E+05   0.46767E+01   0.82220E+01   0.91498E+00
   0.47700E+05   0.46785E+01   0.81184E+01   0.90947E+00
   0.47900E+05   0.46803E+01   0.80453E+01   0.90554E+00
   0.48100E+05   0.46821E+01   0.78295E+01   0.89374E+00
   0.48300E+05   0.46839E+01   0.78916E+01   0.89716E+00
   0.48500E+05   0.46857E+01   0.77308E+01   0.88822E+00
   0.48700E+05   0.46875E+01   0.75728E+01   0.87926E+00
   0.48900E+05   0.46893E+01   0.74783E+01   0.87380E+00
   0.49100E+05   0.46911E+01   0.73826E+01   0.86821E+00
   0.49300E+05   0.46928E+01   0.72682E+01   0.86143E+00
   0.49500E+05   0.46946E+01   0.71405E+01   0.85373E+00
   0.49700E+05   0.46964E+01   0.71068E+01   0.85167E+00
   0.49900E+05   0.46981E+01   0.69912E+01   0.84455E+00
   0.50100E+05   0.46998E+01   0.69209E+01   0.84016E+00
   0.50300E+05   0.47016E+01   0.68307E+01   0.83446E+00
   0.50500E+05   0.47033E+01   0.66699E+01   0.82412E+00
   0.50700E+05   0.47050E+01   0.66267E+01   0.82130E+00
   0.50900E+05   0.47067E+01   0.65451E+01   0.81592E+00
   0.51100E+05   0.47084E+01   0.64208E+01   0.80759E+00
   0.51300E+05   0.47101E+01   0.63736E+01   0.80439E+00
   0.51500E+05   0.47118E+01   0.62678E+01   0.79711E+00
   0.51700E+05   0.47135E+01   0.62620E+01   0.79671E+00
   0.51900E+05   0.47152E+01   0.61387E+01   0.78808E+00
   0.52100E+05   0.47168E+01   0.60740E+01   0.78347E+00
   0.52300E+05   0.47185E+01   0.59667E+01   0.77573E+00
   0.52500E+05   0.47202E+01   0.59279E+01   0.77290E+00
   0.52700E+05   0.47218E+01   0.59173E+01   0.77212E+00
   0.52900E+05   0.47235E+01   0.57631E+01   0.76066E+00
   0.53100E+05   0.47251E+01   0.56870E+01   0.75488E+00
   0.53300E+05   0.47267E+01   0.56480E+01   0.75190E+00
   0.53500E+05   0.47284E+01   0.55814E+01   0.74674E+00
   0.53700E+05   0.47300E+01   0.55212E+01   0.74204E+00
   0.53900E+05   0.47316E+01   0.54639E+01   0.73750E+00
   0.54100E+05   0.47332E+01   0.54007E+01   0.73245E+00
   0.54300E+05   0.47348E+01   0.52969E+01   0.72402E+00
   0.54500E+05   0.47364E+01   0.52837E+01   0.72294E+00
   0.54700E+05   0.47380E+01   0.51874E+01   0.71495E+00
   0.54900E+05   0.47396E+01   0.51426E+01   0.71118E+00
   0.55100E+05   0.47412E+01   0.50688E+01   0.70490E+00
   0.55300E+05   0.47427E+01   0.51000E+01   0.70757E+00
   0.55500E+05   0.47443E+01   0.49487E+01   0.69450E+00
   0.55700E+05   0.47459E+01   0.49509E+01   0.69468E+00
   0.55900E+05   0.47474E+01   0.48612E+01   0.68674E+00
   0.56100E+05   0.47490E+01   0.48352E+01   0.68441E+00
   0.56300E+05   0.47505E+01   0.47376E+01   0.67556E+00
   0.56500E+05   0.47520E+01   0.47238E+01   0.67430E+00
   0.56700E+05   0.47536E+01   0.46661E+01   0.66895E+00
   0.56900E+05   0.47551E+01   0.45763E+01   0.66051E+00
   0.57100E+05   0.47566E+01   0.45681E+01   0.65974E+00
   0.57300E+05   0.47582E+01   0.45118E+01   0.65435E+00
   0.57500E+05   0.47597E+01   0.44583E+01   0.64917E+00
   0.57700E+05   0.47612E+01   0.43984E+01   0.64330E+00
   0.57900E+05   0.47627E+01   0.43728E+01   0.64076E+00
   0.58100E+05   0.47642E+01   0.43025E+01   0.63372E+00
   0.58300E+05   0.47657E+01   0.42587E+01   0.62928E+00
   0.58500E+05   0.47672E+01   0.42122E+01   0.62451E+00
   0.58700E+05   0.47686E+01   0.41428E+01   0.61729E+00
   0.58900E+05   0.47701E+01   0.41012E+01   0.61292E+00
   0.59100E+05   0.47716E+01   0.40527E+01   0.60774E+00
   0.59300E+05   0.47731E+01   0.40200E+01   0.60422E+00
   0.59500E+05   0.47745E+01   0.39601E+01   0.59770E+00
   0.59700E+05   0.47760E+01   0.39318E+01   0.59459E+00
   0.59900E+05   0.47774E+01   0.38865E+01   0.58956E+00
   0.60100E+05   0.47789E+01   0.38416E+01   0.58451E+00
   0.60300E+05   0.47803E+01   0.37966E+01   0.57940E+00
   0.60500E+05   0.47818E+01   0.37395E+01   0.57281E+00
   0.60700E+05   0.47832E+01   0.36992E+01   0.56811E+00
   0.60900E+05   0.47846E+01   0.36548E+01   0.56287E+00
   0.61100E+05   0.47860E+01   0.36071E+01   0.55716E+00
   0.61300E+05   0.47875E+01   0.35756E+01   0.55334E+00
   0.61500E+05   0.47889E+01   0.35392E+01   0.54891E+00
   0.61700E+05   0.47903E+01   0.35075E+01   0.54500E+00
   0.61900E+05   0.47917E+01   0.34643E+01   0.53962E+00
   0.62100E+05   0.47931E+01   0.34304E+01   0.53535E+00
   0.62300E+05   0.47945E+01   0.33813E+01   0.52909E+00
   0.62500E+05   0.47959E+01   0.33350E+01   0.52310E+00
   0.62700E+05   0.47973E+01   0.32980E+01   0.51825E+00
   0.62900E+05   0.47987E+01   0.32644E+01   0.51380E+00
   0.63100E+05   0.48000E+01   0.32245E+01   0.50846E+00
   0.63300E+05   0.48014E+01   0.31998E+01   0.50512E+00
   0.63500E+05   0.48028E+01   0.31574E+01   0.49932E+00
   0.63700E+05   0.48041E+01   0.31324E+01   0.49588E+00
   0.63900E+05   0.48055E+01   0.30884E+01   0.48974E+00
   0.64200E+05   0.48075E+01   0.30382E+01   0.48261E+00
   0.64600E+05   0.48102E+01   0.29665E+01   0.47225E+00
   0.65000E+05   0.48129E+01   0.29016E+01   0.46264E+00
   0.65400E+05   0.48156E+01   0.28367E+01   0.45281E+00
   0.65800E+05   0.48182E+01   0.27776E+01   0.44367E+00
   0.66200E+05   0.48209E+01   0.27136E+01   0.43355E+00
   0.66600E+05   0.48235E+01   0.26548E+01   0.42403E+00
   0.67000E+05   0.48261E+01   0.25976E+01   0.41458E+00
   0.67400E+05   0.48287E+01   0.25384E+01   0.40456E+00
   0.67800E+05   0.48312E+01   0.24839E+01   0.39513E+00
   0.68200E+05   0.48338E+01   0.24293E+01   0.38548E+00
   0.68600E+05   0.48363E+01   0.23787E+01   0.37634E+00
   0.69000E+05   0.48388E+01   0.23260E+01   0.36661E+00
   0.69400E+05   0.48414E+01   0.22764E+01   0.35725E+00
   0.69800E+05   0.48439E+01   0.22281E+01   0.34793E+00
   0.70200E+05   0.48463E+01   0.21791E+01   0.33829E+00
   0.70600E+05   0.48488E+01   0.21345E+01   0.32929E+00
   0.71000E+05   0.48513E+01   0.20889E+01   0.31991E+00
   0.71400E+05   0.48537E+01   0.20455E+01   0.31080E+00
   0.71800E+05   0.48561E+01   0.20021E+01   0.30148E+00
   0.72200E+05   0.48585E+01   0.19606E+01   0.29238E+00
   0.72600E+05   0.48609E+01   0.19193E+01   0.28314E+00
   0.73000E+05   0.48633E+01   0.18800E+01   0.27416E+00
   0.73400E+05   0.48657E+01   0.18406E+01   0.26495E+00
   0.73800E+05   0.48681E+01   0.18035E+01   0.25611E+00
   0.74200E+05   0.48704E+01   0.17647E+01   0.24668E+00
   0.74600E+05   0.48727E+01   0.17270E+01   0.23729E+00
   0.75000E+05   0.48751E+01   0.16927E+01   0.22858E+00
   0.75400E+05   0.48774E+01   0.16595E+01   0.21998E+00
   0.75800E+05   0.48797E+01   0.16279E+01   0.21163E+00
   0.76200E+05   0.48820E+01   0.15954E+01   0.20287E+00
   0.76600E+05   0.48842E+01   0.15637E+01   0.19416E+00
   0.77000E+05   0.48865E+01   0.15323E+01   0.18534E+00
   0.77400E+05   0.48887E+01   0.15025E+01   0.17681E+00
   0.77800E+05   0.48910E+01   0.14732E+01   0.16826E+00
   0.78200E+05   0.48932E+01   0.14443E+01   0.15965E+00
   0.78600E+05   0.48954E+01   0.14164E+01   0.15118E+00
   0.79000E+05   0.48976E+01   0.13889E+01   0.14268E+00
   0.79400E+05   0.48998E+01   0.13621E+01   0.13422E+00
   0.79800E+05   0.49020E+01   0.13362E+01   0.12588E+00
   0.80200E+05   0.49042E+01   0.13100E+01   0.11726E+00
   0.80600E+05   0.49063E+01   0.12851E+01   0.10892E+00
   0.81000E+05   0.49085E+01   0.12613E+01   0.10083E+00
   0.81400E+05   0.49106E+01   0.12372E+01   0.92434E-01
   0.81800E+05   0.49128E+01   0.12145E+01   0.84407E-01
   0.82200E+05   0.49149E+01   0.11920E+01   0.76276E-01
   0.82600E+05   0.49170E+01   0.11697E+01   0.68090E-01
   0.83000E+05   0.49191E+01   0.11482E+01   0.60029E-01
   0.83400E+05   0.49212E+01   0.11265E+01   0.51745E-01
   0.83800E+05   0.49232E+01   0.11059E+01   0.43720E-01
   0.84200E+05   0.49253E+01   0.10863E+01   0.35957E-01
   0.84600E+05   0.49274E+01   0.10664E+01   0.27922E-01
   0.85000E+05   0.49294E+01   0.10472E+01   0.20048E-01
   0.85400E+05   0.49315E+01   0.10285E+01   0.12197E-01
   0.85800E+05   0.49335E+01   0.10102E+01   0.44004E-02
   0.86200E+05   0.49355E+01   0.99225E+00  -0.33809E-02
   0.86600E+05   0.49375E+01   0.97481E+00  -0.11081E-01
   0.87000E+05   0.49395E+01   0.95760E+00  -0.18816E-01
   0.87400E+05   0.49415E+01   0.94074E+00  -0.26528E-01
   0.87800E+05   0.49435E+01   0.92419E+00  -0.34238E-01
   0.88200E+05   0.49455E+01   0.90781E+00  -0.42006E-01
   0.88600E+05   0.49474E+01   0.89215E+00  -0.49564E-01
   0.89000E+05   0.49494E+01   0.87660E+00  -0.57197E-01
   0.89400E+05   0.49513E+01   0.86180E+00  -0.64592E-01
   0.89800E+05   0.49533E+01   0.84653E+00  -0.72355E-01
   0.90200E+05   0.49552E+01   0.83260E+00  -0.79566E-01
   0.90600E+05   0.49571E+01   0.81864E+00  -0.86908E-01
   0.91000E+05   0.49590E+01   0.80404E+00  -0.94724E-01
   0.91400E+05   0.49609E+01   0.79093E+00  -0.10186E+00
   0.91800E+05   0.49628E+01   0.77777E+00  -0.10915E+00
   0.92200E+05   0.49647E+01   0.76507E+00  -0.11630E+00
   0.92600E+05   0.49666E+01   0.75227E+00  -0.12362E+00
   0.93000E+05   0.49685E+01   0.73985E+00  -0.13086E+00
   0.93400E+05   0.49703E+01   0.72758E+00  -0.13812E+00
   0.93800E+05   0.49722E+01   0.71573E+00  -0.14525E+00
   0.94200E+05   0.49741E+01   0.70401E+00  -0.15242E+00
   0.94600E+05   0.49759E+01   0.69241E+00  -0.15964E+00
   0.95000E+05   0.49777E+01   0.68121E+00  -0.16672E+00
   0.95400E+05   0.49795E+01   0.67024E+00  -0.17377E+00
   0.95800E+05   0.49814E+01   0.65952E+00  -0.18077E+00
   0.96200E+05   0.49832E+01   0.64889E+00  -0.18783E+00
   0.96600E+05   0.49850E+01   0.63861E+00  -0.19477E+00
   0.97000E+05   0.49868E+01   0.62847E+00  -0.20172E+00
   0.97400E+05   0.49886E+01   0.61790E+00  -0.20908E+00
   0.97800E+05   0.49903E+01   0.60855E+00  -0.21570E+00
   0.98200E+05   0.49921E+01   0.59917E+00  -0.22245E+00
   0.98600E+05   0.49939E+01   0.58980E+00  -0.22929E+00
   0.99000E+05   0.49956E+01   0.58064E+00  -0.23610E+00
   0.99400E+05   0.49974E+01   0.57153E+00  -0.24296E+00
   0.99800E+05   0.49991E+01   0.56270E+00  -0.24972E+00
   0.10020E+06   0.50009E+01   0.55404E+00  -0.25646E+00
   0.20000E+06   0.53010E+01   0.36922E-01  -0.14327E+01
   0.40000E+06   0.56021E+01   0.23593E-02  -0.26272E+01
   0.60000E+06   0.57782E+01   0.46754E-03  -0.33302E+01
   0.80000E+06   0.59031E+01   0.14782E-03  -0.38303E+01
   0.10000E+07   0.60000E+01   0.60430E-04  -0.42188E+01
   0.12000E+07   0.60792E+01   0.29071E-04  -0.45365E+01
   0.14000E+07   0.61461E+01   0.15655E-04  -0.48054E+01
   0.16000E+07   0.62041E+01   0.91550E-05  -0.50383E+01
