# MS_0735.6+7421                       4197   4070   3939    343    5000   0.2160   3.40   5.45   0.37  45.26    s3   1.6447     y    280   /mnt/DROBO
# MS_0735.6+7421                      10468   4070   3939    343    5000   0.2160   3.40   5.45   0.37  45.26    i3   1.6447     y    280   /mnt/DROBO
# MS_0735.6+7421                      10469   4070   3939    343    5000   0.2160   3.40   5.45   0.37  45.26    i3   1.6447     y    280   /mnt/DROBO
# MS_0735.6+7421                      10470   4070   3939    343    5000   0.2160   3.40   5.45   0.37  45.26    i3   1.6447     y    280   /mnt/DROBO
# MS_0735.6+7421                      10471   4070   3939    343    5000   0.2160   3.40   5.45   0.37  45.26    i3   1.6447     y    280   /mnt/DROBO
# MS_0735.6+7421                      10822   4070   3939    343    5000   0.2160   3.40   5.45   0.37  45.26    i3   1.6447     y    280   /mnt/DROBO
# MS_0735.6+7421                      10918   4070   3939    343    5000   0.2160   3.40   5.45   0.37  45.26    i3   1.6447     y    280   /mnt/DROBO
# MS_0735.6+7421                      10922   4070   3939    343    5000   0.2160   3.40   5.45   0.37  45.26    i3   1.6447     y    280   /mnt/DROBO

MS_0735.6+7421                       4197   10468  10469  10470  10471  10822  10918  10922  4070   3939    343    5000   0.2160   3.40   5.45   0.37  45.26    s3   1.6447     y    280   /mnt/DROBO
