ABELL_3581
Cosmology      70.0000     0.300000     0.700000
Number of MC iterations:    5000
Source FITS files: /mnt/SINISTER/1650/reprocessed/1650_sbprof_0.16deg.fits
       #RIN_MPC       ROUT_MPC   N_elec(cm-3)       Sigma_Ne     K(KeV cm2)K_flat(KeV cm2)          K_err              P         P_flat          P_err           Mgas           Merr
        0.10762        0.10849    4.53706E-03    3.09631E-04       91.42435       91.42435        9.40312    0.00000E+00    0.00000E+00    0.00000E+00    0.00000E+00    0.00000E+00
        0.09417        0.10762    2.28017E-03    7.21655E-05      144.10279      144.10279       13.57987    0.00000E+00    0.00000E+00    0.00000E+00    0.00000E+00    0.00000E+00
        0.08072        0.09417    2.23702E-03    8.14434E-05      137.62747      137.62747       12.20624    0.00000E+00    0.00000E+00    0.00000E+00    0.00000E+00    0.00000E+00
        0.06726        0.08072    2.66524E-03    8.98517E-05      115.05479      115.05479        9.33083    0.00000E+00    0.00000E+00    0.00000E+00    0.00000E+00    0.00000E+00
        0.05381        0.06726    3.43772E-03    9.95430E-05       92.73409       92.73409        6.81221    0.00000E+00    0.00000E+00    0.00000E+00    0.00000E+00    0.00000E+00
        0.04036        0.05381    4.77499E-03    1.07918E-04       72.14329       72.14329        4.76509    0.00000E+00    0.00000E+00    0.00000E+00    0.00000E+00    0.00000E+00
        0.02691        0.04036    7.14891E-03    1.25044E-04       48.40099       48.40099        2.53995    0.00000E+00    0.00000E+00    0.00000E+00    0.00000E+00    0.00000E+00
        0.01345        0.02691    1.23725E-02    1.62247E-04       30.79523       30.79523        1.22372    0.00000E+00    0.00000E+00    0.00000E+00    0.00000E+00    0.00000E+00
        0.00000        0.01345    2.51668E-02    3.78661E-04       16.08507       16.30207        0.49293    0.00000E+00    0.00000E+00    0.00000E+00    0.00000E+00    0.00000E+00
