ABELL_3581
Cosmology      70.0000     0.300000     0.700000
Number of MC iterations:    5000
Source FITS files: /mnt/SINISTER/1650/reprocessed/1650_sbprof_0.24deg.fits
       #RIN_MPC       ROUT_MPC   N_elec(cm-3)       Sigma_Ne     K(KeV cm2)K_flat(KeV cm2)          K_err              P         P_flat          P_err           Mgas           Merr
        0.09330        0.10849    2.57372E-03    3.83555E-05      133.41488      133.41488       12.37755    0.00000E+00    0.00000E+00    0.00000E+00    0.00000E+00    0.00000E+00
        0.07464        0.09330    2.18286E-03    6.39713E-05      139.34902      139.34902       12.13391    0.00000E+00    0.00000E+00    0.00000E+00    0.00000E+00    0.00000E+00
        0.05598        0.07464    3.20260E-03    6.59914E-05       98.89934       98.89934        7.47347    0.00000E+00    0.00000E+00    0.00000E+00    0.00000E+00    0.00000E+00
        0.03732        0.05598    4.64078E-03    7.85551E-05       73.91348       73.91348        4.90517    0.00000E+00    0.00000E+00    0.00000E+00    0.00000E+00    0.00000E+00
        0.01866        0.03732    9.00128E-03    9.69161E-05       40.11749       40.11749        1.92800    0.00000E+00    0.00000E+00    0.00000E+00    0.00000E+00    0.00000E+00
        0.00000        0.01866    1.99428E-02    2.05795E-04       20.36201       20.36201        0.67384    0.00000E+00    0.00000E+00    0.00000E+00    0.00000E+00    0.00000E+00
