ABELL_3581
Cosmology      70.0000     0.300000     0.700000
Number of MC iterations:    5000
Source FITS files: /mnt/SINISTER/1650/reprocessed/1650_sbprof_0.34deg.fits
       #RIN_MPC       ROUT_MPC   N_elec(cm-3)       Sigma_Ne     K(KeV cm2)K_flat(KeV cm2)          K_err              P         P_flat          P_err           Mgas           Merr
        0.09547        0.10849    2.62971E-03    4.19846E-05      131.51449      131.51449       12.21157    0.00000E+00    0.00000E+00    0.00000E+00    0.00000E+00    0.00000E+00
        0.07160        0.09547    2.22343E-03    5.05794E-05      138.99629      138.99629       12.13429    0.00000E+00    0.00000E+00    0.00000E+00    0.00000E+00    0.00000E+00
        0.04774        0.07160    3.54970E-03    5.42901E-05       91.69622       91.69622        6.75058    0.00000E+00    0.00000E+00    0.00000E+00    0.00000E+00    0.00000E+00
        0.02387        0.04774    6.59370E-03    6.73549E-05       55.24062       55.24062        3.28510    0.00000E+00    0.00000E+00    0.00000E+00    0.00000E+00    0.00000E+00
        0.00000        0.02387    1.62382E-02    1.33668E-04       25.16173       25.16173        0.92367    0.00000E+00    0.00000E+00    0.00000E+00    0.00000E+00    0.00000E+00
