ABELL_3581
Cosmology      70.0000     0.300000     0.700000
Number of MC iterations:    5000
Source FITS files: /mnt/SINISTER/1650/reprocessed/1650_sbprof_0.3deg.fits
       #RIN_MPC       ROUT_MPC   N_elec(cm-3)       Sigma_Ne     K(KeV cm2)K_flat(KeV cm2)          K_err              P         P_flat          P_err           Mgas           Merr
        0.08766        0.10849    2.48606E-03    3.02666E-05      136.53277      136.53277       12.64263    0.00000E+00    0.00000E+00    0.00000E+00    0.00000E+00    0.00000E+00
        0.06574        0.08766    2.43457E-03    5.55162E-05      126.27181      126.27181       10.51180    0.00000E+00    0.00000E+00    0.00000E+00    0.00000E+00    0.00000E+00
        0.04383        0.06574    3.98502E-03    6.07966E-05       83.73699       83.73699        5.93615    0.00000E+00    0.00000E+00    0.00000E+00    0.00000E+00    0.00000E+00
        0.02191        0.04383    7.26542E-03    7.69385E-05       49.71694       49.71694        2.75901    0.00000E+00    0.00000E+00    0.00000E+00    0.00000E+00    0.00000E+00
        0.00000        0.02191    1.75536E-02    1.55432E-04       23.24408       23.24408        0.82256    0.00000E+00    0.00000E+00    0.00000E+00    0.00000E+00    0.00000E+00
