ABELL_3581
Cosmology      70.0000     0.300000     0.700000
Number of MC iterations:    5000
Source FITS files: /mnt/SINISTER/1650/reprocessed/1650_sbprof_0.14deg.fits
       #RIN_MPC       ROUT_MPC   N_elec(cm-3)       Sigma_Ne     K(KeV cm2)K_flat(KeV cm2)          K_err              P         P_flat          P_err           Mgas           Merr
        0.09721        0.10849    2.66684E-03    4.66631E-05      130.29068      130.29068       12.11391    0.00000E+00    0.00000E+00    0.00000E+00    0.00000E+00    0.00000E+00
        0.08506        0.09721    1.96057E-03    9.20131E-05      152.33058      152.33058       14.06219    0.00000E+00    0.00000E+00    0.00000E+00    0.00000E+00    0.00000E+00
        0.07290        0.08506    2.63964E-03    9.01082E-05      118.20151      118.20151        9.87741    0.00000E+00    0.00000E+00    0.00000E+00    0.00000E+00    0.00000E+00
        0.06075        0.07290    2.97274E-03    1.07365E-04      103.51843      103.51843        8.00753    0.00000E+00    0.00000E+00    0.00000E+00    0.00000E+00    0.00000E+00
        0.04860        0.06075    3.95877E-03    1.14185E-04       83.11983       83.11983        5.85394    0.00000E+00    0.00000E+00    0.00000E+00    0.00000E+00    0.00000E+00
        0.03645        0.04860    5.16551E-03    1.30176E-04       65.57919       65.57919        4.08174    0.00000E+00    0.00000E+00    0.00000E+00    0.00000E+00    0.00000E+00
        0.02430        0.03645    8.45837E-03    1.40341E-04       41.42058       41.42058        1.97829    0.00000E+00    0.00000E+00    0.00000E+00    0.00000E+00    0.00000E+00
        0.01215        0.02430    1.33439E-02    1.94718E-04       28.85184       28.85184        1.09260    0.00000E+00    0.00000E+00    0.00000E+00    0.00000E+00    0.00000E+00
        0.00000        0.01215    2.68074E-02    4.56521E-04       15.09798       15.62998        0.47834    0.00000E+00    0.00000E+00    0.00000E+00    0.00000E+00    0.00000E+00
