ABELL_3581
Cosmology      70.0000     0.300000     0.700000
Number of MC iterations:    5000
Source FITS files: /mnt/SINISTER/1650/reprocessed/1650_sbprof_0.28deg.fits
       #RIN_MPC       ROUT_MPC   N_elec(cm-3)       Sigma_Ne     K(KeV cm2)K_flat(KeV cm2)          K_err              P         P_flat          P_err           Mgas           Merr
        0.10415        0.10849    3.14382E-03    9.50849E-05      116.75440      116.75440       11.02389    0.00000E+00    0.00000E+00    0.00000E+00    0.00000E+00    0.00000E+00
        0.08332        0.10415    2.12693E-03    5.38503E-05      148.72252      148.72252       13.65195    0.00000E+00    0.00000E+00    0.00000E+00    0.00000E+00    0.00000E+00
        0.06249        0.08332    2.74696E-03    5.68306E-05      114.16606      114.16606        9.20330    0.00000E+00    0.00000E+00    0.00000E+00    0.00000E+00    0.00000E+00
        0.04166        0.06249    4.19150E-03    6.56331E-05       80.34429       80.34429        5.57466    0.00000E+00    0.00000E+00    0.00000E+00    0.00000E+00    0.00000E+00
        0.02083        0.04166    7.77250E-03    8.33055E-05       46.43404       46.43404        2.46735    0.00000E+00    0.00000E+00    0.00000E+00    0.00000E+00    0.00000E+00
        0.00000        0.02083    1.83073E-02    1.68292E-04       22.25360       22.25360        0.77052    0.00000E+00    0.00000E+00    0.00000E+00    0.00000E+00    0.00000E+00
