ABELL_3581
Cosmology      70.0000     0.300000     0.700000
Number of MC iterations:    5000
Source FITS files: /mnt/SINISTER/1650/reprocessed/1650_sbprof_0.22deg.fits
       #RIN_MPC       ROUT_MPC   N_elec(cm-3)       Sigma_Ne     K(KeV cm2)K_flat(KeV cm2)          K_err              P         P_flat          P_err           Mgas           Merr
        0.10415        0.10849    3.14382E-03    9.49033E-05      116.75440      116.75440       11.02293    0.00000E+00    0.00000E+00    0.00000E+00    0.00000E+00    0.00000E+00
        0.08679        0.10415    2.09429E-03    6.19816E-05      150.26376      150.26376       13.87861    0.00000E+00    0.00000E+00    0.00000E+00    0.00000E+00    0.00000E+00
        0.06943        0.08679    2.59570E-03    6.51107E-05      120.50428      120.50428       10.01046    0.00000E+00    0.00000E+00    0.00000E+00    0.00000E+00    0.00000E+00
        0.05207        0.06943    3.34424E-03    7.72622E-05       94.93427       94.93427        6.98051    0.00000E+00    0.00000E+00    0.00000E+00    0.00000E+00    0.00000E+00
        0.03472        0.05207    5.22049E-03    8.48822E-05       67.40502       67.40502        4.32214    0.00000E+00    0.00000E+00    0.00000E+00    0.00000E+00    0.00000E+00
        0.01736        0.03472    9.67960E-03    1.08554E-04       37.57012       37.57012        1.71795    0.00000E+00    0.00000E+00    0.00000E+00    0.00000E+00    0.00000E+00
        0.00000        0.01736    2.10549E-02    2.32561E-04       19.25802       19.25802        0.61907    0.00000E+00    0.00000E+00    0.00000E+00    0.00000E+00    0.00000E+00
