RBS_0533
Cosmology      70.0000     0.300000     0.700000
Number of MC iterations:    5000
Source FITS files: 
/mnt/SINISTER/merged/RBS_0533/3186_3187_5800_5801_sbprof_0.12deg.fits
       #RIN_MPC       ROUT_MPC   N_elec(cm-3)       Sigma_Ne     K(KeV cm2)K_flat(KeV cm2)          K_err              P         P_flat          P_err           Mgas           Merr
        0.07367        0.08345    2.39412E-03    1.17958E-05       84.31057       84.31057        3.92121    0.00000E+00    0.00000E+00    0.00000E+00    0.00000E+00    0.00000E+00
        0.06314        0.07367    1.48985E-03    2.79159E-05      117.30377      117.30377        4.82992    0.00000E+00    0.00000E+00    0.00000E+00    0.00000E+00    0.00000E+00
        0.05262        0.06314    2.17879E-03    2.55929E-05       94.65960       94.65960        4.23051    0.00000E+00    0.00000E+00    0.00000E+00    0.00000E+00    0.00000E+00
        0.04210        0.05262    2.73541E-03    2.73126E-05       79.80255       79.80255        2.76651    0.00000E+00    0.00000E+00    0.00000E+00    0.00000E+00    0.00000E+00
        0.03157        0.04210    4.25986E-03    3.04828E-05       57.97333       57.97333        1.92271    0.00000E+00    0.00000E+00    0.00000E+00    0.00000E+00    0.00000E+00
        0.02105        0.03157    6.07188E-03    3.61948E-05       44.83892       44.83892        1.21497    0.00000E+00    0.00000E+00    0.00000E+00    0.00000E+00    0.00000E+00
        0.01052        0.02105    9.37792E-03    4.72865E-05       33.27000       33.27000        0.68903    0.00000E+00    0.00000E+00    0.00000E+00    0.00000E+00    0.00000E+00
        0.00000        0.01052    2.87972E-02    8.49901E-05       13.26426       13.26426        0.21447    0.00000E+00    0.00000E+00    0.00000E+00    0.00000E+00    0.00000E+00
