RBS_0533
Cosmology      70.0000     0.300000     0.700000
Number of MC iterations:    5000
Source FITS files: 
/mnt/SINISTER/merged/RBS_0533/3186_3187_5800_5801_sbprof_0.22deg.fits
       #RIN_MPC       ROUT_MPC   N_elec(cm-3)       Sigma_Ne     K(KeV cm2)K_flat(KeV cm2)          K_err              P         P_flat          P_err           Mgas           Merr
        0.06983        0.08345    2.25799E-03    9.49347E-06       87.66607       87.66607        4.07451    0.00000E+00    0.00000E+00    0.00000E+00    0.00000E+00    0.00000E+00
        0.05237        0.06983    1.71679E-03    1.72654E-05      109.78082      109.78082        4.85468    0.00000E+00    0.00000E+00    0.00000E+00    0.00000E+00    0.00000E+00
        0.03492        0.05237    3.15990E-03    1.65165E-05       72.30134       72.30134        2.42667    0.00000E+00    0.00000E+00    0.00000E+00    0.00000E+00    0.00000E+00
        0.01746        0.03492    5.96564E-03    2.09845E-05       46.82878       46.82878        1.22101    0.00000E+00    0.00000E+00    0.00000E+00    0.00000E+00    0.00000E+00
        0.00000        0.01746    1.69088E-02    3.92034E-05       21.71192       21.71192        0.45662    0.00000E+00    0.00000E+00    0.00000E+00    0.00000E+00    0.00000E+00
