ABELL_1991
Cosmology      70.0000     0.300000     0.700000
Number of MC iterations:    5000
Source FITS files: /mnt/SINISTER/3193/reprocessed/3193_sbprof_0.34deg.fits
       #RIN_MPC       ROUT_MPC   N_elec(cm-3)       Sigma_Ne     K(KeV cm2)K_flat(KeV cm2)          K_err              P         P_flat          P_err           Mgas           Merr
        0.19007        0.19979    2.17442E-03    3.77789E-05      157.29286      157.29286        7.82461    0.00000E+00    0.00000E+00    0.00000E+00    0.00000E+00    0.00000E+00
        0.16631        0.19007    1.38569E-03    3.93978E-05      212.40251      212.40251       11.20018    0.00000E+00    0.00000E+00    0.00000E+00    0.00000E+00    0.00000E+00
        0.14255        0.16631    1.56229E-03    4.17619E-05      196.07814      196.07814       10.63570    0.00000E+00    0.00000E+00    0.00000E+00    0.00000E+00    0.00000E+00
        0.11879        0.14255    2.00234E-03    4.41399E-05      166.17998      166.17998        9.18084    0.00000E+00    0.00000E+00    0.00000E+00    0.00000E+00    0.00000E+00
        0.09503        0.11879    2.53273E-03    5.14230E-05      142.08390      142.08390        8.08650    0.00000E+00    0.00000E+00    0.00000E+00    0.00000E+00    0.00000E+00
        0.07128        0.09503    3.36919E-03    5.86995E-05      118.72773      118.72773        6.97984    0.00000E+00    0.00000E+00    0.00000E+00    0.00000E+00    0.00000E+00
        0.04752        0.07128    5.30317E-03    6.29150E-05       91.61160       91.61160        5.61935    0.00000E+00    0.00000E+00    0.00000E+00    0.00000E+00    0.00000E+00
        0.02376        0.04752    9.59581E-03    7.83802E-05       55.98529       55.98529        3.46528    0.00000E+00    0.00000E+00    0.00000E+00    0.00000E+00    0.00000E+00
        0.00000        0.02376    2.52361E-02    1.43135E-04       24.02246       24.02246        1.10560    0.00000E+00    0.00000E+00    0.00000E+00    0.00000E+00    0.00000E+00
