ABELL_1991
Cosmology      70.0000     0.300000     0.700000
Number of MC iterations:    5000
Source FITS files: /mnt/SINISTER/3193/reprocessed/3193_sbprof_0.38deg.fits
       #RIN_MPC       ROUT_MPC   N_elec(cm-3)       Sigma_Ne     K(KeV cm2)K_flat(KeV cm2)          K_err              P         P_flat          P_err           Mgas           Merr
        0.17765        0.19979    1.86212E-03    2.08511E-05      174.42109      174.42109        8.53804    0.00000E+00    0.00000E+00    0.00000E+00    0.00000E+00    0.00000E+00
        0.15227        0.17765    1.34022E-03    4.03953E-05      217.18034      217.18034       11.75650    0.00000E+00    0.00000E+00    0.00000E+00    0.00000E+00    0.00000E+00
        0.12689        0.15227    1.81248E-03    3.95384E-05      177.59131      177.59131        9.66225    0.00000E+00    0.00000E+00    0.00000E+00    0.00000E+00    0.00000E+00
        0.10151        0.12689    2.37643E-03    4.50079E-05      148.24739      148.24739        8.30651    0.00000E+00    0.00000E+00    0.00000E+00    0.00000E+00    0.00000E+00
        0.07614        0.10151    3.10349E-03    5.37817E-05      124.08058      124.08058        7.18637    0.00000E+00    0.00000E+00    0.00000E+00    0.00000E+00    0.00000E+00
        0.05076        0.07614    4.85030E-03    5.79228E-05       96.38897       96.38897        5.85267    0.00000E+00    0.00000E+00    0.00000E+00    0.00000E+00    0.00000E+00
        0.02538        0.05076    8.91348E-03    7.07602E-05       59.71069       59.71069        3.69959    0.00000E+00    0.00000E+00    0.00000E+00    0.00000E+00    0.00000E+00
        0.00000        0.02538    2.38471E-02    1.28401E-04       25.47175       25.47175        1.21621    0.00000E+00    0.00000E+00    0.00000E+00    0.00000E+00    0.00000E+00
