ABELL_1991
Cosmology      70.0000     0.300000     0.700000
Number of MC iterations:    5000
Source FITS files: /mnt/SINISTER/3193/reprocessed/3193_sbprof_0.36deg.fits
       #RIN_MPC       ROUT_MPC   N_elec(cm-3)       Sigma_Ne     K(KeV cm2)K_flat(KeV cm2)          K_err              P         P_flat          P_err           Mgas           Merr
        0.19439        0.19979    2.42554E-03    5.84648E-05      146.23944      146.23944        7.45487    0.00000E+00    0.00000E+00    0.00000E+00    0.00000E+00    0.00000E+00
        0.17009        0.19439    1.47286E-03    3.63069E-05      203.93744      203.93744       10.50872    0.00000E+00    0.00000E+00    0.00000E+00    0.00000E+00    0.00000E+00
        0.14579        0.17009    1.53965E-03    4.02462E-05      197.99577      197.99577       10.65397    0.00000E+00    0.00000E+00    0.00000E+00    0.00000E+00    0.00000E+00
        0.12149        0.14579    1.88610E-03    4.38184E-05      172.93926      172.93926        9.54577    0.00000E+00    0.00000E+00    0.00000E+00    0.00000E+00    0.00000E+00
        0.09719        0.12149    2.50307E-03    4.87668E-05      143.20424      143.20424        8.09991    0.00000E+00    0.00000E+00    0.00000E+00    0.00000E+00    0.00000E+00
        0.07290        0.09719    3.27672E-03    5.70029E-05      120.46605      120.46605        7.04564    0.00000E+00    0.00000E+00    0.00000E+00    0.00000E+00    0.00000E+00
        0.04860        0.07290    5.13838E-03    6.11204E-05       93.29063       93.29063        5.70323    0.00000E+00    0.00000E+00    0.00000E+00    0.00000E+00    0.00000E+00
        0.02430        0.04860    9.37138E-03    7.56822E-05       57.16690       57.16690        3.53957    0.00000E+00    0.00000E+00    0.00000E+00    0.00000E+00    0.00000E+00
        0.00000        0.02430    2.47399E-02    1.38488E-04       24.51346       24.51346        1.14250    0.00000E+00    0.00000E+00    0.00000E+00    0.00000E+00    0.00000E+00
