OPHIUCHUS
Cosmology      70.0000     0.300000     0.700000
Number of MC iterations:    5000
Source FITS files: /mnt/SINISTER/3200/reprocessed/3200_sbprof_0.3deg.fits
       #RIN_MPC       ROUT_MPC   N_elec(cm-3)       Sigma_Ne     K(KeV cm2)K_flat(KeV cm2)          K_err              P         P_flat          P_err           Mgas           Merr
        0.08742        0.10126    1.58273E-02    2.82051E-05      130.32698      130.32698        3.93856    0.00000E+00    0.00000E+00    0.00000E+00    0.00000E+00    0.00000E+00
        0.06557        0.08742    9.42217E-03    5.12000E-05      188.50085      188.50085        5.84869    0.00000E+00    0.00000E+00    0.00000E+00    0.00000E+00    0.00000E+00
        0.04371        0.06557    1.19406E-02    5.94098E-05      161.52963      161.52963        5.19938    0.00000E+00    0.00000E+00    0.00000E+00    0.00000E+00    0.00000E+00
        0.02186        0.04371    1.57332E-02    8.43459E-05      135.27732      135.27732        4.15623    0.00000E+00    0.00000E+00    0.00000E+00    0.00000E+00    0.00000E+00
        0.00000        0.02186    3.01451E-02    1.43729E-04       56.72784       60.18994        1.25195    0.00000E+00    0.00000E+00    0.00000E+00    0.00000E+00    0.00000E+00
