OPHIUCHUS
Cosmology      70.0000     0.300000     0.700000
Number of MC iterations:    5000
Source FITS files: /mnt/SINISTER/3200/reprocessed/3200_sbprof_0.28deg.fits
       #RIN_MPC       ROUT_MPC   N_elec(cm-3)       Sigma_Ne     K(KeV cm2)K_flat(KeV cm2)          K_err              P         P_flat          P_err           Mgas           Merr
        0.08300        0.10126    1.50182E-02    2.33046E-05      134.96648      134.96648        4.07801    0.00000E+00    0.00000E+00    0.00000E+00    0.00000E+00    0.00000E+00
        0.06225        0.08300    8.99614E-03    5.82552E-05      192.20015      192.20015        5.95682    0.00000E+00    0.00000E+00    0.00000E+00    0.00000E+00    0.00000E+00
        0.04150        0.06225    1.22278E-02    6.50741E-05      161.39531      161.39531        5.17230    0.00000E+00    0.00000E+00    0.00000E+00    0.00000E+00    0.00000E+00
        0.02075        0.04150    1.64695E-02    9.08485E-05      129.73129      129.73129        3.95873    0.00000E+00    0.00000E+00    0.00000E+00    0.00000E+00    0.00000E+00
        0.00000        0.02075    3.11104E-02    1.55625E-04       53.76059       58.93841        1.22632    0.00000E+00    0.00000E+00    0.00000E+00    0.00000E+00    0.00000E+00
