OPHIUCHUS
Cosmology      70.0000     0.300000     0.700000
Number of MC iterations:    5000
Source FITS files: /mnt/SINISTER/3200/reprocessed/3200_sbprof_0.14deg.fits
       #RIN_MPC       ROUT_MPC   N_elec(cm-3)       Sigma_Ne     K(KeV cm2)K_flat(KeV cm2)          K_err              P         P_flat          P_err           Mgas           Merr
        0.09738        0.10126    2.08917E-02    7.00092E-05      108.30660      108.30660        3.27950    0.00000E+00    0.00000E+00    0.00000E+00    0.00000E+00    0.00000E+00
        0.08521        0.09738    1.11385E-02    6.69265E-05      166.01773      166.01773        5.08974    0.00000E+00    0.00000E+00    0.00000E+00    0.00000E+00    0.00000E+00
        0.07304        0.08521    1.11029E-02    7.35209E-05      168.00388      168.00388        5.21963    0.00000E+00    0.00000E+00    0.00000E+00    0.00000E+00    0.00000E+00
        0.06086        0.07304    1.09721E-02    9.10450E-05      167.65631      167.65631        5.29410    0.00000E+00    0.00000E+00    0.00000E+00    0.00000E+00    0.00000E+00
        0.04869        0.06086    1.14474E-02    1.13202E-04      169.69654      169.69654        5.50817    0.00000E+00    0.00000E+00    0.00000E+00    0.00000E+00    0.00000E+00
        0.03652        0.04869    1.27393E-02    1.37721E-04      159.67756      159.67756        5.08177    0.00000E+00    0.00000E+00    0.00000E+00    0.00000E+00    0.00000E+00
        0.02435        0.03652    1.76763E-02    1.47325E-04      115.50359      115.50359        3.38086    0.00000E+00    0.00000E+00    0.00000E+00    0.00000E+00    0.00000E+00
        0.01217        0.02435    2.33374E-02    1.95669E-04       72.15524       72.15524        1.56251    0.00000E+00    0.00000E+00    0.00000E+00    0.00000E+00    0.00000E+00
        0.00000        0.01217    4.38541E-02    3.58084E-04       31.74192       46.88084        0.98030    0.00000E+00    0.00000E+00    0.00000E+00    0.00000E+00    0.00000E+00
