OPHIUCHUS
Cosmology      70.0000     0.300000     0.700000
Number of MC iterations:    5000
Source FITS files: /mnt/SINISTER/3200/reprocessed/3200_sbprof_0.24deg.fits
       #RIN_MPC       ROUT_MPC   N_elec(cm-3)       Sigma_Ne     K(KeV cm2)K_flat(KeV cm2)          K_err              P         P_flat          P_err           Mgas           Merr
        0.09268        0.10126    1.74319E-02    3.96030E-05      122.20082      122.20082        3.69477    0.00000E+00    0.00000E+00    0.00000E+00    0.00000E+00    0.00000E+00
        0.07414        0.09268    9.96911E-03    5.28593E-05      180.45154      180.45154        5.56409    0.00000E+00    0.00000E+00    0.00000E+00    0.00000E+00    0.00000E+00
        0.05561        0.07414    1.14324E-02    5.96072E-05      162.66881      162.66881        5.06500    0.00000E+00    0.00000E+00    0.00000E+00    0.00000E+00    0.00000E+00
        0.03707        0.05561    1.20243E-02    8.36595E-05      168.07514      168.07514        5.35670    0.00000E+00    0.00000E+00    0.00000E+00    0.00000E+00    0.00000E+00
        0.01854        0.03707    1.84763E-02    1.03973E-04      113.41025      113.41025        3.31659    0.00000E+00    0.00000E+00    0.00000E+00    0.00000E+00    0.00000E+00
        0.00000        0.01854    3.30381E-02    1.86260E-04       48.21352       56.62288        1.17948    0.00000E+00    0.00000E+00    0.00000E+00    0.00000E+00    0.00000E+00
