HCG_42
Cosmology      70.0000     0.300000     0.700000
Number of MC iterations:    5000
Source FITS files: /mnt/SINISTER/3215/reprocessed/3215_sbprof_0.12deg.fits
       #RIN_MPC       ROUT_MPC   N_elec(cm-3)       Sigma_Ne     K(KeV cm2)K_flat(KeV cm2)          K_err              P         P_flat          P_err           Mgas           Merr
        0.04226        0.05148    1.11992E-03    4.91102E-05       88.15808       88.15808       11.46110    0.00000E+00    0.00000E+00    0.00000E+00    0.00000E+00    0.00000E+00
        0.03169        0.04226    7.02327E-04    9.41789E-05      112.91878      112.91878       14.78157    0.00000E+00    0.00000E+00    0.00000E+00    0.00000E+00    0.00000E+00
        0.02113        0.03169    1.44042E-03    5.48251E-05       64.69762       64.69762        3.89908    0.00000E+00    0.00000E+00    0.00000E+00    0.00000E+00    0.00000E+00
        0.01056        0.02113    3.68090E-03    5.62354E-05       31.87964       31.87964        1.12009    0.00000E+00    0.00000E+00    0.00000E+00    0.00000E+00    0.00000E+00
        0.00000        0.01056    1.23933E-02    1.24120E-04       13.11416       13.11416        0.38358    0.00000E+00    0.00000E+00    0.00000E+00    0.00000E+00    0.00000E+00
