MKW_04
Cosmology      70.0000     0.300000     0.700000
Number of MC iterations:    5000
Source FITS files: /mnt/SINISTER/3234/reprocessed/3234_sbprof_0.14deg.fits
       #RIN_MPC       ROUT_MPC   N_elec(cm-3)       Sigma_Ne     K(KeV cm2)K_flat(KeV cm2)          K_err              P         P_flat          P_err           Mgas           Merr
        0.08435        0.09225    2.69338E-03    3.00124E-05      111.58069      111.58069        9.00236    0.00000E+00    0.00000E+00    0.00000E+00    0.00000E+00    0.00000E+00
        0.07230        0.08435    1.72093E-03    4.86120E-05      150.41041      150.41041       11.94835    0.00000E+00    0.00000E+00    0.00000E+00    0.00000E+00    0.00000E+00
        0.06025        0.07230    1.93552E-03    5.33799E-05      136.62773      136.62773       10.60386    0.00000E+00    0.00000E+00    0.00000E+00    0.00000E+00    0.00000E+00
        0.04820        0.06025    2.30066E-03    6.26093E-05      118.48973      118.48973        8.87415    0.00000E+00    0.00000E+00    0.00000E+00    0.00000E+00    0.00000E+00
        0.03615        0.04820    3.06751E-03    6.37323E-05      101.78580      101.78580        7.08442    0.00000E+00    0.00000E+00    0.00000E+00    0.00000E+00    0.00000E+00
        0.02410        0.03615    4.27841E-03    6.96515E-05       79.51463       79.51463        5.04930    0.00000E+00    0.00000E+00    0.00000E+00    0.00000E+00    0.00000E+00
        0.01205        0.02410    6.70808E-03    7.77223E-05       60.02767       60.02767        3.40623    0.00000E+00    0.00000E+00    0.00000E+00    0.00000E+00    0.00000E+00
        0.00000        0.01205    2.03768E-02    1.28445E-04       23.72823       23.72823        0.92492    0.00000E+00    0.00000E+00    0.00000E+00    0.00000E+00    0.00000E+00
