MKW_04
Cosmology      70.0000     0.300000     0.700000
Number of MC iterations:    5000
Source FITS files: /mnt/SINISTER/3234/reprocessed/3234_sbprof_0.22deg.fits
       #RIN_MPC       ROUT_MPC   N_elec(cm-3)       Sigma_Ne     K(KeV cm2)K_flat(KeV cm2)          K_err              P         P_flat          P_err           Mgas           Merr
        0.08692        0.09225    2.93379E-03    4.04027E-05      105.39849      105.39849        8.52256    0.00000E+00    0.00000E+00    0.00000E+00    0.00000E+00    0.00000E+00
        0.06953        0.08692    1.79535E-03    3.45052E-05      146.22489      146.22489       11.58756    0.00000E+00    0.00000E+00    0.00000E+00    0.00000E+00    0.00000E+00
        0.05215        0.06953    2.06443E-03    3.98176E-05      129.37243      129.37243       10.00777    0.00000E+00    0.00000E+00    0.00000E+00    0.00000E+00    0.00000E+00
        0.03477        0.05215    2.97750E-03    4.47940E-05      101.66584      101.66584        6.97677    0.00000E+00    0.00000E+00    0.00000E+00    0.00000E+00    0.00000E+00
        0.01738        0.03477    4.86737E-03    5.03513E-05       73.08027       73.08027        4.55432    0.00000E+00    0.00000E+00    0.00000E+00    0.00000E+00    0.00000E+00
        0.00000        0.01738    1.41487E-02    7.69716E-05       33.86604       33.86604        1.64111    0.00000E+00    0.00000E+00    0.00000E+00    0.00000E+00    0.00000E+00
