MKW_04
Cosmology      70.0000     0.300000     0.700000
Number of MC iterations:    5000
Source FITS files: /mnt/SINISTER/3234/reprocessed/3234_sbprof_0.32deg.fits
       #RIN_MPC       ROUT_MPC   N_elec(cm-3)       Sigma_Ne     K(KeV cm2)K_flat(KeV cm2)          K_err              P         P_flat          P_err           Mgas           Merr
        0.09087        0.09225    4.06509E-03    1.07282E-04       84.80222       84.80222        6.97426    0.00000E+00    0.00000E+00    0.00000E+00    0.00000E+00    0.00000E+00
        0.06815        0.09087    1.97018E-03    2.56761E-05      137.44093      137.44093       11.03040    0.00000E+00    0.00000E+00    0.00000E+00    0.00000E+00    0.00000E+00
        0.04543        0.06815    2.14093E-03    3.31426E-05      125.53682      125.53682        9.71879    0.00000E+00    0.00000E+00    0.00000E+00    0.00000E+00    0.00000E+00
        0.02272        0.04543    3.86187E-03    3.62668E-05       88.57155       88.57155        6.08594    0.00000E+00    0.00000E+00    0.00000E+00    0.00000E+00    0.00000E+00
        0.00000        0.02272    1.08025E-02    5.31571E-05       43.41783       43.41783        2.38214    0.00000E+00    0.00000E+00    0.00000E+00    0.00000E+00    0.00000E+00
