MKW_04
Cosmology      70.0000     0.300000     0.700000
Number of MC iterations:    5000
Source FITS files: /mnt/SINISTER/3234/reprocessed/3234_sbprof_0.2deg.fits
       #RIN_MPC       ROUT_MPC   N_elec(cm-3)       Sigma_Ne     K(KeV cm2)K_flat(KeV cm2)          K_err              P         P_flat          P_err           Mgas           Merr
        0.08099        0.09225    2.52969E-03    2.35906E-05      116.34366      116.34366        9.37470    0.00000E+00    0.00000E+00    0.00000E+00    0.00000E+00    0.00000E+00
        0.06479        0.08099    1.65809E-03    4.05776E-05      154.18747      154.18747       11.95950    0.00000E+00    0.00000E+00    0.00000E+00    0.00000E+00    0.00000E+00
        0.04859        0.06479    2.30281E-03    4.37548E-05      118.15822      118.15822        9.24148    0.00000E+00    0.00000E+00    0.00000E+00    0.00000E+00    0.00000E+00
        0.03240        0.04859    3.20167E-03    4.89721E-05       98.71616       98.71616        6.80509    0.00000E+00    0.00000E+00    0.00000E+00    0.00000E+00    0.00000E+00
        0.01620        0.03240    5.16518E-03    5.47827E-05       71.04179       71.04179        4.37954    0.00000E+00    0.00000E+00    0.00000E+00    0.00000E+00    0.00000E+00
        0.00000        0.01620    1.52597E-02    8.55235E-05       31.46120       31.46120        1.47193    0.00000E+00    0.00000E+00    0.00000E+00    0.00000E+00    0.00000E+00
