SS2B153
Cosmology      70.0000     0.300000     0.700000
Number of MC iterations:    5000
Source FITS files: /mnt/SINISTER/3243/reprocessed/3243_sbprof_0.16deg.fits
       #RIN_MPC       ROUT_MPC   N_elec(cm-3)       Sigma_Ne     K(KeV cm2)K_flat(KeV cm2)          K_err              P         P_flat          P_err           Mgas           Merr
        0.06783        0.07656    2.31525E-03    3.65628E-05       51.44980       51.44980        1.26466    0.00000E+00    0.00000E+00    0.00000E+00    0.00000E+00    0.00000E+00
        0.05426        0.06783    2.02020E-03    4.70982E-05       55.11843       55.11843        1.51663    0.00000E+00    0.00000E+00    0.00000E+00    0.00000E+00    0.00000E+00
        0.04070        0.05426    2.60425E-03    5.24622E-05       44.92605       44.92605        1.21673    0.00000E+00    0.00000E+00    0.00000E+00    0.00000E+00    0.00000E+00
        0.02713        0.04070    3.75804E-03    6.69400E-05       32.86054       32.86054        0.70825    0.00000E+00    0.00000E+00    0.00000E+00    0.00000E+00    0.00000E+00
        0.01357        0.02713    7.22599E-03    8.30812E-05       20.90217       20.90217        0.43989    0.00000E+00    0.00000E+00    0.00000E+00    0.00000E+00    0.00000E+00
        0.00000        0.01357    2.43004E-02    1.51735E-04       10.19393       10.19393        0.24214    0.00000E+00    0.00000E+00    0.00000E+00    0.00000E+00    0.00000E+00
