SS2B153
Cosmology      70.0000     0.300000     0.700000
Number of MC iterations:    5000
Source FITS files: /mnt/SINISTER/3243/reprocessed/3243_sbprof_0.22deg.fits
       #RIN_MPC       ROUT_MPC   N_elec(cm-3)       Sigma_Ne     K(KeV cm2)K_flat(KeV cm2)          K_err              P         P_flat          P_err           Mgas           Merr
        0.06987        0.07656    2.41408E-03    4.38241E-05       50.03577       50.03577        1.26565    0.00000E+00    0.00000E+00    0.00000E+00    0.00000E+00    0.00000E+00
        0.05240        0.06987    2.00605E-03    3.75368E-05       55.66560       55.66560        1.43639    0.00000E+00    0.00000E+00    0.00000E+00    0.00000E+00    0.00000E+00
        0.03494        0.05240    2.88032E-03    4.22413E-05       41.80141       41.80141        1.06915    0.00000E+00    0.00000E+00    0.00000E+00    0.00000E+00    0.00000E+00
        0.01747        0.03494    5.06468E-03    5.97001E-05       25.93341       25.93341        0.41326    0.00000E+00    0.00000E+00    0.00000E+00    0.00000E+00    0.00000E+00
        0.00000        0.01747    1.86663E-02    1.02953E-04       11.74597       11.74597        0.28749    0.00000E+00    0.00000E+00    0.00000E+00    0.00000E+00    0.00000E+00
