SS2B153
Cosmology      70.0000     0.300000     0.700000
Number of MC iterations:    5000
Source FITS files: /mnt/SINISTER/3243/reprocessed/3243_sbprof_0.14deg.fits
       #RIN_MPC       ROUT_MPC   N_elec(cm-3)       Sigma_Ne     K(KeV cm2)K_flat(KeV cm2)          K_err              P         P_flat          P_err           Mgas           Merr
        0.07247        0.07656    2.73940E-03    6.22017E-05       45.99163       45.99163        1.23623    0.00000E+00    0.00000E+00    0.00000E+00    0.00000E+00    0.00000E+00
        0.06040        0.07247    1.78095E-03    5.45940E-05       60.65981       60.65981        1.84111    0.00000E+00    0.00000E+00    0.00000E+00    0.00000E+00    0.00000E+00
        0.04832        0.06040    2.36871E-03    5.26522E-05       48.63131       48.63131        1.33647    0.00000E+00    0.00000E+00    0.00000E+00    0.00000E+00    0.00000E+00
        0.03624        0.04832    2.97836E-03    6.32202E-05       40.25353       40.25353        1.08679    0.00000E+00    0.00000E+00    0.00000E+00    0.00000E+00    0.00000E+00
        0.02416        0.03624    4.24221E-03    8.20747E-05       29.43939       29.43939        0.57843    0.00000E+00    0.00000E+00    0.00000E+00    0.00000E+00    0.00000E+00
        0.01208        0.02416    8.47879E-03    9.83639E-05       19.01028       19.01028        0.44840    0.00000E+00    0.00000E+00    0.00000E+00    0.00000E+00    0.00000E+00
        0.00000        0.01208    2.74832E-02    1.80536E-04        9.44322        9.44322        0.22347    0.00000E+00    0.00000E+00    0.00000E+00    0.00000E+00    0.00000E+00
