ABELL_0496
Cosmology      70.0000     0.300000     0.700000
Number of MC iterations:    5000
Source FITS files: /mnt/SINISTER/3361/reprocessed/3361_sbprof_0.28deg.fits
       #RIN_MPC       ROUT_MPC   N_elec(cm-3)       Sigma_Ne     K(KeV cm2)K_flat(KeV cm2)          K_err              P         P_flat          P_err           Mgas           Merr
        0.08250        0.09668    7.67914E-03    5.68952E-05      126.65978      126.65978       12.86104    0.00000E+00    0.00000E+00    0.00000E+00    0.00000E+00    0.00000E+00
        0.06187        0.08250    5.39737E-03    1.01367E-04      189.40127      189.40127       23.14146    0.00000E+00    0.00000E+00    0.00000E+00    0.00000E+00    0.00000E+00
        0.04125        0.06187    9.19201E-03    9.11211E-05      106.32464      106.32464       10.62760    0.00000E+00    0.00000E+00    0.00000E+00    0.00000E+00    0.00000E+00
        0.02062        0.04125    1.41967E-02    1.33037E-04       65.67017       65.67017        5.29163    0.00000E+00    0.00000E+00    0.00000E+00    0.00000E+00    0.00000E+00
        0.00000        0.02062    3.18219E-02    2.59638E-04       28.67705       28.67705        1.99774    0.00000E+00    0.00000E+00    0.00000E+00    0.00000E+00    0.00000E+00
