ABELL_0496
Cosmology      70.0000     0.300000     0.700000
Number of MC iterations:    5000
Source FITS files: /mnt/SINISTER/3361/reprocessed/3361_sbprof_0.26deg.fits
       #RIN_MPC       ROUT_MPC   N_elec(cm-3)       Sigma_Ne     K(KeV cm2)K_flat(KeV cm2)          K_err              P         P_flat          P_err           Mgas           Merr
        0.07863        0.09668    7.35673E-03    4.82532E-05      130.33385      130.33385       13.23072    0.00000E+00    0.00000E+00    0.00000E+00    0.00000E+00    0.00000E+00
        0.05897        0.07863    5.66380E-03    1.05976E-04      168.67267      168.67267       18.94065    0.00000E+00    0.00000E+00    0.00000E+00    0.00000E+00    0.00000E+00
        0.03931        0.05897    9.60921E-03    9.85268E-05      102.61670      102.61670       10.09771    0.00000E+00    0.00000E+00    0.00000E+00    0.00000E+00    0.00000E+00
        0.01966        0.03931    1.49339E-02    1.44742E-04       62.71201       62.71201        4.95425    0.00000E+00    0.00000E+00    0.00000E+00    0.00000E+00    0.00000E+00
        0.00000        0.01966    3.28001E-02    2.78208E-04       27.78393       27.78393        1.95816    0.00000E+00    0.00000E+00    0.00000E+00    0.00000E+00    0.00000E+00
