ABELL_0496
Cosmology      70.0000     0.300000     0.700000
Number of MC iterations:    5000
Source FITS files: /mnt/SINISTER/3361/reprocessed/3361_sbprof_0.16deg.fits
       #RIN_MPC       ROUT_MPC   N_elec(cm-3)       Sigma_Ne     K(KeV cm2)K_flat(KeV cm2)          K_err              P         P_flat          P_err           Mgas           Merr
        0.09474        0.09668    1.16315E-02    2.39262E-04       96.03332       96.03332        9.82832    0.00000E+00    0.00000E+00    0.00000E+00    0.00000E+00    0.00000E+00
        0.08121        0.09474    6.18164E-03    1.10387E-04      153.56285      153.56285       16.62252    0.00000E+00    0.00000E+00    0.00000E+00    0.00000E+00    0.00000E+00
        0.06767        0.08121    5.86805E-03    1.34919E-04      174.33363      174.33363       20.81466    0.00000E+00    0.00000E+00    0.00000E+00    0.00000E+00    0.00000E+00
        0.05414        0.06767    7.60578E-03    1.34361E-04      117.00102      117.00102       11.73544    0.00000E+00    0.00000E+00    0.00000E+00    0.00000E+00    0.00000E+00
        0.04060        0.05414    9.67899E-03    1.56812E-04       95.50282       95.50282        8.73187    0.00000E+00    0.00000E+00    0.00000E+00    0.00000E+00    0.00000E+00
        0.02707        0.04060    1.34265E-02    1.95662E-04       67.93601       67.93601        5.44739    0.00000E+00    0.00000E+00    0.00000E+00    0.00000E+00    0.00000E+00
        0.01353        0.02707    2.10818E-02    2.68704E-04       42.16051       42.16051        3.16107    0.00000E+00    0.00000E+00    0.00000E+00    0.00000E+00    0.00000E+00
        0.00000        0.01353    4.23910E-02    4.97173E-04       20.44005       20.44005        1.43963    0.00000E+00    0.00000E+00    0.00000E+00    0.00000E+00    0.00000E+00
