ABELL_0496
Cosmology      70.0000     0.300000     0.700000
Number of MC iterations:    5000
Source FITS files: /mnt/SINISTER/3361/reprocessed/3361_sbprof_0.34deg.fits
       #RIN_MPC       ROUT_MPC   N_elec(cm-3)       Sigma_Ne     K(KeV cm2)K_flat(KeV cm2)          K_err              P         P_flat          P_err           Mgas           Merr
        0.09539        0.09668    1.27245E-02    3.26469E-04       90.45249       90.45249        9.30323    0.00000E+00    0.00000E+00    0.00000E+00    0.00000E+00    0.00000E+00
        0.07154        0.09539    6.23400E-03    7.07709E-05      150.31669      150.31669       15.91385    0.00000E+00    0.00000E+00    0.00000E+00    0.00000E+00    0.00000E+00
        0.04769        0.07154    7.46310E-03    8.23193E-05      124.92900      124.92900       12.77235    0.00000E+00    0.00000E+00    0.00000E+00    0.00000E+00    0.00000E+00
        0.02385        0.04769    1.23362E-02    1.01745E-04       75.16964       75.16964        6.52950    0.00000E+00    0.00000E+00    0.00000E+00    0.00000E+00    0.00000E+00
        0.00000        0.02385    2.87994E-02    2.07915E-04       32.38243       32.38243        2.32349    0.00000E+00    0.00000E+00    0.00000E+00    0.00000E+00    0.00000E+00
