ABELL_0496
Cosmology      70.0000     0.300000     0.700000
Number of MC iterations:    5000
Source FITS files: /mnt/SINISTER/3361/reprocessed/3361_sbprof_0.22deg.fits
       #RIN_MPC       ROUT_MPC   N_elec(cm-3)       Sigma_Ne     K(KeV cm2)K_flat(KeV cm2)          K_err              P         P_flat          P_err           Mgas           Merr
        0.08701        0.09668    8.21027E-03    7.51195E-05      121.13659      121.13659       12.30786    0.00000E+00    0.00000E+00    0.00000E+00    0.00000E+00    0.00000E+00
        0.06961        0.08701    5.27958E-03    1.10677E-04      202.56363      202.56363       25.96082    0.00000E+00    0.00000E+00    0.00000E+00    0.00000E+00    0.00000E+00
        0.05221        0.06961    7.72058E-03    1.04424E-04      118.98703      118.98703       12.04432    0.00000E+00    0.00000E+00    0.00000E+00    0.00000E+00    0.00000E+00
        0.03480        0.05221    1.04295E-02    1.30728E-04       88.59946       88.59946        7.88888    0.00000E+00    0.00000E+00    0.00000E+00    0.00000E+00    0.00000E+00
        0.01740        0.03480    1.68017E-02    1.72890E-04       54.88549       54.88549        4.47750    0.00000E+00    0.00000E+00    0.00000E+00    0.00000E+00    0.00000E+00
        0.00000        0.01740    3.54710E-02    3.32949E-04       25.66219       25.66219        1.85954    0.00000E+00    0.00000E+00    0.00000E+00    0.00000E+00    0.00000E+00
