ABELL_4059
Cosmology      70.0000     0.300000     0.700000
Number of MC iterations:    5000
Source FITS files: /mnt/SINISTER/5785/reprocessed/5785_sbprof_0.38deg.fits
       #RIN_MPC       ROUT_MPC   N_elec(cm-3)       Sigma_Ne     K(KeV cm2)K_flat(KeV cm2)          K_err              P         P_flat          P_err           Mgas           Merr
        0.20184        0.22248    2.23853E-03    1.04597E-05      278.51090      278.51090        2.38740    0.00000E+00    0.00000E+00    0.00000E+00    0.00000E+00    0.00000E+00
        0.17661        0.20184    1.53395E-03    1.95675E-05      357.48473      357.48473        5.46633    0.00000E+00    0.00000E+00    0.00000E+00    0.00000E+00    0.00000E+00
        0.15138        0.17661    2.16989E-03    1.79831E-05      282.87165      282.87165        5.46421    0.00000E+00    0.00000E+00    0.00000E+00    0.00000E+00    0.00000E+00
        0.12615        0.15138    2.53027E-03    2.13831E-05      254.59480      254.59480        6.36198    0.00000E+00    0.00000E+00    0.00000E+00    0.00000E+00    0.00000E+00
        0.10092        0.12615    3.12391E-03    2.48685E-05      220.58229      220.58229        6.76680    0.00000E+00    0.00000E+00    0.00000E+00    0.00000E+00    0.00000E+00
        0.07569        0.10092    4.12086E-03    2.88853E-05      182.85924      182.85924        6.65951    0.00000E+00    0.00000E+00    0.00000E+00    0.00000E+00    0.00000E+00
        0.05046        0.07569    6.37708E-03    3.55058E-05      136.01412      136.01412        7.74191    0.00000E+00    0.00000E+00    0.00000E+00    0.00000E+00    0.00000E+00
        0.02523        0.05046    8.01509E-03    5.10656E-05      106.28515      106.28515        5.01409    0.00000E+00    0.00000E+00    0.00000E+00    0.00000E+00    0.00000E+00
        0.00000        0.02523    1.45085E-02    9.07374E-05       51.41749       51.41749        2.28163    0.00000E+00    0.00000E+00    0.00000E+00    0.00000E+00    0.00000E+00
