ABELL_2052
Cosmology      70.0000     0.300000     0.700000
Number of MC iterations:    5000
Source FITS files: /mnt/SINISTER/merged/ABELL_2052/5807_890_sbprof_0.38deg.fits
       #RIN_MPC       ROUT_MPC   N_elec(cm-3)       Sigma_Ne     K(KeV cm2)K_flat(KeV cm2)          K_err              P         P_flat          P_err           Mgas           Merr
        0.10236        0.12345    4.67358E-03    9.15308E-06      126.98973      126.98973        5.74173    0.00000E+00    0.00000E+00    0.00000E+00    0.00000E+00    0.00000E+00
        0.07677        0.10236    3.96299E-03    1.63932E-05      133.04250      133.04250        6.39960    0.00000E+00    0.00000E+00    0.00000E+00    0.00000E+00    0.00000E+00
        0.05118        0.07677    5.61353E-03    1.86107E-05      111.59291      111.59291        4.75538    0.00000E+00    0.00000E+00    0.00000E+00    0.00000E+00    0.00000E+00
        0.02559        0.05118    1.02713E-02    2.40650E-05       66.95943       66.95943        2.75323    0.00000E+00    0.00000E+00    0.00000E+00    0.00000E+00    0.00000E+00
        0.00000        0.02559    2.52971E-02    4.41248E-05       33.28698       33.28698        1.16108    0.00000E+00    0.00000E+00    0.00000E+00    0.00000E+00    0.00000E+00
