RX_J1320.2+3308
Cosmology      70.0000     0.300000     0.700000
Number of MC iterations:    5000
Source FITS files: /mnt/SINISTER/6941/reprocessed/6941_sbprof_0.26deg.fits
       #RIN_MPC       ROUT_MPC   N_elec(cm-3)       Sigma_Ne     K(KeV cm2)K_flat(KeV cm2)          K_err              P         P_flat          P_err           Mgas           Merr
        0.15751        0.17183    9.48384E-04    2.92683E-05      107.79819      107.79819        7.59026    0.00000E+00    0.00000E+00    0.00000E+00    0.00000E+00    0.00000E+00
        0.13783        0.15751    7.27228E-04    4.34011E-05      134.36557      134.36557       10.79323    0.00000E+00    0.00000E+00    0.00000E+00    0.00000E+00    0.00000E+00
        0.11814        0.13783    6.49264E-04    5.77157E-05      153.35949      153.35949       14.39865    0.00000E+00    0.00000E+00    0.00000E+00    0.00000E+00    0.00000E+00
        0.09845        0.11814    9.48271E-04    4.77213E-05      124.17781      124.17781        9.81028    0.00000E+00    0.00000E+00    0.00000E+00    0.00000E+00    0.00000E+00
        0.07876        0.09845    1.21599E-03    4.92146E-05      104.60745      104.60745        6.38336    0.00000E+00    0.00000E+00    0.00000E+00    0.00000E+00    0.00000E+00
        0.05907        0.07876    1.16743E-03    6.86966E-05      104.46481      104.46481        6.15521    0.00000E+00    0.00000E+00    0.00000E+00    0.00000E+00    0.00000E+00
        0.03938        0.05907    1.93982E-03    6.39589E-05       71.22389       71.22389        2.94727    0.00000E+00    0.00000E+00    0.00000E+00    0.00000E+00    0.00000E+00
        0.01969        0.03938    3.70147E-03    7.46850E-05       41.41033       41.41033        1.28480    0.00000E+00    0.00000E+00    0.00000E+00    0.00000E+00    0.00000E+00
        0.00000        0.01969    1.16784E-02    1.32310E-04       16.97866       17.67876        0.40916    0.00000E+00    0.00000E+00    0.00000E+00    0.00000E+00    0.00000E+00
