AWM7
Cosmology      70.0000     0.300000     0.700000
Number of MC iterations:    5000
Source FITS files: /mnt/SINISTER/908/reprocessed/908_sbprof_0.2deg.fits
       #RIN_MPC       ROUT_MPC   N_elec(cm-3)       Sigma_Ne     K(KeV cm2)K_flat(KeV cm2)          K_err              P         P_flat          P_err           Mgas           Merr
        0.08090        0.08779    7.40371E-03    3.03064E-05      100.30379      100.30379        3.95432    0.00000E+00    0.00000E+00    0.00000E+00    0.00000E+00    0.00000E+00
        0.06472        0.08090    4.63057E-03    3.55622E-05      136.56555      136.56555        6.15899    0.00000E+00    0.00000E+00    0.00000E+00    0.00000E+00    0.00000E+00
        0.04854        0.06472    5.53921E-03    3.89330E-05      117.89924      117.89924        5.20207    0.00000E+00    0.00000E+00    0.00000E+00    0.00000E+00    0.00000E+00
        0.03236        0.04854    6.47552E-03    5.27020E-05      108.22766      108.22766        4.64272    0.00000E+00    0.00000E+00    0.00000E+00    0.00000E+00    0.00000E+00
        0.01618        0.03236    8.55905E-03    7.15187E-05       86.89508       86.89508        3.50776    0.00000E+00    0.00000E+00    0.00000E+00    0.00000E+00    0.00000E+00
        0.00000        0.01618    1.75160E-02    1.26371E-04       46.86640       46.86640        1.77459    0.00000E+00    0.00000E+00    0.00000E+00    0.00000E+00    0.00000E+00
