AWM7
Cosmology      70.0000     0.300000     0.700000
Number of MC iterations:    5000
Source FITS files: /mnt/SINISTER/908/reprocessed/908_sbprof_0.12deg.fits
       #RIN_MPC       ROUT_MPC   N_elec(cm-3)       Sigma_Ne     K(KeV cm2)K_flat(KeV cm2)          K_err              P         P_flat          P_err           Mgas           Merr
        0.08400        0.08779    8.35262E-03    4.64085E-05       92.55540       92.55540        3.65621    0.00000E+00    0.00000E+00    0.00000E+00    0.00000E+00    0.00000E+00
        0.07350        0.08400    4.88187E-03    4.68689E-05      131.70494      131.70494        5.73386    0.00000E+00    0.00000E+00    0.00000E+00    0.00000E+00    0.00000E+00
        0.06300        0.07350    5.16767E-03    5.10397E-05      123.91818      123.91818        5.44550    0.00000E+00    0.00000E+00    0.00000E+00    0.00000E+00    0.00000E+00
        0.05250        0.06300    5.28365E-03    6.13687E-05      123.94716      123.94716        5.56380    0.00000E+00    0.00000E+00    0.00000E+00    0.00000E+00    0.00000E+00
        0.04200        0.05250    5.80701E-03    7.32482E-05      115.29100      115.29100        4.83247    0.00000E+00    0.00000E+00    0.00000E+00    0.00000E+00    0.00000E+00
        0.03150        0.04200    6.98044E-03    8.74672E-05      101.41915      101.41915        4.46175    0.00000E+00    0.00000E+00    0.00000E+00    0.00000E+00    0.00000E+00
        0.02100        0.03150    8.14633E-03    1.10686E-04       89.44568       89.44568        3.65890    0.00000E+00    0.00000E+00    0.00000E+00    0.00000E+00    0.00000E+00
        0.01050        0.02100    1.19326E-02    1.34625E-04       64.41513       64.41513        2.49478    0.00000E+00    0.00000E+00    0.00000E+00    0.00000E+00    0.00000E+00
        0.00000        0.01050    2.27757E-02    2.39739E-04       32.49243       32.49243        1.27361    0.00000E+00    0.00000E+00    0.00000E+00    0.00000E+00    0.00000E+00
