AWM7
Cosmology      70.0000     0.300000     0.700000
Number of MC iterations:    5000
Source FITS files: /mnt/SINISTER/908/reprocessed/908_sbprof_0.26deg.fits
       #RIN_MPC       ROUT_MPC   N_elec(cm-3)       Sigma_Ne     K(KeV cm2)K_flat(KeV cm2)          K_err              P         P_flat          P_err           Mgas           Merr
        0.07918        0.08779    7.09714E-03    2.55066E-05      103.17188      103.17188        4.06516    0.00000E+00    0.00000E+00    0.00000E+00    0.00000E+00    0.00000E+00
        0.05939        0.07918    4.62520E-03    3.10789E-05      137.40973      137.40973        6.15477    0.00000E+00    0.00000E+00    0.00000E+00    0.00000E+00    0.00000E+00
        0.03959        0.05939    5.83889E-03    3.51090E-05      113.77754      113.77754        5.08008    0.00000E+00    0.00000E+00    0.00000E+00    0.00000E+00    0.00000E+00
        0.01980        0.03959    7.59903E-03    5.20114E-05       95.42907       95.42907        4.08922    0.00000E+00    0.00000E+00    0.00000E+00    0.00000E+00    0.00000E+00
        0.00000        0.01980    1.50437E-02    9.46169E-05       54.46328       54.46328        2.07474    0.00000E+00    0.00000E+00    0.00000E+00    0.00000E+00    0.00000E+00
