2A_0335+096
Cosmology      70.0000     0.300000     0.700000
Number of MC iterations:    5000
Source FITS files: /mnt/SINISTER/919/reprocessed/919_sbprof_0.36deg.fits
       #RIN_MPC       ROUT_MPC   N_elec(cm-3)       Sigma_Ne     K(KeV cm2)K_flat(KeV cm2)          K_err              P         P_flat          P_err           Mgas           Merr
        0.14695        0.16600    4.10816E-03    2.49858E-05      170.76951      170.76951        4.72853    0.00000E+00    0.00000E+00    0.00000E+00    0.00000E+00    0.00000E+00
        0.12246        0.14695    3.19137E-03    4.18986E-05      197.51542      197.51542        6.02271    0.00000E+00    0.00000E+00    0.00000E+00    0.00000E+00    0.00000E+00
        0.09797        0.12246    4.34174E-03    4.37791E-05      156.09059      156.09059        5.05414    0.00000E+00    0.00000E+00    0.00000E+00    0.00000E+00    0.00000E+00
        0.07347        0.09797    5.99942E-03    4.93869E-05      121.96615      121.96615        4.23601    0.00000E+00    0.00000E+00    0.00000E+00    0.00000E+00    0.00000E+00
        0.04898        0.07347    9.14373E-03    6.14012E-05       88.31624       88.31624        3.03212    0.00000E+00    0.00000E+00    0.00000E+00    0.00000E+00    0.00000E+00
        0.02449        0.04898    1.93613E-02    7.36218E-05       44.48376       44.48376        1.40654    0.00000E+00    0.00000E+00    0.00000E+00    0.00000E+00    0.00000E+00
        0.00000        0.02449    4.49763E-02    1.57004E-04       17.41909       17.41909        0.46157    0.00000E+00    0.00000E+00    0.00000E+00    0.00000E+00    0.00000E+00
