2A_0335+096
Cosmology      70.0000     0.300000     0.700000
Number of MC iterations:    5000
Source FITS files: /mnt/SINISTER/919/reprocessed/919_sbprof_0.28deg.fits
       #RIN_MPC       ROUT_MPC   N_elec(cm-3)       Sigma_Ne     K(KeV cm2)K_flat(KeV cm2)          K_err              P         P_flat          P_err           Mgas           Merr
        0.14525        0.16600    4.05614E-03    2.35311E-05      172.22632      172.22632        4.76425    0.00000E+00    0.00000E+00    0.00000E+00    0.00000E+00    0.00000E+00
        0.12450        0.14525    3.14094E-03    4.98288E-05      199.21226      199.21226        6.21971    0.00000E+00    0.00000E+00    0.00000E+00    0.00000E+00    0.00000E+00
        0.10375        0.12450    4.19688E-03    5.05222E-05      160.06955      160.06955        5.19751    0.00000E+00    0.00000E+00    0.00000E+00    0.00000E+00    0.00000E+00
        0.08300        0.10375    5.33203E-03    5.80624E-05      132.92645      132.92645        4.57733    0.00000E+00    0.00000E+00    0.00000E+00    0.00000E+00    0.00000E+00
        0.06225        0.08300    7.31328E-03    6.52872E-05      104.36331      104.36331        3.66632    0.00000E+00    0.00000E+00    0.00000E+00    0.00000E+00    0.00000E+00
        0.04150        0.06225    1.17894E-02    7.59382E-05       69.29518       69.29518        2.33133    0.00000E+00    0.00000E+00    0.00000E+00    0.00000E+00    0.00000E+00
        0.02075        0.04150    2.42922E-02    9.37326E-05       35.70997       35.70997        1.05576    0.00000E+00    0.00000E+00    0.00000E+00    0.00000E+00    0.00000E+00
        0.00000        0.02075    4.83511E-02    2.11140E-04       15.74927       15.74927        0.39831    0.00000E+00    0.00000E+00    0.00000E+00    0.00000E+00    0.00000E+00
