HCG_0062
Cosmology      70.0000     0.300000     0.700000
Number of MC iterations:    5000
Source FITS files: /mnt/SINISTER/921/reprocessed/921_sbprof_0.18deg.fits
       #RIN_MPC       ROUT_MPC   N_elec(cm-3)       Sigma_Ne     K(KeV cm2)K_flat(KeV cm2)          K_err              P         P_flat          P_err           Mgas           Merr
        0.05980        0.07094    1.99860E-03    2.22939E-05       72.82202       72.82202        8.14970    0.00000E+00    0.00000E+00    0.00000E+00    0.00000E+00    0.00000E+00
        0.04485        0.05980    1.32327E-03    3.60429E-05      102.86637      102.86637        7.69320    0.00000E+00    0.00000E+00    0.00000E+00    0.00000E+00    0.00000E+00
        0.02990        0.04485    2.25511E-03    3.19150E-05       79.90846       79.90846        4.77982    0.00000E+00    0.00000E+00    0.00000E+00    0.00000E+00    0.00000E+00
        0.01495        0.02990    4.29636E-03    3.40350E-05       44.62243       44.62243        1.56336    0.00000E+00    0.00000E+00    0.00000E+00    0.00000E+00    0.00000E+00
        0.00000        0.01495    1.65402E-02    6.72312E-05       13.83841       13.83841        0.31036    0.00000E+00    0.00000E+00    0.00000E+00    0.00000E+00    0.00000E+00
