HCG_0062
Cosmology      70.0000     0.300000     0.700000
Number of MC iterations:    5000
Source FITS files: /mnt/SINISTER/921/reprocessed/921_sbprof_0.1deg.fits
       #RIN_MPC       ROUT_MPC   N_elec(cm-3)       Sigma_Ne     K(KeV cm2)K_flat(KeV cm2)          K_err              P         P_flat          P_err           Mgas           Merr
        0.06361        0.07094    2.13470E-03    3.03036E-05       69.69289       69.69289        7.81018    0.00000E+00    0.00000E+00    0.00000E+00    0.00000E+00    0.00000E+00
        0.05452        0.06361    1.26472E-03    5.51828E-05      106.57023      106.57023       10.08972    0.00000E+00    0.00000E+00    0.00000E+00    0.00000E+00    0.00000E+00
        0.04543        0.05452    1.60052E-03    5.05570E-05       97.98214       97.98214        9.09500    0.00000E+00    0.00000E+00    0.00000E+00    0.00000E+00    0.00000E+00
        0.03635        0.04543    1.91019E-03    5.53983E-05       88.83308       88.83308        5.62610    0.00000E+00    0.00000E+00    0.00000E+00    0.00000E+00    0.00000E+00
        0.02726        0.03635    2.58407E-03    5.08609E-05       69.42972       69.42972        3.00469    0.00000E+00    0.00000E+00    0.00000E+00    0.00000E+00    0.00000E+00
        0.01817        0.02726    3.88764E-03    5.92468E-05       46.01323       46.01323        1.68403    0.00000E+00    0.00000E+00    0.00000E+00    0.00000E+00    0.00000E+00
        0.00909        0.01817    1.05357E-02    6.85723E-05       19.80981       19.80981        0.53423    0.00000E+00    0.00000E+00    0.00000E+00    0.00000E+00    0.00000E+00
        0.00000        0.00909    2.51735E-02    1.52278E-04        9.15083        9.15083        0.23575    0.00000E+00    0.00000E+00    0.00000E+00    0.00000E+00    0.00000E+00
