           #rin           rout          nelec         ne_err             tx         tx_err         lambda          5/2tc         tc_err          3/2tc         tc_err
           #Mpc            Mpc          cm^-3          cm^-3            keV            keV       e cm^3/s            Gyr            Gyr            Gyr            Gyr
    0.00000E+00    1.42800E-02    7.62727E-03    1.72075E-04    1.59100E+01    9.28000E+00    3.35986E-23    1.81244E+01    1.05795E+01    1.08746E+01    6.34770E+00
    1.42800E-02    2.85600E-02    6.06741E-03    1.93739E-04    1.59100E+01    9.28000E+00    3.29845E-23    2.32081E+01    1.35571E+01    1.39249E+01    8.13427E+00
    2.85600E-02    4.28400E-02    5.86401E-03    1.84038E-04    1.59343E+01    7.59580E+00    3.23704E-23    2.45061E+01    1.17072E+01    1.47037E+01    7.02433E+00
    4.28400E-02    5.71100E-02    4.68574E-03    1.95379E-04    1.59672E+01    5.31633E+00    3.17565E-23    3.13258E+01    1.05115E+01    1.87955E+01    6.30687E+00
    5.71100E-02    7.13900E-02    4.87740E-03    1.86254E-04    1.61220E+01    4.05985E+00    3.15909E-23    3.05458E+01    7.78000E+00    1.83275E+01    4.66800E+00
    7.13900E-02    8.56700E-02    5.56288E-03    1.65868E-04    1.64058E+01    4.97371E+00    3.24252E-23    2.65520E+01    8.08856E+00    1.59312E+01    4.85314E+00
    8.56700E-02    9.99500E-02    4.78097E-03    1.76886E-04    1.53669E+01    4.66979E+00    3.32385E-23    2.82301E+01    8.64208E+00    1.69381E+01    5.18525E+00
    9.99500E-02    1.14230E-01    4.92050E-03    1.35679E-04    1.55229E+01    4.15913E+00    3.45275E-23    2.66736E+01    7.18455E+00    1.60041E+01    4.31073E+00
    1.14230E-01    1.28510E-01    4.22078E-03    2.07312E-04    1.59450E+01    4.80819E+00    3.48199E-23    3.16730E+01    9.67678E+00    1.90038E+01    5.80607E+00
    1.28510E-01    1.42780E-01    4.93458E-03    1.67164E-04    1.44734E+01    3.71968E+00    3.14575E-23    2.72194E+01    7.05593E+00    1.63317E+01    4.23356E+00
    1.42780E-01    1.57060E-01    4.42211E-03    1.31424E-04    1.28305E+01    2.95017E+00    3.02948E-23    2.79595E+01    6.48232E+00    1.67757E+01    3.88939E+00
    1.57060E-01    1.71340E-01    4.59930E-03    1.68198E-04    1.44205E+01    3.23513E+00    3.02150E-23    3.02934E+01    6.88582E+00    1.81761E+01    4.13149E+00
    1.71340E-01    1.85620E-01    4.31742E-03    1.59657E-04    1.75857E+01    4.50285E+00    3.28774E-23    3.61678E+01    9.35690E+00    2.17007E+01    5.61414E+00
    1.85620E-01    1.99900E-01    3.79886E-03    1.85798E-04    1.68842E+01    4.56847E+00    3.25833E-23    3.98213E+01    1.09493E+01    2.38928E+01    6.56960E+00
    1.99900E-01    2.14180E-01    3.70055E-03    1.61020E-04    1.82719E+01    4.95592E+00    3.36033E-23    4.28961E+01    1.17836E+01    2.57377E+01    7.07016E+00
    2.14180E-01    2.28460E-01    3.27059E-03    1.37749E-04    1.71956E+01    4.95537E+00    3.37672E-23    4.54549E+01    1.32382E+01    2.72729E+01    7.94290E+00
    2.28460E-01    2.42730E-01    2.94546E-03    2.32402E-04    1.59460E+01    5.14431E+00    3.30729E-23    4.77869E+01    1.58708E+01    2.86721E+01    9.52251E+00
    2.42730E-01    2.57010E-01    3.01911E-03    1.69534E-04    1.94144E+01    7.13513E+00    3.56694E-23    5.26299E+01    1.95669E+01    3.15780E+01    1.17401E+01
    2.57010E-01    2.71290E-01    2.53039E-03    1.36891E-04    2.02473E+01    8.10361E+00    3.66931E-23    6.36618E+01    2.57112E+01    3.81971E+01    1.54267E+01
    2.71290E-01    2.85570E-01    2.53453E-03    2.12401E-04    1.92201E+01    5.92343E+00    3.45580E-23    6.40609E+01    2.04598E+01    3.84365E+01    1.22759E+01
    2.85570E-01    2.99850E-01    2.50242E-03    1.18700E-04    2.08123E+01    6.48067E+00    3.69215E-23    6.57604E+01    2.07131E+01    3.94562E+01    1.24279E+01
    2.99850E-01    3.14130E-01    1.93324E-03    1.50492E-04    2.29982E+01    7.65369E+00    3.80691E-23    9.12262E+01    3.11791E+01    5.47357E+01    1.87075E+01
    3.14130E-01    3.28400E-01    2.06921E-03    1.55524E-04    2.29337E+01    7.72387E+00    3.73610E-23    8.66035E+01    2.98848E+01    5.19621E+01    1.79309E+01
    3.28400E-01    3.42680E-01    1.93751E-03    1.31804E-04    2.06844E+01    6.72916E+00    3.58412E-23    8.69559E+01    2.89009E+01    5.21735E+01    1.73405E+01
    3.42680E-01    3.56960E-01    1.72449E-03    1.93246E-04    1.86950E+01    6.09118E+00    3.57390E-23    8.85533E+01    3.05111E+01    5.31320E+01    1.83067E+01
    3.56960E-01    3.71240E-01    1.85961E-03    1.05819E-04    1.74096E+01    5.14156E+00    3.40439E-23    8.02807E+01    2.41453E+01    4.81684E+01    1.44872E+01
    3.71240E-01    3.85520E-01    1.50309E-03    1.70631E-04    1.66096E+01    4.24071E+00    3.20968E-23    1.00507E+02    2.80832E+01    6.03040E+01    1.68499E+01
    3.85520E-01    3.99800E-01    1.61579E-03    1.15934E-04    1.83128E+01    5.43294E+00    3.47629E-23    9.51780E+01    2.90510E+01    5.71068E+01    1.74306E+01
    3.99800E-01    4.14070E-01    1.51800E-03    2.55529E-04    1.94412E+01    6.27426E+00    3.65017E-23    1.02429E+02    3.72833E+01    6.14572E+01    2.23700E+01
    4.14070E-01    4.28350E-01    1.43973E-03    1.03134E-04    1.93177E+01    6.35141E+00    3.62209E-23    1.08143E+02    3.63902E+01    6.48860E+01    2.18341E+01
    4.28350E-01    4.42630E-01    1.41263E-03    1.32894E-04    2.02609E+01    7.19094E+00    3.67020E-23    1.14084E+02    4.18885E+01    6.84503E+01    2.51331E+01
    4.42630E-01    4.56910E-01    1.23567E-03    1.32662E-04    2.30175E+01    9.32656E+00    3.84787E-23    1.41325E+02    5.92400E+01    8.47947E+01    3.55440E+01
    4.56910E-01    4.71190E-01    1.35786E-03    1.16661E-04    2.42017E+01    1.01832E+01    3.89868E-23    1.33462E+02    5.73145E+01    8.00771E+01    3.43887E+01
    4.71190E-01    4.85470E-01    1.00989E-03    1.20695E-04    2.05278E+01    7.08791E+00    3.55749E-23    1.66805E+02    6.09474E+01    1.00083E+02    3.65684E+01
    4.85470E-01    4.99750E-01    1.07210E-03    9.81252E-05    1.74813E+01    4.44176E+00    3.27364E-23    1.45409E+02    3.92703E+01    8.72452E+01    2.35622E+01
    4.99750E-01    5.14020E-01    1.24864E-03    1.27908E-04    1.90925E+01    5.13041E+00    3.41548E-23    1.30694E+02    3.75846E+01    7.84164E+01    2.25508E+01
    5.14020E-01    5.28300E-01    1.04927E-03    1.03867E-04    2.07037E+01    5.81906E+00    3.55733E-23    1.61927E+02    4.82521E+01    9.71561E+01    2.89513E+01
    5.28300E-01    5.42580E-01    1.05645E-03    9.60250E-05    2.17701E+01    7.01010E+00    3.68524E-23    1.63241E+02    5.46185E+01    9.79444E+01    3.27711E+01
    5.42580E-01    5.56860E-01    9.37250E-04    1.06878E-04    2.27085E+01    8.31901E+00    3.80988E-23    1.85655E+02    7.12313E+01    1.11393E+02    4.27388E+01
    5.56860E-01    5.71140E-01    9.47394E-04    7.86095E-05    2.29696E+01    8.73383E+00    3.84396E-23    1.84131E+02    7.16606E+01    1.10479E+02    4.29964E+01
    5.71140E-01    5.85420E-01    9.68735E-04    9.38089E-05    2.21272E+01    7.69238E+00    3.73055E-23    1.78745E+02    6.45050E+01    1.07247E+02    3.87030E+01
    5.85420E-01    5.99690E-01    8.43935E-04    4.88331E-05    2.12852E+01    6.65129E+00    3.61718E-23    2.03555E+02    6.46892E+01    1.22133E+02    3.88135E+01
