ABELL_2163
Cosmology      70.0000     0.300000     0.700000
Number of MC iterations:    5000
Source FITS files: /mnt/SINISTER/1653/reprocessed/1653_sbprof_10pix.fits
       #RIN_MPC       ROUT_MPC   N_elec(cm-3)       Sigma_Ne     K(KeV cm2)K_flat(KeV cm2)          K_err              P         P_flat          P_err           Mgas           Merr
        0.58542        0.59969    8.43935E-04    4.88331E-05     2475.12232     2475.12232      863.43547    1.86543E-02    1.86543E-02    6.55700E-03    2.80699E+15    7.13681E+14
        0.57114        0.58542    9.68735E-04    9.38089E-05     2337.81241     2337.81241      894.62965    2.21726E-02    2.21726E-02    8.63459E-03   -4.47239E+14   -1.23710E+14
        0.55686        0.57114    9.47394E-04    7.86095E-05     2367.16398     2367.16398      890.24183    2.16328E-02    2.16328E-02    8.24492E-03    8.44347E+14    2.30331E+14
        0.54258        0.55686    9.37250E-04    1.06878E-04     2286.60620     2286.60620      770.62721    2.05250E-02    2.05250E-02    7.13390E-03    8.46011E+14    2.03700E+14
        0.52830        0.54258    1.05645E-03    9.60250E-05     2018.30575     2018.30575      583.50761    2.21174E-02    2.21174E-02    6.56752E-03    4.09029E+14    8.47930E+13
        0.51402        0.52830    1.04927E-03    1.03867E-04     1879.79084     1879.79084      524.88244    2.03668E-02    2.03668E-02    5.88208E-03    2.45039E+14    4.87536E+13
        0.49975        0.51402    1.24864E-03    1.27908E-04     1542.42128     1542.42128      411.65102    2.23321E-02    2.23321E-02    6.19925E-03    5.80840E+14    1.09895E+14
        0.48547        0.49975    1.07210E-03    9.81252E-05     1857.69371     1857.69371      601.49257    2.08624E-02    2.08624E-02    6.90324E-03    4.12269E+14    9.61360E+13
        0.47119        0.48547    1.00989E-03    1.20695E-04     2286.67851     2286.67851      930.53544    2.32450E-02    2.32450E-02    9.68325E-03    2.97304E+14    8.70046E+13
        0.45691        0.47119    1.35786E-03    1.16661E-04     1951.35394     1951.35394      825.71967    3.24909E-02    3.24909E-02    1.39052E-02    7.99788E+14    2.45899E+14
        0.44263        0.45691    1.23567E-03    1.32662E-04     1832.50107     1832.50107      693.54486    2.60743E-02    2.60743E-02    1.00865E-02    9.42478E+14    2.56859E+14
        0.42835        0.44263    1.41263E-03    1.32894E-04     1531.18886     1531.18886      515.51886    2.72317E-02    2.72317E-02    9.36506E-03    3.20215E+14    7.76765E+13
        0.41407        0.42835    1.43973E-03    1.03134E-04     1520.48756     1520.48756      500.05986    2.79115E-02    2.79115E-02    9.29976E-03    3.77789E+14    9.01493E+13
        0.39980        0.41407    1.51800E-03    2.55529E-04     1455.35601     1455.35601      487.71649    2.91804E-02    2.91804E-02    1.04418E-02    4.45997E+14    1.03277E+14
        0.38552        0.39980    1.61579E-03    1.15934E-04     1268.41902     1268.41902      356.69523    2.82210E-02    2.82210E-02    8.07832E-03    2.61925E+14    5.32277E+13
        0.37124        0.38552    1.50309E-03    1.70631E-04     1286.11647     1286.11647      361.80015    2.53661E-02    2.53661E-02    7.45158E-03    3.06218E+14    6.08425E+13
        0.35696        0.37124    1.85961E-03    1.05819E-04     1175.62250     1175.62250      368.69461    3.30602E-02    3.30602E-02    1.04626E-02    2.99218E+14    6.83105E+13
        0.34268        0.35696    1.72449E-03    1.93246E-04     1344.75966     1344.75966      449.29479    3.33488E-02    3.33488E-02    1.14850E-02    3.36417E+14    8.03394E+13
        0.32840        0.34268    1.93751E-03    1.31804E-04     1372.96087     1372.96087      453.60435    4.13425E-02    4.13425E-02    1.38188E-02    3.51349E+14    8.43196E+13
        0.31413        0.32840    2.06921E-03    1.55524E-04     1443.67992     1443.67992      495.52307    4.85078E-02    4.85078E-02    1.68699E-02    4.94381E+14    1.23106E+14
        0.29985        0.31413    1.93324E-03    1.50492E-04     1454.00555     1454.00555      483.61501    4.36225E-02    4.36225E-02    1.47283E-02    3.03850E+14    7.32052E+13
        0.28557        0.29985    2.50242E-03    1.18700E-04     1111.71619     1111.71619      344.99172    5.12776E-02    5.12776E-02    1.60156E-02    3.41634E+14    7.73411E+13
        0.27129        0.28557    2.53453E-03    2.12401E-04     1041.03635     1041.03635      338.61572    4.90488E-02    4.90488E-02    1.62455E-02    3.52139E+14    8.27473E+13
        0.25701        0.27129    2.53039E-03    1.36891E-04     1085.42085     1085.42085      432.41835    5.10009E-02    5.10009E-02    2.04219E-02    1.93841E+14    5.63982E+13
        0.24273        0.25701    3.01911E-03    1.69534E-04      920.83936      920.83936      338.34786    5.80742E-02    5.80742E-02    2.14764E-02    2.35710E+14    6.31820E+13
        0.22846        0.24273    2.94546E-03    2.32402E-04      778.60481      778.60481      253.12873    4.71237E-02    4.71237E-02    1.55688E-02    1.96992E+14    4.63463E+13
        0.21418        0.22846    3.27059E-03    1.37749E-04      779.78522      779.78522      225.86391    5.61935E-02    5.61935E-02    1.63717E-02    1.54394E+14    3.26402E+13
        0.19990        0.21418    3.70055E-03    1.61020E-04      762.29117      762.29117      207.66290    6.74889E-02    6.74889E-02    1.85151E-02    1.88970E+14    3.75367E+13
        0.18562        0.19990    3.79886E-03    1.85798E-04      690.70968      690.70968      185.91345    6.38829E-02    6.38829E-02    1.73519E-02    1.08433E+14    2.12456E+13
        0.17134        0.18562    4.31742E-03    1.59657E-04      662.36645      662.36645      173.24866    7.58237E-02    7.58237E-02    1.99423E-02    8.67415E+13    1.65639E+13
        0.15706        0.17134    4.59930E-03    1.68198E-04      526.53392      526.53392      119.26721    6.69751E-02    6.69751E-02    1.52802E-02    3.19922E+13    5.28336E+12
        0.14278        0.15706    4.42211E-03    1.31424E-04      475.82716      475.82716      109.23654    5.66889E-02    5.66889E-02    1.30746E-02    1.94951E+13    3.26981E+12
        0.12851        0.14278    4.93458E-03    1.67164E-04      485.15451      485.15451      123.72403    6.93901E-02    6.93901E-02    1.77824E-02    4.49942E+12    8.38151E+11
        0.11423        0.12851    4.22078E-03    2.07312E-04      609.95166      609.95166      183.69382    6.72382E-02    6.72382E-02    2.03986E-02    2.63134E+13    5.77691E+12
        0.09995        0.11423    4.92050E-03    1.35679E-04      536.35000      536.35000      143.72215    7.63479E-02    7.63479E-02    2.05185E-02   -1.76739E+12   -3.46485E+11
        0.08567        0.09995    4.78097E-03    1.76886E-04      541.42240      541.42240      165.37519    7.34620E-02    7.34620E-02    2.25299E-02    1.32807E+13    2.96507E+12
        0.07139        0.08567    5.56288E-03    1.65868E-04      524.95690      524.95690      159.36989    9.16832E-02    9.16832E-02    2.79083E-02    6.74955E+12    1.49943E+12
        0.05711        0.07139    4.87740E-03    1.86254E-04      557.98516      557.98516      135.65436    7.82714E-02    7.82714E-02    1.91589E-02    8.01613E+12    1.42129E+12
        0.04284        0.05711    4.68574E-03    1.95379E-04      569.16536      569.16536      263.53666    7.46796E-02    7.46796E-02    3.46562E-02    1.97341E+12    6.68864E+11
        0.02856        0.04284    5.86401E-03    1.84038E-04      488.27671      489.26077      285.55932    9.31088E-02    9.32964E-02    5.44964E-02    6.76606E+12    2.89994E+12
        0.01428        0.02856    6.06741E-03    1.93739E-04      475.50993      478.26457      279.14623    9.59764E-02    9.65324E-02    5.63889E-02    5.51700E+12    2.37351E+12
        0.00000        0.01428    7.62727E-03    1.72075E-04      406.70076      410.60480      239.57608    1.20196E-01    1.21350E-01    7.08330E-02    2.74810E+12    1.18676E+12
