MACS_J2214.9-1359
Cosmology      70.0000     0.300000     0.700000
Number of MC iterations:    5000
Source FITS files: /mnt/SINISTER/merged/MACS_J2214.9-1359/3259_5011_sbprof_10pix.fits
       #RIN_MPC       ROUT_MPC   N_elec(cm-3)       Sigma_Ne     K(KeV cm2)K_flat(KeV cm2)          K_err              P         P_flat          P_err           Mgas           Merr
        0.97398        1.00442    1.38631E-04    2.31194E-04     2139.58264     2139.58264     2633.65693    7.94505E-04    7.94505E-04    1.38988E-03   -1.54985E+13   -6.00415E+12
        0.94354        0.97398    1.38321E-04    2.53518E-04     2234.10996     2234.10996     2946.63231    8.26516E-04    8.26516E-04    1.56947E-03    6.81853E+14    2.48296E+14
        0.91310        0.94354    1.52950E-04    3.19919E-04     2174.69553     2174.69553     3198.27061    9.51288E-04    9.51288E-04    2.03884E-03    7.31849E+13    2.50822E+13
        0.88267        0.91310    1.68545E-04    2.03999E-04     2118.44738     2118.44738     1947.35298    1.08945E-03    1.08945E-03    1.40318E-03   -8.68434E+13   -2.80432E+13
        0.85223        0.88267    1.63597E-04    4.83824E-04     2242.61253     2242.61253     4518.58614    1.09743E-03    1.09743E-03    3.27742E-03   -1.58663E+14   -4.83213E+13
        0.82179        0.85223    1.44736E-04    2.90435E-04     2522.04106     2522.04106     3515.78037    1.00627E-03    1.00627E-03    2.05741E-03    4.35296E+13    1.25138E+13
        0.79136        0.82179    1.26301E-04    3.63439E-04     2858.88352     2858.88352     5585.66163    9.08953E-04    9.08953E-04    2.63714E-03    9.12759E+13    2.47873E+13
        0.76092        0.79136    1.33827E-04    3.62786E-04     2844.03046     2844.03046     5235.34878    9.95808E-04    9.95808E-04    2.72190E-03    6.14344E+14    1.57699E+14
        0.73048        0.76092    1.80124E-04    4.47507E-04     2409.59632     2409.59632     4069.93605    1.38430E-03    1.38430E-03    3.46961E-03    6.12226E+14    1.48630E+14
        0.70005        0.73048    1.81704E-04    3.68780E-04     2471.75497     2471.75497     3432.84999    1.44083E-03    1.44083E-03    2.95888E-03    6.98615E+14    1.60475E+14
        0.66961        0.70005    2.61148E-04    3.28474E-04     2000.62890     2000.62890     1779.37290    2.13458E-03    2.13458E-03    2.75846E-03    4.25457E+14    9.25023E+13
        0.63917        0.66961    2.21569E-04    3.11408E-04     2299.01119     2299.01119     2248.71435    1.86518E-03    1.86518E-03    2.67323E-03    5.64556E+14    1.16212E+14
        0.60874        0.63917    2.62997E-04    4.44057E-04     2104.59640     2104.59640     2440.41902    2.27206E-03    2.27206E-03    3.88808E-03    5.28912E+13    1.08006E+13
        0.57830        0.60874    2.80551E-04    4.17430E-04     2067.16032     2067.16032     2128.90807    2.48538E-03    2.48538E-03    3.76151E-03    2.03234E+14    4.12783E+13
        0.54786        0.57830    3.39191E-04    2.30318E-03     1866.65390     1866.65390     8465.62624    3.07944E-03    3.07944E-03    2.09273E-02    1.83281E+14    3.70348E+13
        0.51743        0.54786    2.77428E-04    3.58786E-04     2186.00059     2186.00059     1977.72102    2.57969E-03    2.57969E-03    3.41037E-03    3.10747E+14    6.24826E+13
        0.48699        0.51743    2.79034E-04    5.45362E-04     2229.08667     2229.08667     2967.46535    2.65597E-03    2.65597E-03    5.24135E-03    2.29447E+14    4.59180E+13
        0.45655        0.48699    3.41026E-04    5.27469E-04     1995.06035     1995.06035     2127.38416    3.32100E-03    3.32100E-03    5.21525E-03    4.13232E+14    8.23242E+13
        0.42612        0.45655    4.66363E-04    4.10987E-04     1655.87143     1655.87143     1070.98738    4.64408E-03    4.64408E-03    4.28108E-03    4.60638E+14    9.13701E+13
        0.39568        0.42612    5.26322E-04    4.85228E-04     1561.31803     1561.31803     1047.71835    5.35686E-03    5.35686E-03    5.14508E-03    3.75957E+14    7.42621E+13
        0.36524        0.39568    5.99728E-04    6.11626E-04     1462.07531     1462.07531     1068.64316    6.23582E-03    6.23582E-03    6.57589E-03    2.52683E+14    4.97119E+13
        0.33481        0.36524    7.04850E-04    4.55094E-04     1340.58422     1340.58422      679.20952    7.48380E-03    7.48380E-03    5.22954E-03    1.97797E+14    3.87635E+13
        0.30437        0.33481    7.91455E-04    1.30223E-03     1266.60507     1266.60507     1429.69250    8.57732E-03    8.57732E-03    1.42964E-02    1.77938E+14    3.47420E+13
        0.27393        0.30437    9.07471E-04    5.72333E-04     1148.21307     1148.21307      568.96211    9.76661E-03    9.76661E-03    6.67083E-03    1.39784E+14    2.68785E+13
        0.24349        0.27393    9.41156E-04    1.14601E-03     1080.61487     1080.61487      919.32702    9.76727E-03    9.76727E-03    1.21503E-02    1.29229E+14    2.41223E+13
        0.21306        0.24349    1.12253E-03    2.51378E-03      925.23073      925.23073     1399.96399    1.12180E-02    1.12180E-02    2.52728E-02    1.07905E+14    1.94882E+13
        0.18262        0.21306    1.31013E-03    1.35466E-03      802.54381      802.54381      585.09525    1.25890E-02    1.25890E-02    1.33555E-02    9.21299E+13    1.60366E+13
        0.15218        0.18262    1.70481E-03    1.15914E-03      646.38655      646.38655      327.88562    1.57260E-02    1.57260E-02    1.12761E-02    7.14549E+13    1.19315E+13
        0.12175        0.15218    2.15476E-03    4.04851E-03      529.89129      529.89129      673.63539    1.90481E-02    1.90481E-02    3.60271E-02    4.82748E+13    7.68901E+12
        0.09131        0.12175    2.37428E-03    2.25089E-03      475.10039      496.70414      319.06538    2.00757E-02    2.09886E-02    1.95708E-02    2.71819E+13    4.52629E+12
        0.06087        0.09131    3.30247E-03    5.72074E-04      363.94559      398.62100       96.24098    2.66543E-02    2.91938E-02    7.84370E-03    1.47835E+13    2.57900E+12
        0.03044        0.06087    3.69117E-03    5.46983E-04      321.82622      370.12052       86.44705    2.83723E-02    3.26299E-02    8.24034E-03    7.39748E+12    1.35505E+12
        0.00000        0.03044    4.96353E-03    8.12149E-04      250.94818      303.80284       71.43714    3.62439E-02    4.38776E-02    1.12245E-02    3.51373E+12    6.77526E+11
