           #rin           rout          nelec         ne_err             tx         tx_err         lambda          5/2tc         tc_err          3/2tc         tc_err
           #Mpc            Mpc          cm^-3          cm^-3            keV            keV       e cm^3/s            Gyr            Gyr            Gyr            Gyr
    0.00000E+00    2.33300E-02    1.07892E-02    3.79396E-03    9.88802E+00    2.51941E+00    2.72055E-23    9.83437E+00    4.27058E+00    5.90062E+00    2.56235E+00
    2.33300E-02    4.66600E-02    9.15487E-03    1.91036E-03    9.63474E+00    2.42519E+00    2.68251E-23    1.14533E+01    3.74477E+00    6.87196E+00    2.24686E+00
    4.66600E-02    6.99800E-02    8.43691E-03    1.13594E-03    9.38150E+00    2.33100E+00    2.64448E-23    1.22753E+01    3.46902E+00    7.36519E+00    2.08141E+00
    6.99800E-02    9.33100E-02    7.10655E-03    8.91897E-04    9.12827E+00    2.23680E+00    2.60644E-23    1.43868E+01    3.96085E+00    8.63209E+00    2.37651E+00
    9.33100E-02    1.16640E-01    6.36671E-03    6.75801E-04    8.87499E+00    2.14258E+00    2.56840E-23    1.58443E+01    4.17850E+00    9.50658E+00    2.50710E+00
    1.16640E-01    1.39970E-01    5.39169E-03    5.59607E-04    8.62170E+00    2.04836E+00    2.53036E-23    1.84488E+01    4.78312E+00    1.10693E+01    2.86987E+00
    1.39970E-01    1.63300E-01    4.44391E-03    5.42644E-04    8.36841E+00    1.95414E+00    2.49232E-23    2.20576E+01    5.81248E+00    1.32345E+01    3.48749E+00
    1.63300E-01    1.86620E-01    3.78626E-03    5.05718E-04    8.11518E+00    1.85995E+00    2.45428E-23    2.54945E+01    6.76300E+00    1.52967E+01    4.05780E+00
    1.86620E-01    2.09950E-01    3.57831E-03    4.09740E-04    7.86195E+00    1.76575E+00    2.41625E-23    2.65457E+01    6.69216E+00    1.59274E+01    4.01530E+00
    2.09950E-01    2.33280E-01    2.95818E-03    3.96994E-04    7.60866E+00    1.67153E+00    2.37821E-23    3.15731E+01    8.12803E+00    1.89439E+01    4.87682E+00
    2.33280E-01    2.56610E-01    2.45872E-03    3.79944E-04    7.35538E+00    1.57731E+00    2.34017E-23    3.73192E+01    9.86423E+00    2.23915E+01    5.91854E+00
    2.56610E-01    2.79940E-01    1.92923E-03    3.97033E-04    7.10209E+00    1.48310E+00    2.30213E-23    4.66828E+01    1.36870E+01    2.80097E+01    8.21219E+00
    2.79940E-01    3.03270E-01    1.73745E-03    3.91239E-04    6.86300E+00    1.41983E+00    2.26446E-23    5.09238E+01    1.55719E+01    3.05543E+01    9.34312E+00
    3.03270E-01    3.26590E-01    1.62427E-03    3.68388E-04    6.62858E+00    1.36663E+00    2.22692E-23    5.34983E+01    1.63976E+01    3.20990E+01    9.83855E+00
    3.26590E-01    3.49920E-01    1.65971E-03    3.25962E-04    6.39415E+00    1.31342E+00    2.18939E-23    5.13702E+01    1.45990E+01    3.08221E+01    8.75941E+00
    3.49920E-01    3.73250E-01    1.47035E-03    3.19577E-04    6.15967E+00    1.26021E+00    2.15184E-23    5.68342E+01    1.69645E+01    3.41005E+01    1.01787E+01
    3.73250E-01    3.96580E-01    1.51395E-03    2.71548E-04    5.92520E+00    1.20700E+00    2.11430E-23    5.40391E+01    1.46671E+01    3.24235E+01    8.80029E+00
    3.96580E-01    4.19910E-01    1.14292E-03    2.91761E-04    5.69072E+00    1.15378E+00    2.07676E-23    6.99922E+01    2.28171E+01    4.19953E+01    1.36903E+01
    4.19910E-01    4.43230E-01    1.09100E-03    2.72240E-04    5.45629E+00    1.10058E+00    2.03922E-23    7.15966E+01    2.29726E+01    4.29580E+01    1.37836E+01
    4.43230E-01    4.66560E-01    8.90077E-04    2.83903E-04    5.22187E+00    1.04737E+00    2.00168E-23    8.55630E+01    3.22391E+01    5.13378E+01    1.93434E+01
    4.66560E-01    4.89890E-01    9.81392E-04    2.48388E-04    4.98739E+00    9.94160E-01    1.96414E-23    7.55339E+01    2.43347E+01    4.53203E+01    1.46008E+01
    4.89890E-01    5.13220E-01    8.61101E-04    2.44594E-04    4.75291E+00    9.40945E-01    1.92660E-23    8.36370E+01    2.89578E+01    5.01822E+01    1.73747E+01
    5.13220E-01    5.36550E-01    7.53624E-04    2.40541E-04    4.51844E+00    8.87731E-01    1.88905E-23    9.26559E+01    3.47274E+01    5.55935E+01    2.08365E+01
    5.36550E-01    5.59870E-01    8.36039E-04    2.22456E-04    4.28401E+00    8.34527E-01    1.85152E-23    8.07942E+01    2.66434E+01    4.84765E+01    1.59860E+01
    5.59870E-01    5.83200E-01    6.36366E-04    2.16769E-04    4.04959E+00    7.81324E-01    1.81398E-23    1.02413E+02    4.00928E+01    6.14477E+01    2.40557E+01
    5.83200E-01    6.06530E-01    6.70693E-04    2.04700E-04    3.81511E+00    7.28110E-01    1.77644E-23    9.34796E+01    3.36494E+01    5.60878E+01    2.01896E+01
    6.06530E-01    6.29860E-01    4.52404E-04    2.04416E-04    3.58063E+00    6.74895E-01    1.73889E-23    1.32875E+02    6.50532E+01    7.97251E+01    3.90319E+01
    6.29860E-01    6.53190E-01    7.51095E-04    1.86758E-04    3.34616E+00    6.21681E-01    1.70135E-23    7.64437E+01    2.37275E+01    4.58662E+01    1.42365E+01
    6.53190E-01    6.76520E-01    5.59264E-04    1.85983E-04    3.11168E+00    5.68466E-01    1.66380E-23    9.76246E+01    3.70413E+01    5.85747E+01    2.22248E+01
    6.76520E-01    6.99840E-01    4.95173E-04    1.68283E-04    2.87725E+00    5.15263E-01    1.62627E-23    1.04307E+02    4.00687E+01    6.25840E+01    2.40412E+01
    6.99840E-01    7.23170E-01    3.12225E-04    1.64602E-04    2.64283E+00    4.62060E-01    1.58873E-23    1.55537E+02    8.63891E+01    9.33222E+01    5.18335E+01
    7.23170E-01    7.46500E-01    4.08838E-04    1.67155E-04    2.40835E+00    4.08845E-01    1.55119E-23    1.10863E+02    4.90788E+01    6.65179E+01    2.94473E+01
    7.46500E-01    7.69830E-01    4.97795E-04    1.56891E-04    2.17387E+00    3.55631E-01    1.51364E-23    8.42254E+01    2.99085E+01    5.05353E+01    1.79451E+01
    7.69830E-01    7.93160E-01    3.61538E-04    1.50349E-04    1.93940E+00    3.02416E-01    1.47610E-23    1.06091E+02    4.71187E+01    6.36549E+01    2.82712E+01
    7.93160E-01    8.16480E-01    2.68105E-04    1.39511E-04    1.70497E+00    2.49213E-01    1.43856E-23    1.29052E+02    6.97527E+01    7.74314E+01    4.18516E+01
    8.16480E-01    8.39810E-01    2.22942E-04    1.35968E-04    1.47054E+00    1.96010E-01    1.40103E-23    1.37443E+02    8.58023E+01    8.24658E+01    5.14814E+01
    8.39810E-01    8.63140E-01    2.73162E-04    1.40891E-04    1.23607E+00    1.42796E-01    1.36348E-23    9.68847E+01    5.12091E+01    5.81308E+01    3.07255E+01
    8.63140E-01    8.86470E-01    2.96300E-04    1.33965E-04    1.00159E+00    8.95810E-02    1.32594E-23    7.44249E+01    3.43015E+01    4.46549E+01    2.05809E+01
    8.86470E-01    9.09800E-01    2.51418E-04    1.31639E-04    7.67114E-01    3.63663E-02    1.28840E-23    6.91349E+01    3.63461E+01    4.14809E+01    2.18077E+01
    9.09800E-01    9.33120E-01    1.58851E-04    1.25403E-04    5.32688E-01   -1.68368E-02    1.25086E-23    7.82632E+01    6.18334E+01    4.69579E+01    3.71001E+01
    9.33120E-01    9.56450E-01    2.39330E-04    1.28655E-04    2.98262E-01   -7.00397E-02    1.21333E-23    2.99852E+01    1.75898E+01    1.79911E+01    1.05539E+01
    9.56450E-01    9.79780E-01    1.94802E-04    1.19740E-04    6.37846E-02   -1.23254E-01    1.17578E-23    8.12979E+00    1.64853E+01    4.87788E+00    9.89117E+00
    9.79780E-01    1.00311E+00    2.03802E-04    9.50920E-05   -1.70692E-01   -1.76469E-01    1.13824E-23   -2.14810E+01   -2.43651E+01   -1.28886E+01   -1.46190E+01
