           #rin           rout          nelec         ne_err             tx         tx_err         lambda          5/2tc         tc_err          3/2tc         tc_err
           #Mpc            Mpc          cm^-3          cm^-3            keV            keV       e cm^3/s            Gyr            Gyr            Gyr            Gyr
    4.28000E-03    8.57000E-03    2.26295E-03    3.80851E-04    5.46101E+00    4.76342E-01    2.34423E-23    3.00526E+01    5.69676E+00    1.80316E+01    3.41805E+00
    8.57000E-03    1.28500E-02    2.25153E-03    3.76585E-04    5.47397E+00    4.86423E-01    2.33762E-23    3.03623E+01    5.75053E+00    1.82174E+01    3.45032E+00
    1.28500E-02    1.71400E-02    2.23102E-03    4.57964E-04    5.48693E+00    4.96503E-01    2.33102E-23    3.08010E+01    6.90961E+00    1.84806E+01    4.14577E+00
    1.71400E-02    2.14200E-02    2.20282E-03    4.88427E-04    5.49989E+00    5.06583E-01    2.32441E-23    3.13578E+01    7.52896E+00    1.88147E+01    4.51738E+00
    2.14200E-02    2.57100E-02    2.16855E-03    4.38945E-04    5.51285E+00    5.16663E-01    2.31781E-23    3.20194E+01    7.14219E+00    1.92117E+01    4.28531E+00
    2.57100E-02    2.99900E-02    2.12983E-03    4.46821E-04    5.52581E+00    5.26744E-01    2.31120E-23    3.27716E+01    7.55165E+00    1.96629E+01    4.53099E+00
    2.99900E-02    3.42800E-02    2.08821E-03    4.92787E-04    5.53877E+00    5.36824E-01    2.30460E-23    3.35991E+01    8.57159E+00    2.01595E+01    5.14295E+00
    3.42800E-02    3.85600E-02    2.04499E-03    4.95657E-04    5.55173E+00    5.46904E-01    2.29799E-23    3.44884E+01    9.02321E+00    2.06930E+01    5.41393E+00
    3.85600E-02    4.28500E-02    2.00129E-03    4.68209E-04    5.56469E+00    5.56984E-01    2.29139E-23    3.54255E+01    9.01459E+00    2.12553E+01    5.40875E+00
    4.28500E-02    4.71300E-02    1.95794E-03    4.51418E-04    5.57765E+00    5.67064E-01    2.28478E-23    3.63991E+01    9.17179E+00    2.18395E+01    5.50308E+00
    4.71300E-02    5.14200E-02    1.91560E-03    4.47732E-04    5.59061E+00    5.77145E-01    2.27818E-23    3.73982E+01    9.55573E+00    2.24389E+01    5.73344E+00
    5.14200E-02    5.57000E-02    1.87474E-03    4.14028E-04    5.60357E+00    5.87225E-01    2.27157E-23    3.84133E+01    9.39004E+00    2.30480E+01    5.63402E+00
    5.57000E-02    5.99900E-02    1.83566E-03    3.85223E-04    5.61654E+00    5.97305E-01    2.26497E-23    3.94365E+01    9.27798E+00    2.36619E+01    5.56679E+00
    5.99900E-02    6.42700E-02    1.79858E-03    4.02043E-04    5.62950E+00    6.07385E-01    2.25836E-23    4.04604E+01    1.00427E+01    2.42762E+01    6.02560E+00
    6.42700E-02    6.85600E-02    1.76361E-03    4.07444E-04    5.64246E+00    6.17466E-01    2.25176E-23    4.14790E+01    1.06035E+01    2.48874E+01    6.36210E+00
    6.85600E-02    7.28400E-02    1.73081E-03    3.97535E-04    5.65542E+00    6.27546E-01    2.24515E-23    4.24867E+01    1.08376E+01    2.54920E+01    6.50254E+00
    7.28400E-02    7.71300E-02    1.70017E-03    3.87863E-04    5.66838E+00    6.37626E-01    2.23855E-23    4.34794E+01    1.10593E+01    2.60877E+01    6.63559E+00
    7.71300E-02    8.14100E-02    1.67168E-03    3.96619E-04    5.68134E+00    6.47706E-01    2.23194E-23    4.44527E+01    1.17012E+01    2.66716E+01    7.02070E+00
    8.14100E-02    8.57000E-02    1.64529E-03    3.87621E-04    5.69430E+00    6.57787E-01    2.22534E-23    4.54031E+01    1.19133E+01    2.72419E+01    7.14801E+00
    8.57000E-02    8.99800E-02    1.62094E-03    3.81944E-04    5.70726E+00    6.67867E-01    2.21873E-23    4.63275E+01    1.21883E+01    2.77965E+01    7.31296E+00
    8.99800E-02    9.42700E-02    1.59859E-03    3.68096E-04    5.72022E+00    6.77947E-01    2.21213E-23    4.72225E+01    1.22294E+01    2.83335E+01    7.33764E+00
    9.42700E-02    9.85500E-02    1.57815E-03    3.45574E-04    5.73318E+00    6.88027E-01    2.20552E-23    4.80861E+01    1.20072E+01    2.88517E+01    7.20434E+00
    9.85500E-02    1.02840E-01    1.55957E-03    3.25541E-04    5.74614E+00    6.98107E-01    2.19892E-23    4.89154E+01    1.18140E+01    2.93493E+01    7.08842E+00
    1.02840E-01    1.07120E-01    1.54279E-03    3.27640E-04    5.75910E+00    7.08188E-01    2.19231E-23    4.97083E+01    1.21985E+01    2.98250E+01    7.31908E+00
    1.07120E-01    1.11410E-01    1.52778E-03    3.08847E-04    5.77206E+00    7.18268E-01    2.18571E-23    5.04617E+01    1.19788E+01    3.02770E+01    7.18728E+00
    1.11410E-01    1.15690E-01    1.51448E-03    3.20776E-04    5.78502E+00    7.28348E-01    2.17910E-23    5.11738E+01    1.26092E+01    3.07043E+01    7.56554E+00
    1.15690E-01    1.19980E-01    1.50287E-03    3.07126E-04    5.79798E+00    7.38428E-01    2.17250E-23    5.18417E+01    1.24834E+01    3.11051E+01    7.49001E+00
    1.19980E-01    1.24260E-01    1.49292E-03    3.01744E-04    5.81094E+00    7.48509E-01    2.16589E-23    5.24634E+01    1.25741E+01    3.14781E+01    7.54445E+00
    1.24260E-01    1.28550E-01    1.48464E-03    2.91306E-04    5.82390E+00    7.58589E-01    2.15929E-23    5.30354E+01    1.24905E+01    3.18212E+01    7.49428E+00
    1.28550E-01    1.32830E-01    1.47802E-03    2.54350E-04    5.83686E+00    7.68669E-01    2.15268E-23    5.35553E+01    1.16052E+01    3.21332E+01    6.96314E+00
    1.32830E-01    1.37120E-01    1.47310E-03    2.60112E-04    5.84982E+00    7.78749E-01    2.14608E-23    5.40193E+01    1.19455E+01    3.24116E+01    7.16731E+00
    1.37120E-01    1.41400E-01    1.46991E-03    2.09889E-04    5.86278E+00    7.88830E-01    2.13947E-23    5.44239E+01    1.06777E+01    3.26544E+01    6.40662E+00
    1.41400E-01    1.45690E-01    1.46851E-03    2.86402E-04    5.87574E+00    7.98910E-01    2.13287E-23    5.47653E+01    1.30203E+01    3.28592E+01    7.81216E+00
    1.45690E-01    1.49970E-01    1.46901E-03    9.19141E-05    5.88870E+00    8.08990E-01    2.12626E-23    5.50379E+01    8.30837E+00    3.30227E+01    4.98502E+00
