           #rin           rout          nelec         ne_err             tx         tx_err         lambda          5/2tc         tc_err          3/2tc         tc_err
           #Mpc            Mpc          cm^-3          cm^-3            keV            keV       e cm^3/s            Gyr            Gyr            Gyr            Gyr
    0.00000E+00    1.67500E-02    6.19566E-03    3.28506E-03    5.57733E+00    7.08160E-01    2.17309E-23    1.20933E+01    6.59339E+00    7.25598E+00    3.95603E+00
    1.67500E-02    3.35100E-02    4.35468E-03    1.37741E-03    5.55318E+00    7.18103E-01    2.15810E-23    1.72503E+01    5.89475E+00    1.03502E+01    3.53685E+00
    3.35100E-02    5.02600E-02    3.50780E-03    9.59576E-04    5.52903E+00    7.28047E-01    2.14311E-23    2.14710E+01    6.51853E+00    1.28826E+01    3.91112E+00
    5.02600E-02    6.70100E-02    2.80143E-03    7.69643E-04    5.50489E+00    7.37988E-01    2.12813E-23    2.69559E+01    8.24030E+00    1.61735E+01    4.94418E+00
    6.70100E-02    8.37600E-02    2.50282E-03    5.96789E-04    5.48075E+00    7.47928E-01    2.11315E-23    3.02526E+01    8.31146E+00    1.81516E+01    4.98687E+00
    8.37600E-02    1.00520E-01    1.93063E-03    6.07059E-04    5.45660E+00    7.57872E-01    2.09816E-23    3.93248E+01    1.35177E+01    2.35949E+01    8.11062E+00
    1.00520E-01    1.17270E-01    1.75497E-03    5.08304E-04    5.43245E+00    7.67815E-01    2.08318E-23    4.33793E+01    1.39804E+01    2.60276E+01    8.38825E+00
    1.17270E-01    1.34020E-01    1.49393E-03    4.79942E-04    5.40831E+00    7.77756E-01    2.06820E-23    5.11002E+01    1.79862E+01    3.06601E+01    1.07917E+01
    1.34020E-01    1.50780E-01    1.30950E-03    4.83076E-04    5.38416E+00    7.87700E-01    2.05321E-23    5.84605E+01    2.32002E+01    3.50763E+01    1.39201E+01
    1.50780E-01    1.67530E-01    1.40077E-03    3.69895E-04    5.36001E+00    7.97643E-01    2.03822E-23    5.48063E+01    1.66124E+01    3.28838E+01    9.96743E+00
    1.67530E-01    1.84280E-01    1.19231E-03    3.49931E-04    5.33587E+00    8.07584E-01    2.02324E-23    6.45731E+01    2.13231E+01    3.87439E+01    1.27939E+01
    1.84280E-01    2.01030E-01    1.09986E-03    3.18886E-04    5.39627E+00    8.57959E-01    2.03440E-23    7.04051E+01    2.32805E+01    4.22430E+01    1.39683E+01
    2.01030E-01    2.17790E-01    8.69053E-04    3.59178E-04    5.48385E+00    9.21335E-01    2.05395E-23    8.96875E+01    4.00133E+01    5.38125E+01    2.40080E+01
    2.17790E-01    2.34540E-01    9.13165E-04    2.89132E-04    5.57142E+00    9.84712E-01    2.07351E-23    8.59003E+01    3.11488E+01    5.15402E+01    1.86893E+01
    2.34540E-01    2.51290E-01    7.14296E-04    3.22547E-04    5.65897E+00    1.04807E+00    2.09306E-23    1.10500E+02    5.39310E+01    6.62999E+01    3.23586E+01
    2.51290E-01    2.68050E-01    7.46637E-04    2.61906E-04    5.74654E+00    1.11145E+00    2.11261E-23    1.06356E+02    4.26028E+01    6.38135E+01    2.55617E+01
    2.68050E-01    2.84800E-01    5.67405E-04    3.11652E-04    5.83412E+00    1.17482E+00    2.13216E-23    1.40781E+02    8.23583E+01    8.44688E+01    4.94150E+01
    2.84800E-01    3.01550E-01    5.96031E-04    2.51583E-04    5.92167E+00    1.23818E+00    2.15171E-23    1.34795E+02    6.34950E+01    8.08771E+01    3.80970E+01
    3.01550E-01    3.18300E-01    4.24542E-04    3.24142E-04    6.00922E+00    1.30154E+00    2.17126E-23    1.90313E+02    1.51039E+02    1.14188E+02    9.06236E+01
    3.18300E-01    3.35060E-01    3.94796E-04    3.14744E-04    6.08346E+00    1.35926E+00    2.18719E-23    2.05672E+02    1.70286E+02    1.23403E+02    1.02172E+02
    3.35060E-01    3.51810E-01    3.43317E-04    3.56208E-04    5.99917E+00    1.34976E+00    2.15998E-23    2.36172E+02    2.50735E+02    1.41703E+02    1.50441E+02
    3.51810E-01    3.68560E-01    4.06930E-04    2.87838E-04    5.91491E+00    1.34025E+00    2.13278E-23    1.98960E+02    1.47777E+02    1.19376E+02    8.86660E+01
    3.68560E-01    3.85320E-01    4.29029E-04    2.51144E-04    5.83061E+00    1.33075E+00    2.10557E-23    1.88426E+02    1.18388E+02    1.13056E+02    7.10325E+01
    3.85320E-01    4.02070E-01    3.93766E-04    2.42610E-04    5.74632E+00    1.32124E+00    2.07837E-23    2.04981E+02    1.34802E+02    1.22988E+02    8.08811E+01
    4.02070E-01    4.18820E-01    3.63065E-04    2.49325E-04    5.66206E+00    1.31174E+00    2.05117E-23    2.21959E+02    1.60864E+02    1.33175E+02    9.65185E+01
    4.18820E-01    4.35570E-01    3.34262E-04    2.56670E-04    5.57779E+00    1.30223E+00    2.02397E-23    2.40688E+02    1.93171E+02    1.44413E+02    1.15903E+02
    4.35570E-01    4.52330E-01    3.36862E-04    2.30543E-04    5.49350E+00    1.29273E+00    1.99676E-23    2.38427E+02    1.72552E+02    1.43056E+02    1.03531E+02
    4.52330E-01    4.69080E-01    3.02722E-04    2.37719E-04    5.40921E+00    1.28322E+00    1.96955E-23    2.64853E+02    2.17265E+02    1.58912E+02    1.30359E+02
    4.69080E-01    4.85830E-01    2.79350E-04    2.49730E-04    5.32494E+00    1.27372E+00    1.94235E-23    2.86498E+02    2.65130E+02    1.71899E+02    1.59078E+02
    4.85830E-01    5.02590E-01    2.75084E-04    2.42257E-04    5.24065E+00    1.26421E+00    1.91515E-23    2.90403E+02    2.65169E+02    1.74242E+02    1.59102E+02
    5.02590E-01    5.19340E-01    2.44380E-04    2.56299E-04    5.15636E+00    1.25470E+00    1.88794E-23    3.26267E+02    3.51269E+02    1.95760E+02    2.10762E+02
    5.19340E-01    5.36090E-01    2.60673E-04    2.29716E-04    5.07210E+00    1.24520E+00    1.86074E-23    3.05274E+02    2.79264E+02    1.83164E+02    1.67559E+02
    5.36090E-01    5.52840E-01    2.64152E-04    2.21085E-04    4.98783E+00    1.23569E+00    1.83354E-23    3.00643E+02    2.62418E+02    1.80386E+02    1.57451E+02
    5.52840E-01    5.69600E-01    2.86967E-04    1.82504E-04    4.90354E+00    1.22619E+00    1.80633E-23    2.76162E+02    1.88721E+02    1.65697E+02    1.13233E+02
    5.69600E-01    5.86350E-01    2.08832E-04    2.35990E-04    4.81925E+00    1.21668E+00    1.77912E-23    3.78669E+02    4.38462E+02    2.27201E+02    2.63077E+02
    5.86350E-01    6.03100E-01    2.05723E-04    2.28964E-04    4.73498E+00    1.20718E+00    1.75192E-23    3.83534E+02    4.37919E+02    2.30120E+02    2.62751E+02
    6.03100E-01    6.19860E-01    2.00016E-04    2.42124E-04    4.65069E+00    1.19767E+00    1.72472E-23    3.93567E+02    4.87083E+02    2.36140E+02    2.92250E+02
    6.19860E-01    6.36610E-01    2.30547E-04    1.93711E-04    4.56640E+00    1.18816E+00    1.69751E-23    3.40632E+02    2.99617E+02    2.04379E+02    1.79770E+02
    6.36610E-01    6.53360E-01    2.26777E-04    1.85425E-04    4.48213E+00    1.17866E+00    1.67031E-23    3.45440E+02    2.96698E+02    2.07264E+02    1.78019E+02
    6.53360E-01    6.70110E-01    1.63764E-04    2.42064E-04    4.39787E+00    1.16916E+00    1.64311E-23    4.77134E+02    7.16581E+02    2.86281E+02    4.29949E+02
    6.70110E-01    6.86870E-01    1.99866E-04    2.02400E-04    4.31358E+00    1.15965E+00    1.61590E-23    3.89912E+02    4.08533E+02    2.33947E+02    2.45120E+02
    6.86870E-01    7.03620E-01    1.75440E-04    2.20699E-04    4.22929E+00    1.15014E+00    1.58870E-23    4.42977E+02    5.70126E+02    2.65786E+02    3.42076E+02
    7.03620E-01    7.20370E-01    1.98639E-04    1.84199E-04    4.14502E+00    1.14064E+00    1.56150E-23    3.90126E+02    3.77359E+02    2.34076E+02    2.26415E+02
    7.20370E-01    7.37130E-01    2.18932E-04    1.72786E-04    4.06073E+00    1.13113E+00    1.53429E-23    3.52916E+02    2.95369E+02    2.11750E+02    1.77221E+02
    7.37130E-01    7.53880E-01    1.85284E-04    1.95255E-04    3.97644E+00    1.12163E+00    1.50708E-23    4.15722E+02    4.53516E+02    2.49433E+02    2.72110E+02
    7.53880E-01    7.70630E-01    3.87946E-04    6.98996E-05    3.89217E+00    1.11212E+00    1.47988E-23    1.97914E+02    6.68553E+01    1.18749E+02    4.01132E+01
