           #rin           rout          nelec         ne_err             tx         tx_err         lambda          5/2tc         tc_err          3/2tc         tc_err
           #Mpc            Mpc          cm^-3          cm^-3            keV            keV       e cm^3/s            Gyr            Gyr            Gyr            Gyr
    0.00000E+00    6.85000E-03    1.27734E-01    1.55629E-04    4.18000E+00    1.10000E-01    2.40840E-23    3.96666E-01    1.04498E-02    2.37999E-01    6.26986E-03
    6.85000E-03    1.37000E-02    6.46807E-02    2.02627E-04    5.38728E+00    2.20470E-01    2.33280E-23    1.04232E+00    4.27809E-02    6.25392E-01    2.56685E-02
    1.37000E-02    2.05500E-02    4.81561E-02    2.15522E-04    5.75001E+00    2.28751E-01    2.35159E-23    1.48231E+00    5.93424E-02    8.89387E-01    3.56055E-02
    2.05500E-02    2.74100E-02    3.75696E-02    2.10121E-04    6.24614E+00    2.83863E-01    2.38660E-23    2.03367E+00    9.31197E-02    1.22020E+00    5.58718E-02
    2.74100E-02    3.42600E-02    3.20629E-02    2.25936E-04    6.38789E+00    3.25781E-01    2.32113E-23    2.50576E+00    1.29007E-01    1.50345E+00    7.74044E-02
    3.42600E-02    4.11100E-02    2.72220E-02    2.15924E-04    6.99500E+00    3.48438E-01    2.44126E-23    3.07282E+00    1.54993E-01    1.84369E+00    9.29958E-02
    4.11100E-02    4.79600E-02    2.38429E-02    2.14714E-04    6.95548E+00    3.51329E-01    2.39374E-23    3.55774E+00    1.82539E-01    2.13465E+00    1.09524E-01
    4.79600E-02    5.48100E-02    2.09091E-02    2.02885E-04    7.18446E+00    3.77988E-01    2.42784E-23    4.13163E+00    2.21039E-01    2.47898E+00    1.32623E-01
    5.48100E-02    6.16600E-02    1.89302E-02    2.07162E-04    7.16528E+00    3.91797E-01    2.39427E-23    4.61518E+00    2.57362E-01    2.76911E+00    1.54417E-01
    6.16600E-02    6.85100E-02    1.64507E-02    1.97346E-04    7.06734E+00    3.63458E-01    2.38900E-23    5.24975E+00    2.77231E-01    3.14985E+00    1.66339E-01
    6.85100E-02    7.53600E-02    1.50154E-02    1.93704E-04    7.62124E+00    4.48410E-01    2.43088E-23    6.09548E+00    3.67158E-01    3.65729E+00    2.20295E-01
    7.53600E-02    8.22200E-02    1.33231E-02    1.86501E-04    7.48689E+00    4.20802E-01    2.48599E-23    6.59902E+00    3.82230E-01    3.95941E+00    2.29338E-01
    8.22200E-02    8.90700E-02    1.28908E-02    1.91597E-04    7.83286E+00    4.40000E-01    2.52578E-23    7.02309E+00    4.08088E-01    4.21385E+00    2.44853E-01
    8.90700E-02    9.59200E-02    1.09776E-02    1.75740E-04    7.57228E+00    4.45560E-01    2.43550E-23    8.26826E+00    5.04197E-01    4.96096E+00    3.02518E-01
    9.59200E-02    1.02770E-01    1.05465E-02    1.65637E-04    7.63000E+00    4.23944E-01    2.47066E-23    8.54844E+00    4.93585E-01    5.12906E+00    2.96151E-01
    1.02770E-01    1.09620E-01    9.53486E-03    1.68728E-04    7.63181E+00    4.66380E-01    2.48418E-23    9.40618E+00    5.98426E-01    5.64371E+00    3.59056E-01
    1.09620E-01    1.16470E-01    8.78146E-03    1.61893E-04    7.96151E+00    4.83843E-01    2.46965E-23    1.07171E+01    6.80617E-01    6.43026E+00    4.08370E-01
    1.16470E-01    1.23320E-01    7.84764E-03    1.56502E-04    8.20563E+00    5.04425E-01    2.52854E-23    1.20722E+01    7.80189E-01    7.24331E+00    4.68113E-01
    1.23320E-01    1.30170E-01    7.37974E-03    1.61858E-04    8.28953E+00    5.19306E-01    2.57655E-23    1.27272E+01    8.44763E-01    7.63634E+00    5.06858E-01
    1.30170E-01    1.37030E-01    7.09713E-03    1.52785E-04    8.66532E+00    6.17351E-01    2.55393E-23    1.39565E+01    1.03872E+00    8.37390E+00    6.23230E-01
    1.37030E-01    1.43880E-01    6.45567E-03    1.34814E-04    8.39206E+00    5.60542E-01    2.51411E-23    1.50948E+01    1.05637E+00    9.05686E+00    6.33824E-01
    1.43880E-01    1.50730E-01    5.76658E-03    1.50197E-04    8.11821E+00    4.97417E-01    2.51997E-23    1.63091E+01    1.08583E+00    9.78546E+00    6.51497E-01
    1.50730E-01    1.57580E-01    5.78783E-03    1.34106E-04    8.09778E+00    5.34452E-01    2.49051E-23    1.64001E+01    1.14717E+00    9.84006E+00    6.88300E-01
    1.57580E-01    1.64430E-01    5.54733E-03    1.30841E-04    7.96063E+00    5.29019E-01    2.42191E-23    1.72977E+01    1.21977E+00    1.03786E+01    7.31860E-01
    1.64430E-01    1.71280E-01    5.03470E-03    1.27881E-04    7.91709E+00    5.05037E-01    2.41258E-23    1.90280E+01    1.30649E+00    1.14168E+01    7.83897E-01
    1.71280E-01    1.78130E-01    4.88476E-03    1.25988E-04    8.30528E+00    5.65677E-01    2.50274E-23    1.98326E+01    1.44441E+00    1.18995E+01    8.66649E-01
    1.78130E-01    1.84990E-01    4.64824E-03    1.26565E-04    8.68687E+00    5.98859E-01    2.50647E-23    2.17669E+01    1.61338E+00    1.30601E+01    9.68026E-01
    1.84990E-01    1.91840E-01    4.24987E-03    1.30605E-04    8.74348E+00    6.21742E-01    2.52059E-23    2.38282E+01    1.84587E+00    1.42969E+01    1.10752E+00
    1.91840E-01    1.98690E-01    4.09209E-03    1.20341E-04    8.66980E+00    6.11011E-01    2.54574E-23    2.42959E+01    1.85536E+00    1.45775E+01    1.11322E+00
    1.98690E-01    2.05540E-01    4.25274E-03    1.37231E-04    8.55069E+00    5.96436E-01    2.55090E-23    2.30103E+01    1.76847E+00    1.38062E+01    1.06108E+00
    2.05540E-01    2.12390E-01    3.56590E-03    1.16723E-04    8.48626E+00    6.17914E-01    2.49485E-23    2.78475E+01    2.22314E+00    1.67085E+01    1.33389E+00
    2.12390E-01    2.19240E-01    3.77974E-03    1.40748E-04    8.02868E+00    5.64357E-01    2.39759E-23    2.58637E+01    2.05737E+00    1.55182E+01    1.23442E+00
    2.19240E-01    2.26090E-01    3.56711E-03    1.15760E-04    7.91553E+00    5.41616E-01    2.39724E-23    2.70231E+01    2.04646E+00    1.62139E+01    1.22788E+00
    2.26090E-01    2.32940E-01    3.36850E-03    1.18049E-04    8.28960E+00    5.67867E-01    2.52455E-23    2.84574E+01    2.18972E+00    1.70745E+01    1.31383E+00
    2.32940E-01    2.39800E-01    3.32192E-03    1.19322E-04    7.93011E+00    5.14302E-01    2.51919E-23    2.76638E+01    2.05091E+00    1.65983E+01    1.23055E+00
    2.39800E-01    2.46650E-01    3.15242E-03    1.07332E-04    7.78973E+00    4.98288E-01    2.50580E-23    2.87882E+01    2.08611E+00    1.72729E+01    1.25167E+00
    2.46650E-01    2.53500E-01    2.82573E-03    1.07390E-04    8.41973E+00    6.03289E-01    2.50248E-23    3.47601E+01    2.81928E+00    2.08560E+01    1.69157E+00
    2.53500E-01    2.60350E-01    2.92352E-03    1.07897E-04    8.47689E+00    6.19851E-01    2.48161E-23    3.41099E+01    2.79388E+00    2.04659E+01    1.67633E+00
    2.60350E-01    2.67200E-01    2.48609E-03    1.02306E-04    8.07500E+00    5.65540E-01    2.44669E-23    3.87552E+01    3.14812E+00    2.32531E+01    1.88887E+00
    2.67200E-01    2.74050E-01    2.76625E-03    9.43587E-05    7.93892E+00    5.60541E-01    2.39296E-23    3.50121E+01    2.74546E+00    2.10073E+01    1.64728E+00
    2.74050E-01    2.80900E-01    2.16127E-03    9.41053E-05    7.90939E+00    5.75306E-01    2.33168E-23    4.58193E+01    3.88427E+00    2.74916E+01    2.33056E+00
    2.80900E-01    2.87760E-01    2.49045E-03    1.03720E-04    8.19500E+00    6.35312E-01    2.35110E-23    4.08586E+01    3.59567E+00    2.45151E+01    2.15740E+00
    2.87760E-01    2.94610E-01    2.28092E-03    9.20237E-05    8.62732E+00    7.16372E-01    2.40811E-23    4.58534E+01    4.23309E+00    2.75121E+01    2.53985E+00
    2.94610E-01    3.01460E-01    2.09698E-03    1.01988E-04    8.81286E+00    7.46252E-01    2.45121E-23    5.00524E+01    4.88767E+00    3.00315E+01    2.93260E+00
    3.01460E-01    3.08310E-01    2.25321E-03    1.00508E-04    8.71070E+00    7.16455E-01    2.47812E-23    4.55421E+01    4.26125E+00    2.73253E+01    2.55675E+00
    3.08310E-01    3.15160E-01    2.13766E-03    9.50203E-05    8.60326E+00    6.87675E-01    2.50032E-23    4.69908E+01    4.29779E+00    2.81945E+01    2.57867E+00
    3.15160E-01    3.22010E-01    2.02610E-03    1.00802E-04    8.45405E+00    6.66951E-01    2.48531E-23    4.90124E+01    4.57133E+00    2.94075E+01    2.74280E+00
    3.22010E-01    3.28860E-01    2.02653E-03    1.08118E-04    8.30484E+00    6.46227E-01    2.47031E-23    4.84295E+01    4.56916E+00    2.90577E+01    2.74150E+00
    3.28860E-01    3.35710E-01    2.13674E-03    1.04194E-04    8.24925E+00    6.37312E-01    2.48077E-23    4.54318E+01    4.15061E+00    2.72591E+01    2.49037E+00
    3.35710E-01    3.42570E-01    2.03767E-03    9.36049E-05    8.23387E+00    6.33468E-01    2.50218E-23    4.71450E+01    4.22445E+00    2.82870E+01    2.53467E+00
    3.42570E-01    3.49420E-01    1.78337E-03    1.06935E-04    8.24009E+00    6.33684E-01    2.52265E-23    5.34710E+01    5.21430E+00    3.20826E+01    3.12858E+00
    3.49420E-01    3.56270E-01    1.93096E-03    1.02070E-04    8.44553E+00    6.71347E-01    2.53436E-23    5.03813E+01    4.80952E+00    3.02288E+01    2.88571E+00
    3.56270E-01    3.63120E-01    1.69152E-03    9.14054E-05    8.65096E+00    7.09011E-01    2.54607E-23    5.86410E+01    5.75670E+00    3.51846E+01    3.45402E+00
    3.63120E-01    3.69970E-01    1.68301E-03    9.85901E-05    8.83034E+00    7.44652E-01    2.55557E-23    5.99358E+01    6.15413E+00    3.59615E+01    3.69248E+00
    3.69970E-01    3.76820E-01    1.65504E-03    9.08203E-05    8.88867E+00    7.70902E-01    2.55484E-23    6.13688E+01    6.29834E+00    3.68213E+01    3.77900E+00
    3.76820E-01    3.83670E-01    1.53380E-03    9.01234E-05    8.94700E+00    7.97152E-01    2.55411E-23    6.66734E+01    7.11590E+00    4.00040E+01    4.26954E+00
    3.83670E-01    3.90520E-01    1.38328E-03    8.36792E-05    9.00534E+00    8.23402E-01    2.55338E-23    7.44316E+01    8.16029E+00    4.46590E+01    4.89617E+00
    3.90520E-01    3.97380E-01    1.34813E-03    8.06098E-05    8.90197E+00    8.08390E-01    2.53604E-23    7.60118E+01    8.26461E+00    4.56071E+01    4.95877E+00
    3.97380E-01    4.04230E-01    1.42551E-03    7.87308E-05    8.74436E+00    7.79530E-01    2.51313E-23    7.12566E+01    7.47260E+00    4.27540E+01    4.48356E+00
    4.04230E-01    4.11080E-01    1.20418E-03    8.55387E-05    8.58686E+00    7.50692E-01    2.49024E-23    8.35959E+01    9.41662E+00    5.01575E+01    5.64997E+00
    4.11080E-01    4.17930E-01    1.20461E-03    8.15888E-05    8.42936E+00    7.21854E-01    2.46735E-23    8.27944E+01    9.03972E+00    4.96766E+01    5.42383E+00
    4.17930E-01    4.24780E-01    1.28731E-03    1.05145E-04    8.31835E+00    6.99602E-01    2.45685E-23    7.67817E+01    9.00172E+00    4.60690E+01    5.40104E+00
    4.24780E-01    4.31630E-01    1.11773E-03    7.55464E-05    8.35280E+00    6.97962E-01    2.48516E-23    8.77859E+01    9.43468E+00    5.26716E+01    5.66081E+00
    4.31630E-01    4.38480E-01    1.14285E-03    9.48694E-05    8.38725E+00    6.96321E-01    2.51346E-23    8.52398E+01    1.00074E+01    5.11439E+01    6.00444E+00
    4.38480E-01    4.45340E-01    1.07841E-03    1.00218E-04    8.42173E+00    6.94679E-01    2.54178E-23    8.96940E+01    1.11453E+01    5.38164E+01    6.68716E+00
    4.45340E-01    4.52190E-01    1.11299E-03    8.08778E-05    8.45621E+00    6.93037E-01    2.57010E-23    8.63014E+01    9.45279E+00    5.17809E+01    5.67167E+00
    4.52190E-01    4.59040E-01    1.09813E-03    8.35919E-05    8.49066E+00    6.91397E-01    2.59840E-23    8.68691E+01    9.68325E+00    5.21215E+01    5.80995E+00
    4.59040E-01    4.65890E-01    1.08652E-03    8.64177E-05    8.52553E+00    6.89716E-01    2.62313E-23    8.73266E+01    9.90719E+00    5.23960E+01    5.94431E+00
    4.65890E-01    4.72740E-01    9.63868E-04    7.30400E-05    8.56275E+00    6.87807E-01    2.62739E-23    9.87086E+01    1.09003E+01    5.92252E+01    6.54015E+00
    4.72740E-01    4.79590E-01    9.63343E-04    7.98649E-05    8.59998E+00    6.85898E-01    2.63165E-23    9.90313E+01    1.13925E+01    5.94188E+01    6.83549E+00
    4.79590E-01    4.86440E-01    7.19002E-04    6.04269E-05    8.63721E+00    6.83989E-01    2.63590E-23    1.33045E+02    1.53633E+01    7.98268E+01    9.21797E+00
    4.86440E-01    4.93290E-01    9.53946E-04    7.70499E-05    8.67444E+00    6.82080E-01    2.64016E-23    1.00547E+02    1.13340E+01    6.03284E+01    6.80043E+00
    4.93290E-01    5.00150E-01    7.34348E-04    6.71357E-05    8.71169E+00    6.80170E-01    2.64442E-23    1.30964E+02    1.57451E+01    7.85787E+01    9.44704E+00
