CENTAURUS
Cosmology      70.0000     0.270000     0.730000
Number of MC iterations:    5000
Source FITS files: /mnt/SINISTER/merged/CENTAURUS/5310_4190_4191_4954_4955_504_505_sbprof_10pix.fits
       #RIN_MPC       ROUT_MPC   N_elec(cm-3)       Sigma_Ne     K(KeV cm2)K_flat(KeV cm2)          K_err              P         P_flat          P_err           Mgas           Merr
        0.06265        0.06374    1.16176E-02    2.66850E-05       78.35237       78.35237        1.55988    1.12062E-01    1.12062E-01    5.37414E-03   -4.48159E+14   -6.52356E+12
        0.06155        0.06265    5.10530E-03    8.04178E-05      135.96486      135.96486        3.13692    4.93939E-02    4.93939E-02    3.06879E-03    1.55306E+14    2.33968E+12
        0.06045        0.06155    6.85146E-03    6.19933E-05      112.08786      112.08786        2.47409    6.64878E-02    6.64878E-02    3.68291E-03   -8.02907E+13   -1.25017E+12
        0.05935        0.06045    5.66312E-03    7.94645E-05      127.64773      127.64773        3.04193    5.51211E-02    5.51211E-02    3.44283E-03    6.52477E+12    1.04873E+11
        0.05825        0.05935    5.77468E-03    8.30882E-05      125.37625      125.37625        3.04380    5.59293E-02    5.59293E-02    3.56255E-03   -2.44588E+13   -4.00018E+11
        0.05715        0.05825    5.41564E-03    9.18052E-05      129.60684      129.60684        3.26533    5.19504E-02    5.19504E-02    3.51413E-03   -3.45816E+12   -5.71034E+10
        0.05605        0.05715    5.40725E-03    9.77671E-05      128.69333      128.69333        3.30772    5.14510E-02    5.14510E-02    3.58361E-03   -5.15665E+12   -8.58431E+10
        0.05495        0.05605    5.32635E-03    1.02148E-04      129.09690      129.09690        3.38115    5.03319E-02    5.03319E-02    3.60428E-03    1.09236E+12    1.83108E+10
        0.05385        0.05495    5.45676E-03    1.04481E-04      126.66609      126.66609        3.32351    5.14158E-02    5.14158E-02    3.68571E-03    1.71426E+12    2.88185E+10
        0.05275        0.05385    5.45620E-03    1.09521E-04      126.49844      126.49844        3.36128    5.13389E-02    5.13389E-02    3.75729E-03    5.68259E+12    9.56634E+10
        0.05166        0.05275    5.49121E-03    1.13373E-04      124.19958      124.19958        3.35909    5.09461E-02    5.09461E-02    3.80475E-03    4.27009E+12    7.29038E+10
        0.05056        0.05166    5.52873E-03    1.14953E-04      121.85451      121.85451        3.33743    5.05547E-02    5.05547E-02    3.81819E-03    4.87506E+12    8.44500E+10
        0.04946        0.05056    5.74535E-03    1.17500E-04      118.77197      118.77197        3.23943    5.25355E-02    5.25355E-02    3.93954E-03    4.70863E+12    8.15670E+10
        0.04836        0.04946    5.79786E-03    1.24678E-04      117.92464      117.92464        3.15141    5.29577E-02    5.29577E-02    3.96064E-03    5.35705E+12    8.86001E+10
        0.04726        0.04836    5.86506E-03    1.26595E-04      116.72933      116.72933        2.95525    5.34373E-02    5.34373E-02    3.84703E-03    4.27104E+12    6.52415E+10
        0.04616        0.04726    5.90106E-03    1.28075E-04      115.48142      115.48142        2.78528    5.34080E-02    5.34080E-02    3.72253E-03    5.79878E+12    8.20579E+10
        0.04506        0.04616    6.02255E-03    1.31531E-04      112.29807      112.29807        2.75225    5.37301E-02    5.37301E-02    3.79402E-03    6.82143E+12    9.86212E+10
        0.04396        0.04506    6.18209E-03    1.32668E-04      108.09719      108.09719        2.81286    5.40237E-02    5.40237E-02    3.96032E-03    7.94938E+12    1.26709E+11
        0.04286        0.04396    6.44187E-03    1.31135E-04      103.91608      103.91608        2.57560    5.56221E-02    5.56221E-02    3.87942E-03    7.19429E+12    1.09419E+11
        0.04176        0.04286    6.68918E-03    1.34165E-04      100.35216      100.35216        2.42789    5.71952E-02    5.71952E-02    3.90389E-03    6.28042E+12    9.28628E+10
        0.04066        0.04176    6.94436E-03    1.30461E-04       97.12749       97.12749        2.48006    5.89215E-02    5.89215E-02    4.11813E-03    4.10943E+12    6.70568E+10
        0.03957        0.04066    7.03113E-03    1.30801E-04       93.66381       93.66381        2.15919    5.80086E-02    5.80086E-02    3.74523E-03    3.93690E+12    5.61019E+10
        0.03847        0.03957    7.12731E-03    1.32064E-04       90.88604       90.88604        1.97107    5.75772E-02    5.75772E-02    3.55295E-03    2.17864E+12    2.84791E+10
        0.03737        0.03847    7.10133E-03    1.35296E-04       89.94368       89.94368        1.98559    5.66345E-02    5.66345E-02    3.56783E-03    1.90846E+12    2.52701E+10
        0.03627        0.03737    7.42394E-03    1.41874E-04       85.81044       85.81044        1.91857    5.81847E-02    5.81847E-02    3.70195E-03    1.11979E+12    1.50878E+10
        0.03517        0.03627    7.38992E-03    1.44008E-04       85.14580       85.14580        1.92993    5.72938E-02    5.72938E-02    3.70173E-03    1.83543E+12    2.49997E+10
        0.03407        0.03517    7.45217E-03    1.43170E-04       86.89363       86.89363        1.92660    5.92930E-02    5.92930E-02    3.75597E-03    7.77287E+11    1.03163E+10
        0.03297        0.03407    7.38582E-03    1.46711E-04       89.18518       89.18518        1.97427    5.99563E-02    5.99563E-02    3.83217E-03    1.15344E+12    1.50046E+10
        0.03187        0.03297    7.56903E-03    1.46716E-04       87.30314       87.30314        1.92229    6.11376E-02    6.11376E-02    3.86420E-03    1.00323E+12    1.31159E+10
        0.03077        0.03187    7.65070E-03    1.53319E-04       86.00197       86.00197        1.92566    6.13133E-02    6.13133E-02    3.96071E-03    2.05970E+12    2.71402E+10
        0.02967        0.03077    7.73108E-03    1.58754E-04       83.51730       83.51730        1.91367    6.05881E-02    6.05881E-02    4.00685E-03    1.95564E+12    2.63515E+10
        0.02858        0.02967    7.77104E-03    1.63205E-04       84.06168       84.06168        1.92978    6.15093E-02    6.15093E-02    4.10181E-03    2.44715E+12    3.26485E+10
        0.02748        0.02858    8.10405E-03    1.62638E-04       80.74636       80.74636        1.72388    6.33633E-02    6.33633E-02    3.96422E-03    2.44386E+12    2.98161E+10
        0.02638        0.02748    8.34990E-03    1.65283E-04       77.94354       77.94354        1.59178    6.42876E-02    6.42876E-02    3.88722E-03    3.03778E+12    3.47210E+10
        0.02528        0.02638    8.72117E-03    1.70139E-04       75.44639       75.44639        1.53476    6.69074E-02    6.69074E-02    4.01525E-03    2.97977E+12    3.41795E+10
        0.02418        0.02528    8.89598E-03    1.76189E-04       74.92733       74.92733        1.52808    6.86817E-02    6.86817E-02    4.14994E-03    2.93100E+12    3.34080E+10
        0.02308        0.02418    9.40490E-03    1.80950E-04       70.76796       70.76796        1.44335    7.11712E-02    7.11712E-02    4.25876E-03    2.83256E+12    3.29392E+10
        0.02198        0.02308    9.95883E-03    1.87087E-04       67.20905       67.20905        1.36942    7.43566E-02    7.43566E-02    4.41197E-03    2.98597E+12    3.51931E+10
        0.02088        0.02198    1.03841E-02    1.91058E-04       63.99548       63.99548        1.31137    7.59123E-02    7.59123E-02    4.49227E-03    2.81810E+12    3.39233E+10
        0.01978        0.02088    1.10522E-02    1.90755E-04       60.41033       60.41033        1.22419    7.95072E-02    7.95072E-02    4.58020E-03    2.72549E+12    3.33404E+10
        0.01868        0.01978    1.17075E-02    1.88319E-04       57.28511       57.28511        1.10890    8.29904E-02    8.29904E-02    4.53521E-03    2.52176E+12    2.98030E+10
        0.01758        0.01868    1.26247E-02    1.85360E-04       52.86752       52.86752        0.90115    8.68500E-02    8.68500E-02    4.22218E-03    2.41919E+12    2.47570E+10
        0.01649        0.01758    1.37653E-02    1.81720E-04       49.04869       49.04869        0.81935    9.30710E-02    9.30710E-02    4.33057E-03    2.13566E+12    2.22370E+10
        0.01539        0.01649    1.44993E-02    1.82493E-04       45.81903       45.81903        0.77482    9.48063E-02    9.48063E-02    4.40016E-03    1.87202E+12    2.01555E+10
        0.01429        0.01539    1.60667E-02    1.94766E-04       40.70059       40.70059        0.70912    9.99282E-02    9.99282E-02    4.70694E-03    1.76351E+12    1.99612E+10
        0.01319        0.01429    1.70312E-02    2.00720E-04       38.09313       38.09313        0.58925    1.03070E-01    1.03070E-01    4.40042E-03    1.67442E+12    1.63617E+10
        0.01209        0.01319    1.86379E-02    1.95522E-04       35.18990       35.18990        0.49264    1.10652E-01    1.10652E-01    4.25837E-03    1.34751E+12    1.19841E+10
        0.01099        0.01209    2.17428E-02    2.01104E-04       29.34492       29.34492        0.42549    1.19290E-01    1.19290E-01    4.59653E-03    1.20587E+12    1.16050E+10
        0.00989        0.01099    2.41668E-02    2.19800E-04       25.45207       25.45207        0.39068    1.23396E-01    1.23396E-01    4.96935E-03    1.09144E+12    1.12864E+10
        0.00879        0.00989    2.62609E-02    2.33596E-04       22.83532       22.83532        0.26378    1.27155E-01    1.27155E-01    4.06461E-03    8.10262E+11    5.89038E+09
        0.00769        0.00879    2.98987E-02    2.51642E-04       19.84220       19.84220        0.23558    1.37158E-01    1.37158E-01    4.42034E-03    6.39450E+11    4.90662E+09
        0.00659        0.00769    3.67142E-02    2.70078E-04       15.77496       15.77496        0.19689    1.53545E-01    1.53545E-01    5.02365E-03    5.34715E+11    4.50052E+09
        0.00550        0.00659    4.25032E-02    3.25628E-04       12.90409       12.90409        0.13536    1.60315E-01    1.60315E-01    4.59537E-03    4.44733E+11    2.98828E+09
        0.00440        0.00550    4.88551E-02    4.03722E-04       11.29892       11.29892        0.09733    1.77051E-01    1.77051E-01    4.49988E-03    3.06553E+11    1.48878E+09
        0.00330        0.00440    6.15743E-02    4.77637E-04        9.05894        9.05894        0.07942    2.08748E-01    2.08748E-01    5.26136E-03    2.07347E+11    1.07644E+09
        0.00220        0.00330    9.50888E-02    5.63618E-04        5.93048        5.93048        0.05342    2.81957E-01    2.81957E-01    6.78872E-03    1.27142E+11    7.54654E+08
        0.00110        0.00220    1.27903E-01    1.03285E-03        3.69599        3.78167        0.04413    2.88012E-01    2.94689E-01    9.24302E-03    3.58280E+10    2.80032E+08
        0.00000        0.00110    1.77101E-01    2.95382E-03        2.03256        3.04409        0.03894    2.72452E-01    4.08041E-01    1.49333E-02    1.22386E+10    1.40016E+08
