           #rin           rout          nelec         ne_err             tx         tx_err         lambda          5/2tc         tc_err          3/2tc         tc_err
           #Mpc            Mpc          cm^-3          cm^-3            keV            keV       e cm^3/s            Gyr            Gyr            Gyr            Gyr
    0.00000E+00    1.52800E-02    3.91236E-02    2.88801E-03    9.41095E+00    8.27342E-01    2.77939E-23    2.52655E+00    2.90033E-01    1.51593E+00    1.74020E-01
    1.52800E-02    3.05600E-02    3.34997E-02    1.07418E-03    9.13501E+00    8.49596E-01    2.70191E-23    2.94633E+00    2.89851E-01    1.76780E+00    1.73910E-01
    3.05600E-02    4.58400E-02    2.53885E-02    7.66844E-04    8.85907E+00    8.71849E-01    2.62442E-23    3.88151E+00    3.99578E-01    2.32891E+00    2.39747E-01
    4.58400E-02    6.11200E-02    2.12895E-02    5.73659E-04    8.58312E+00    8.94103E-01    2.54693E-23    4.62110E+00    4.97224E-01    2.77266E+00    2.98334E-01
    6.11200E-02    7.64000E-02    1.81581E-02    4.53015E-04    1.04466E+01    1.45475E+00    2.76197E-23    6.08091E+00    8.60287E-01    3.64855E+00    5.16172E-01
    7.64000E-02    9.16800E-02    1.36712E-02    4.35064E-04    1.20023E+01    1.87118E+00    2.94737E-23    8.69575E+00    1.38363E+00    5.21745E+00    8.30180E-01
    9.16800E-02    1.06960E-01    1.14980E-02    3.90575E-04    1.07498E+01    1.40709E+00    2.78120E-23    9.81361E+00    1.32710E+00    5.88817E+00    7.96262E-01
    1.06960E-01    1.22240E-01    9.38446E-03    3.64255E-04    9.83341E+00    1.08429E+00    2.65664E-23    1.15145E+01    1.34602E+00    6.90870E+00    8.07612E-01
    1.22240E-01    1.37520E-01    7.37418E-03    3.85110E-04    9.80931E+00    1.13650E+00    2.64254E-23    1.46955E+01    1.86759E+00    8.81733E+00    1.12056E+00
    1.37520E-01    1.52800E-01    7.63721E-03    3.12701E-04    9.78521E+00    1.18872E+00    2.62845E-23    1.42305E+01    1.82428E+00    8.53829E+00    1.09457E+00
    1.52800E-01    1.68080E-01    5.66015E-03    3.48542E-04    9.83450E+00    1.21147E+00    2.63682E-23    1.92366E+01    2.64925E+00    1.15420E+01    1.58955E+00
    1.68080E-01    1.83360E-01    6.05001E-03    2.78913E-04    9.90403E+00    1.22611E+00    2.65138E-23    1.80247E+01    2.38114E+00    1.08148E+01    1.42868E+00
    1.83360E-01    1.98640E-01    5.38829E-03    2.56085E-04    9.99053E+00    1.24780E+00    2.66955E-23    2.02760E+01    2.70958E+00    1.21656E+01    1.62575E+00
    1.98640E-01    2.13920E-01    4.52997E-03    2.58352E-04    1.03913E+01    1.40004E+00    2.75450E-23    2.43118E+01    3.55695E+00    1.45871E+01    2.13417E+00
    2.13920E-01    2.29200E-01    3.97968E-03    2.55246E-04    1.07922E+01    1.55229E+00    2.83945E-23    2.78811E+01    4.39091E+00    1.67287E+01    2.63455E+00
    2.29200E-01    2.44480E-01    4.02497E-03    2.20716E-04    1.11930E+01    1.70454E+00    2.92439E-23    2.77607E+01    4.49331E+00    1.66564E+01    2.69599E+00
    2.44480E-01    2.59760E-01    3.14839E-03    2.46141E-04    1.10098E+01    1.64846E+00    2.89488E-23    3.52650E+01    5.95656E+00    2.11590E+01    3.57394E+00
    2.59760E-01    2.75040E-01    3.30155E-03    2.11905E-04    1.07094E+01    1.55055E+00    2.84239E-23    3.33156E+01    5.27627E+00    1.99894E+01    3.16576E+00
    2.75040E-01    2.90320E-01    2.95195E-03    2.07820E-04    1.04090E+01    1.45263E+00    2.78989E-23    3.68974E+01    5.76733E+00    2.21384E+01    3.46040E+00
    2.90320E-01    3.05600E-01    2.79961E-03    1.92102E-04    1.01086E+01    1.35472E+00    2.73740E-23    3.85068E+01    5.79765E+00    2.31041E+01    3.47859E+00
    3.05600E-01    3.20880E-01    2.30710E-03    2.03806E-04    9.90133E+00    1.29325E+00    2.70224E-23    4.63646E+01    7.31088E+00    2.78188E+01    4.38653E+00
    3.20880E-01    3.36160E-01    1.90255E-03    2.22534E-04    9.87575E+00    1.30285E+00    2.70088E-23    5.61063E+01    9.89207E+00    3.36638E+01    5.93524E+00
    3.36160E-01    3.51440E-01    2.00067E-03    1.98405E-04    9.85017E+00    1.31244E+00    2.69952E-23    5.32433E+01    8.84343E+00    3.19460E+01    5.30606E+00
    3.51440E-01    3.66720E-01    2.03789E-03    1.78923E-04    9.82458E+00    1.32203E+00    2.69816E-23    5.21614E+01    8.38093E+00    3.12968E+01    5.02856E+00
    3.66720E-01    3.82000E-01    1.90068E-03    1.73947E-04    9.79900E+00    1.33162E+00    2.69680E-23    5.58094E+01    9.14367E+00    3.34856E+01    5.48620E+00
    3.82000E-01    3.97280E-01    1.57896E-03    1.91391E-04    9.77342E+00    1.34122E+00    2.69544E-23    6.70392E+01    1.22748E+01    4.02235E+01    7.36486E+00
    3.97280E-01    4.12560E-01    1.56466E-03    1.74384E-04    9.72922E+00    1.34566E+00    2.69213E-23    6.74288E+01    1.19772E+01    4.04573E+01    7.18631E+00
    4.12560E-01    4.27840E-01    1.68238E-03    1.50094E-04    9.48277E+00    1.29413E+00    2.66757E-23    6.16848E+01    1.00574E+01    3.70109E+01    6.03445E+00
    4.27840E-01    4.43120E-01    1.41373E-03    1.60848E-04    9.23632E+00    1.24259E+00    2.64302E-23    7.21632E+01    1.27147E+01    4.32979E+01    7.62881E+00
    4.43120E-01    4.58400E-01    1.07160E-03    1.97346E-04    8.98987E+00    1.19106E+00    2.61846E-23    9.35314E+01    2.12192E+01    5.61189E+01    1.27315E+01
    4.58400E-01    4.73690E-01    1.30442E-03    1.52804E-04    8.74333E+00    1.13952E+00    2.59390E-23    7.54380E+01    1.32196E+01    4.52628E+01    7.93176E+00
    4.73690E-01    4.88970E-01    9.48928E-04    1.90223E-04    8.49680E+00    1.08797E+00    2.56934E-23    1.01738E+02    2.42000E+01    6.10430E+01    1.45200E+01
    4.88970E-01    5.04250E-01    1.13466E-03    1.51466E-04    8.25035E+00    1.03644E+00    2.54478E-23    8.34142E+01    1.52903E+01    5.00485E+01    9.17416E+00
    5.04250E-01    5.19530E-01    9.70130E-04    1.67118E-04    8.00390E+00    9.84905E-01    2.52022E-23    9.55687E+01    2.02319E+01    5.73412E+01    1.21391E+01
    5.19530E-01    5.34810E-01    1.31842E-03    1.12959E-04    7.75745E+00    9.33374E-01    2.49567E-23    6.88274E+01    1.01663E+01    4.12964E+01    6.09979E+00
    5.34810E-01    5.50090E-01    5.39965E-04    1.92270E-04    7.55413E+00    9.00378E-01    2.47267E-23    1.65172E+02    6.20215E+01    9.91030E+01    3.72129E+01
    5.50090E-01    5.65370E-01    9.42068E-04    1.37044E-04    7.58021E+00    9.65950E-01    2.45797E-23    9.55665E+01    1.84818E+01    5.73399E+01    1.10891E+01
    5.65370E-01    5.80650E-01    9.73726E-04    1.19425E-04    7.60629E+00    1.03152E+00    2.44327E-23    9.33357E+01    1.70663E+01    5.60014E+01    1.02398E+01
    5.80650E-01    5.95930E-01    7.38983E-04    1.44290E-04    7.63237E+00    1.09709E+00    2.42857E-23    1.24153E+02    3.01020E+01    7.44919E+01    1.80612E+01
    5.95930E-01    6.11210E-01    6.94755E-04    1.43676E-04    7.65845E+00    1.16267E+00    2.41387E-23    1.33315E+02    3.42011E+01    7.99890E+01    2.05206E+01
    6.11210E-01    6.26490E-01    7.39195E-04    1.28164E-04    7.68453E+00    1.22824E+00    2.39917E-23    1.26497E+02    2.98298E+01    7.58984E+01    1.78979E+01
    6.26490E-01    6.41770E-01    6.11767E-04    1.41169E-04    7.71061E+00    1.29381E+00    2.38446E-23    1.54310E+02    4.40269E+01    9.25862E+01    2.64161E+01
    6.41770E-01    6.57050E-01    6.05203E-04    1.36950E-04    7.73669E+00    1.35938E+00    2.36976E-23    1.57483E+02    4.51178E+01    9.44896E+01    2.70707E+01
    6.57050E-01    6.72330E-01    4.85527E-04    1.49813E-04    7.76277E+00    1.42495E+00    2.35506E-23    1.98191E+02    7.11567E+01    1.18915E+02    4.26940E+01
    6.72330E-01    6.87610E-01    7.26925E-04    1.10818E-04    7.78885E+00    1.49053E+00    2.34036E-23    1.33655E+02    3.27008E+01    8.01929E+01    1.96205E+01
    6.87610E-01    7.02890E-01    6.86597E-04    1.05996E-04    7.81493E+00    1.55610E+00    2.32566E-23    1.42876E+02    3.59983E+01    8.57259E+01    2.15990E+01
    7.02890E-01    7.18170E-01    3.64053E-04    1.37263E-04    7.84100E+00    1.62167E+00    2.31096E-23    2.72081E+02    1.17006E+02    1.63249E+02    7.02035E+01
    7.18170E-01    7.33450E-01    4.42552E-04    1.33590E-04    7.86708E+00    1.68724E+00    2.29625E-23    2.26002E+02    8.36874E+01    1.35601E+02    5.02124E+01
    7.33450E-01    7.48730E-01    5.02753E-04    1.24087E-04    7.89316E+00    1.75281E+00    2.28155E-23    2.00886E+02    6.66964E+01    1.20531E+02    4.00178E+01
    7.48730E-01    7.64010E-01    5.57638E-04    1.10750E-04    7.82140E+00    1.76962E+00    2.27671E-23    1.79849E+02    5.41446E+01    1.07909E+02    3.24867E+01
    7.64010E-01    7.79290E-01    4.38806E-04    1.20097E-04    7.71487E+00    1.76911E+00    2.27537E-23    2.25573E+02    8.05425E+01    1.35344E+02    4.83255E+01
    7.79290E-01    7.94570E-01    1.49674E-04    1.19490E-04    7.60835E+00    1.76859E+00    2.27404E-23    6.52574E+02    5.42608E+02    3.91545E+02    3.25565E+02
    7.94570E-01    8.09850E-01    4.32512E-04    1.16684E-04    7.50183E+00    1.76808E+00    2.27270E-23    2.22798E+02    7.98133E+01    1.33679E+02    4.78880E+01
    8.09850E-01    8.25130E-01    5.50248E-04    9.54591E-05    7.39530E+00    1.76756E+00    2.27136E-23    1.72741E+02    5.10165E+01    1.03644E+02    3.06099E+01
    8.25130E-01    8.40410E-01    3.45210E-04    1.17975E-04    7.28878E+00    1.76705E+00    2.27002E-23    2.71534E+02    1.13775E+02    1.62921E+02    6.82647E+01
    8.40410E-01    8.55690E-01    4.76844E-04    9.58159E-05    7.18225E+00    1.76653E+00    2.26868E-23    1.93818E+02    6.15570E+01    1.16291E+02    3.69342E+01
    8.55690E-01    8.70970E-01    2.79066E-04    1.13644E-04    7.07573E+00    1.76602E+00    2.26735E-23    3.26460E+02    1.55927E+02    1.95876E+02    9.35562E+01
    8.70970E-01    8.86250E-01    4.61807E-04    8.33751E-05    6.96921E+00    1.76550E+00    2.26601E-23    1.94422E+02    6.04807E+01    1.16653E+02    3.62884E+01
    8.86250E-01    9.01530E-01    2.23965E-04    1.08332E-04    6.86268E+00    1.76499E+00    2.26467E-23    3.94995E+02    2.16388E+02    2.36997E+02    1.29833E+02
    9.01530E-01    9.16810E-01    4.83763E-04    4.38477E-05    6.75616E+00    1.76447E+00    2.26333E-23    1.80137E+02    4.97982E+01    1.08082E+02    2.98789E+01
            NaN            NaN            NaN            NaN            NaN            NaN            NaN            NaN            NaN            NaN            NaN
