           #rin           rout          nelec         ne_err             tx         tx_err         lambda          5/2tc         tc_err          3/2tc         tc_err
           #Mpc            Mpc          cm^-3          cm^-3            keV            keV       e cm^3/s            Gyr            Gyr            Gyr            Gyr
    0.00000E+00    9.84000E-03    2.88779E-02    4.01358E-04    2.55409E+00    1.97126E-01    1.72283E-23    1.49868E+00    1.17530E-01    8.99211E-01    7.05179E-02
    9.84000E-03    1.96900E-02    1.08738E-02    1.86131E-04    2.72175E+00    2.34565E-01    1.72314E-23    4.24062E+00    3.72603E-01    2.54437E+00    2.23562E-01
    1.96900E-02    2.95300E-02    7.18987E-03    4.73835E-04    2.88941E+00    2.72005E-01    1.72345E-23    6.80727E+00    7.82252E-01    4.08436E+00    4.69351E-01
    2.95300E-02    3.93800E-02    7.08909E-03    3.47044E-04    3.05708E+00    3.09444E-01    1.72376E-23    7.30335E+00    8.21181E-01    4.38201E+00    4.92708E-01
    3.93800E-02    4.92200E-02    5.14049E-03    2.54963E-04    3.22474E+00    3.46883E-01    1.72407E-23    1.06223E+01    1.25825E+00    6.37338E+00    7.54950E-01
    4.92200E-02    5.90700E-02    4.12092E-03    2.61317E-04    3.39240E+00    3.84323E-01    1.72438E-23    1.39368E+01    1.80940E+00    8.36209E+00    1.08564E+00
    5.90700E-02    6.89100E-02    3.57348E-03    2.66366E-04    3.56007E+00    4.21762E-01    1.72469E-23    1.68632E+01    2.36033E+00    1.01179E+01    1.41620E+00
    6.89100E-02    7.87600E-02    3.13898E-03    2.92411E-04    3.72773E+00    4.59201E-01    1.72500E-23    2.00979E+01    3.10397E+00    1.20587E+01    1.86238E+00
    7.87600E-02    8.86000E-02    3.40935E-03    1.83058E-03    3.89539E+00    4.96641E-01    1.72531E-23    1.93329E+01    1.06690E+01    1.15997E+01    6.40141E+00
    8.86000E-02    9.84500E-02    2.57686E-03    1.82593E-04    3.95988E+00    5.15280E-01    1.71665E-23    2.61332E+01    3.87209E+00    1.56799E+01    2.32325E+00
    9.84500E-02    1.08290E-01    1.60520E-03    9.92992E-04    3.85320E+00    5.02730E-01    1.69312E-23    4.13894E+01    2.61671E+01    2.48336E+01    1.57003E+01
    1.08290E-01    1.18140E-01    2.35313E-03    2.51002E-04    3.74653E+00    4.90180E-01    1.66959E-23    2.78392E+01    4.69947E+00    1.67035E+01    2.81968E+00
    1.18140E-01    1.27980E-01    1.11533E-03    2.96979E-04    3.63985E+00    4.77629E-01    1.64606E-23    5.78788E+01    1.71812E+01    3.47273E+01    1.03087E+01
    1.27980E-01    1.37830E-01    1.99482E-03    2.70021E-04    3.53317E+00    4.65079E-01    1.62252E-23    3.18679E+01    6.01702E+00    1.91208E+01    3.61021E+00
    1.37830E-01    1.47670E-01    9.43876E-04    3.63188E-04    3.42650E+00    4.52529E-01    1.59899E-23    6.62785E+01    2.69632E+01    3.97671E+01    1.61779E+01
    1.47670E-01    1.57520E-01    1.64411E-03    4.30615E-04    3.31982E+00    4.39979E-01    1.57546E-23    3.74162E+01    1.09830E+01    2.24497E+01    6.58980E+00
    1.57520E-01    1.67360E-01    6.33744E-04    3.54433E-04    3.21314E+00    4.27429E-01    1.55193E-23    9.53736E+01    5.48275E+01    5.72241E+01    3.28965E+01
    1.67360E-01    1.77210E-01    1.30544E-03    1.46208E-04    3.15639E+00    4.32424E-01    1.54139E-23    4.57936E+01    8.10335E+00    2.74762E+01    4.86201E+00
    1.77210E-01    1.87050E-01    1.13079E-03    3.63872E-04    3.17205E+00    4.62870E-01    1.54970E-23    5.28438E+01    1.86711E+01    3.17063E+01    1.12027E+01
    1.87050E-01    1.96900E-01    9.00792E-04    3.77723E-04    3.18771E+00    4.93316E-01    1.55800E-23    6.63084E+01    2.96378E+01    3.97850E+01    1.77827E+01
    1.96900E-01    2.06740E-01    8.42869E-04    1.54774E-04    3.20336E+00    5.23762E-01    1.56631E-23    7.08355E+01    1.74164E+01    4.25013E+01    1.04498E+01
    2.06740E-01    2.16580E-01    1.25793E-03    4.84031E-04    3.21901E+00    5.54192E-01    1.57462E-23    4.74433E+01    1.99994E+01    2.84660E+01    1.19996E+01
    2.16580E-01    2.26430E-01    5.56750E-04    4.61886E-04    3.23467E+00    5.84638E-01    1.58292E-23    1.07150E+02    9.09783E+01    6.42902E+01    5.45870E+01
    2.26430E-01    2.36270E-01    8.51414E-04    1.81596E-04    3.25033E+00    6.15084E-01    1.59123E-23    7.00385E+01    1.99705E+01    4.20231E+01    1.19823E+01
    2.36270E-01    2.46120E-01    7.22742E-04    6.43270E-04    3.26599E+00    6.45530E-01    1.59954E-23    8.24746E+01    7.51940E+01    4.94848E+01    4.51164E+01
    2.46120E-01    2.55960E-01    7.17863E-04    2.74531E-04    3.28164E+00    6.75975E-01    1.60784E-23    8.30021E+01    3.60541E+01    4.98013E+01    2.16324E+01
    2.55960E-01    2.65810E-01    2.47861E-04    1.49075E-04    3.29730E+00    7.06421E-01    1.61615E-23    2.40299E+02    1.53422E+02    1.44179E+02    9.20534E+01
    2.65810E-01    2.75650E-01    3.99066E-04    1.81988E-04    3.31296E+00    7.36867E-01    1.62446E-23    1.49192E+02    7.56977E+01    8.95153E+01    4.54186E+01
    2.75650E-01    2.85500E-01    8.52200E-04    1.33520E-04    3.32862E+00    7.67313E-01    1.63277E-23    6.98364E+01    1.94651E+01    4.19018E+01    1.16790E+01
    2.85500E-01    2.95340E-01    5.64864E-04    2.90972E-04    3.41549E+00    8.80571E-01    1.64044E-23    1.07605E+02    6.19842E+01    6.45629E+01    3.71905E+01
    2.95340E-01    3.05190E-01    6.45792E-04    1.06030E-04    3.50926E+00    1.00185E+00    1.64806E-23    9.62575E+01    3.17006E+01    5.77545E+01    1.90204E+01
    3.05190E-01    3.15030E-01    3.87817E-04    2.82222E-04    3.60303E+00    1.12312E+00    1.65567E-23    1.63814E+02    1.29687E+02    9.82883E+01    7.78120E+01
    3.15030E-01    3.24880E-01    3.15768E-04    2.08658E-04    3.69680E+00    1.24439E+00    1.66328E-23    2.05482E+02    1.52384E+02    1.23289E+02    9.14305E+01
    3.24880E-01    3.34720E-01    4.09179E-04    1.66786E-04    3.79057E+00    1.36567E+00    1.67090E-23    1.61854E+02    8.80507E+01    9.71126E+01    5.28304E+01
    3.34720E-01    3.44570E-01    4.57820E-04    8.54300E-05    3.88434E+00    1.48694E+00    1.67851E-23    1.47564E+02    6.28422E+01    8.85385E+01    3.77053E+01
