ABELL_0754
Cosmology      70.0000     0.270000     0.730000
Number of MC iterations:    5000
Source FITS files: /mnt/SINISTER/577/reprocessed/577_sbprof_10pix.fits
       #RIN_MPC       ROUT_MPC   N_elec(cm-3)       Sigma_Ne     K(KeV cm2)K_flat(KeV cm2)          K_err              P         P_flat          P_err           Mgas           Merr
        0.39020        0.39540    3.50439E-03    4.08518E-05      374.49942      374.49942       42.42373    3.02787E-02    3.02787E-02    3.44008E-03   -7.62575E+15   -6.32001E+14
        0.38500        0.39020    1.57612E-03    1.19840E-04      617.66819      617.66819       80.24085    1.31847E-02    1.31847E-02    1.86871E-03    2.16431E+15    1.89843E+14
        0.37980        0.38500    2.00473E-03    9.58795E-05      508.85765      508.85765       66.46153    1.62190E-02    1.62190E-02    2.19584E-03   -1.33571E+15   -1.24064E+14
        0.37459        0.37980    1.64774E-03    1.15296E-04      560.22087      560.22087       79.59378    1.28778E-02    1.28778E-02    1.94900E-03    1.29359E+13    1.27306E+12
        0.36939        0.37459    1.65586E-03    1.17461E-04      538.74383      538.74383       80.78133    1.24860E-02    1.24860E-02    1.98518E-03   -4.42439E+14   -4.61671E+13
        0.36419        0.36939    1.62180E-03    1.20605E-04      546.92425      546.92425       83.34606    1.22440E-02    1.22440E-02    1.98546E-03   -1.34098E+14   -1.41707E+13
        0.35899        0.36419    1.58118E-03    1.21668E-04      565.58943      565.58943       86.02094    1.21377E-02    1.21377E-02    1.97293E-03   -1.07218E+14   -1.12577E+13
        0.35378        0.35899    1.49628E-03    1.31136E-04      596.61351      596.61351       91.81433    1.16783E-02    1.16783E-02    1.95241E-03   -1.31447E+14   -1.37236E+13
        0.34858        0.35378    1.50187E-03    1.37587E-04      610.47836      610.47836       95.96241    1.20243E-02    1.20243E-02    2.06074E-03   -7.26995E+13   -7.72199E+12
        0.34338        0.34858    1.53953E-03    1.40332E-04      615.57723      615.57723       98.02751    1.26356E-02    1.26356E-02    2.18764E-03   -1.80220E+13   -1.94533E+12
        0.33817        0.34338    1.47954E-03    1.49170E-04      625.06293      625.06293      100.48920    1.20080E-02    1.20080E-02    2.13097E-03    2.86867E+12    3.07226E+11
        0.33297        0.33817    1.50421E-03    1.47338E-04      568.24226      568.24226       86.44527    1.12214E-02    1.12214E-02    1.89349E-03   -2.60729E+13   -2.62709E+12
        0.32777        0.33297    1.47606E-03    1.50637E-04      524.84234      524.84234       75.65921    1.00431E-02    1.00431E-02    1.63696E-03   -1.79942E+13   -1.67706E+12
        0.32257        0.32777    1.50531E-03    1.52799E-04      536.32385      536.32385       79.48391    1.06040E-02    1.06040E-02    1.76447E-03   -4.52291E+13   -4.37318E+12
        0.31736        0.32257    1.50859E-03    1.58061E-04      589.15874      589.15874       93.83198    1.16909E-02    1.16909E-02    2.07374E-03   -1.88962E+13   -1.98339E+12
        0.31216        0.31736    1.45274E-03    1.71574E-04      646.56135      646.56135      108.98625    1.20483E-02    1.20483E-02    2.29115E-03    4.98965E+13    5.45364E+12
        0.30696        0.31216    1.44100E-03    1.76173E-04      647.73086      647.73086      106.00381    1.19079E-02    1.19079E-02    2.23052E-03    7.83188E+13    8.15067E+12
        0.30176        0.30696    1.45090E-03    1.75324E-04      642.45641      642.45641      100.85256    1.19464E-02    1.19464E-02    2.16210E-03    1.50115E+14    1.48319E+13
        0.29655        0.30176    1.57576E-03    1.67251E-04      602.15914      602.15914       90.55467    1.28487E-02    1.28487E-02    2.18330E-03    1.47764E+13    1.43789E+12
        0.29135        0.29655    1.62239E-03    1.67816E-04      581.65507      581.65507       88.27397    1.30294E-02    1.30294E-02    2.21792E-03    6.72167E+13    6.66391E+12
        0.28615        0.29135    1.66910E-03    1.71218E-04      562.01076      562.01076       86.44065    1.31993E-02    1.31993E-02    2.26714E-03   -2.38789E+13   -2.41244E+12
        0.28095        0.28615    1.45273E-03    2.02372E-04      635.04240      635.04240      109.36077    1.18334E-02    1.18334E-02    2.37959E-03    2.66078E+13    2.82974E+12
        0.27574        0.28095    1.54652E-03    1.96620E-04      631.49496      631.49496      110.20242    1.30605E-02    1.30605E-02    2.59355E-03   -2.35662E+12   -2.63626E+11
        0.27054        0.27574    1.53542E-03    2.04507E-04      654.46651      654.46651      118.91096    1.33742E-02    1.33742E-02    2.76905E-03    1.71441E+14    1.99291E+13
        0.26534        0.27054    1.67667E-03    1.89124E-04      588.73403      588.73403       95.28578    1.39316E-02    1.39316E-02    2.54088E-03    1.47581E+14    1.55108E+13
        0.26013        0.26534    1.67429E-03    1.98252E-04      560.82658      560.82658       83.66240    1.32398E-02    1.32398E-02    2.29484E-03    1.22187E+14    1.13420E+13
        0.25493        0.26013    1.74451E-03    1.93059E-04      552.35923      552.35923       82.20208    1.39640E-02    1.39640E-02    2.37599E-03    8.59461E+12    8.14593E+11
        0.24973        0.25493    1.83991E-03    1.90839E-04      551.71397      551.71397       85.57006    1.52420E-02    1.52420E-02    2.64141E-03    2.14379E+13    2.18258E+12
        0.24453        0.24973    1.78801E-03    2.03661E-04      579.73689      579.73689       95.88165    1.52704E-02    1.52704E-02    2.83885E-03    1.60947E+13    1.73413E+12
        0.23932        0.24453    1.68951E-03    2.22236E-04      588.18293      588.18293       95.97970    1.40966E-02    1.40966E-02    2.68355E-03    3.65733E+13    3.69087E+12
        0.23412        0.23932    1.71665E-03    2.27482E-04      568.24206      568.24206       88.30858    1.39852E-02    1.39852E-02    2.57521E-03   -3.44888E+12   -3.23366E+11
        0.22892        0.23412    1.78288E-03    2.24545E-04      528.60703      528.60703       78.51442    1.38571E-02    1.38571E-02    2.43481E-03    1.04897E+14    9.42490E+12
        0.22372        0.22892    1.95225E-03    2.02988E-04      466.31593      466.31593       64.61855    1.42202E-02    1.42202E-02    2.25776E-03    4.92199E+13    4.33096E+12
        0.21851        0.22372    1.77872E-03    2.24773E-04      462.91077      462.91077       66.77449    1.20877E-02    1.20877E-02    2.08243E-03    7.51965E+13    6.45695E+12
        0.21331        0.21851    2.01676E-03    2.02544E-04      423.96684      423.96684       55.61423    1.36486E-02    1.36486E-02    2.06138E-03    2.54466E+13    2.10498E+12
        0.20811        0.21331    1.87338E-03    2.31300E-04      445.87148      445.87148       60.69773    1.26937E-02    1.26937E-02    2.08582E-03    7.66811E+13    6.09732E+12
        0.20290        0.20811    2.08929E-03    2.16528E-04      424.64544      424.64544       55.55037    1.44997E-02    1.44997E-02    2.20280E-03    2.31938E+13    1.88937E+12
        0.19770        0.20290    2.07241E-03    2.35187E-04      447.12694      447.12694       63.59093    1.50623E-02    1.50623E-02    2.49242E-03    6.37865E+13    5.63324E+12
        0.19250        0.19770    2.11566E-03    2.45123E-04      460.91578      460.91578       69.28893    1.60705E-02    1.60705E-02    2.78611E-03    3.76115E+13    3.55715E+12
        0.18730        0.19250    2.13483E-03    2.51344E-04      464.00190      464.00190       70.45746    1.64233E-02    1.64233E-02    2.88033E-03    3.55800E+13    3.39165E+12
        0.18209        0.18730    2.17108E-03    2.59442E-04      461.26769      461.26769       70.05338    1.67912E-02    1.67912E-02    2.95631E-03    2.24030E+13    2.12424E+12
        0.17689        0.18209    2.29414E-03    2.63058E-04      446.43085      446.43085       66.18264    1.78150E-02    1.78150E-02    3.04851E-03    2.28117E+13    2.12485E+12
        0.17169        0.17689    2.26387E-03    2.77710E-04      451.26601      451.26601       66.27388    1.76137E-02    1.76137E-02    3.04715E-03    2.80217E+13    2.50671E+12
        0.16649        0.17169    2.23955E-03    2.92464E-04      455.39746      455.39746       66.40317    1.74579E-02    1.74579E-02    3.06067E-03    1.07745E+13    9.24221E+11
        0.16128        0.16649    2.26927E-03    2.92843E-04      441.81020      441.81020       63.20276    1.73133E-02    1.73133E-02    2.98454E-03    1.87747E+13    1.57361E+12
        0.15608        0.16128    2.35634E-03    2.76475E-04      416.75532      416.75532       57.14054    1.73892E-02    1.73892E-02    2.82791E-03    2.15461E+13    1.77923E+12
        0.15088        0.15608    2.37913E-03    2.82581E-04      400.07782      400.07782       54.48487    1.69632E-02    1.69632E-02    2.75536E-03    1.41159E+13    1.14696E+12
        0.14568        0.15088    2.41581E-03    2.92661E-04      427.48485      427.48485       63.59000    1.85934E-02    1.85934E-02    3.23552E-03    4.56657E+12    4.18335E+11
        0.14047        0.14568    2.42321E-03    3.09062E-04      458.01754      458.01754       73.89223    2.00232E-02    2.00232E-02    3.74946E-03    6.18665E+12    6.22027E+11
        0.13527        0.14047    2.39659E-03    3.34767E-04      475.15466      475.15466       80.48044    2.03934E-02    2.03934E-02    4.05458E-03    3.10595E+13    3.22250E+12
        0.13007        0.13527    2.39688E-03    3.54603E-04      450.35067      450.35067       73.93325    1.93328E-02    1.93328E-02    3.82334E-03    3.63873E+13    3.50197E+12
        0.12486        0.13007    2.44019E-03    3.61059E-04      420.53516      420.53516       65.26216    1.85998E-02    1.85998E-02    3.54111E-03    4.96131E+13    4.35884E+12
        0.11966        0.12486    2.78845E-03    3.35893E-04      376.66125      376.66125       52.99523    2.08077E-02    2.08077E-02    3.47289E-03    4.68343E+13    3.96783E+12
        0.11446        0.11966    2.91994E-03    3.45681E-04      365.42795      365.42795       51.24563    2.17984E-02    2.17984E-02    3.61170E-03    5.87267E+13    4.99210E+12
        0.10926        0.11446    3.18462E-03    3.47146E-04      345.04020      345.04020       47.31956    2.37848E-02    2.37848E-02    3.79137E-03    4.00255E+13    3.41379E+12
        0.10405        0.10926    3.18955E-03    3.55526E-04      348.34733      348.34733       47.92772    2.40747E-02    2.40747E-02    3.86940E-03    3.65385E+13    3.10264E+12
        0.09885        0.10405    3.61173E-03    3.30122E-04      326.30373      326.30373       42.37308    2.77426E-02    2.77426E-02    4.06828E-03    2.47969E+13    2.08526E+12
        0.09365        0.09885    3.74599E-03    3.52002E-04      323.98409      323.98409       42.02763    2.92730E-02    2.92730E-02    4.31547E-03    2.47358E+13    2.06051E+12
        0.08845        0.09365    3.89949E-03    3.65150E-04      314.64577      314.64577       41.09641    3.03973E-02    3.03973E-02    4.50156E-03    7.77432E+12    6.54078E+11
        0.08324        0.08845    3.93467E-03    3.91492E-04      308.81929      308.81929       41.54705    3.02844E-02    3.02844E-02    4.65234E-03    6.95819E+12    5.97247E+11
        0.07804        0.08324    3.97494E-03    4.34209E-04      302.80879      302.80879       42.35619    3.02032E-02    3.02032E-02    4.88835E-03    4.42606E+12    3.87627E+11
        0.07284        0.07804    3.88859E-03    4.80087E-04      303.29609      303.29609       43.33707    2.91644E-02    2.91644E-02    4.95664E-03    6.09476E+12    5.22036E+11
        0.06763        0.07284    4.06798E-03    4.79289E-04      290.45108      290.45108       39.45270    3.01096E-02    3.01096E-02    4.87016E-03   -1.22577E+12   -9.96154E+10
        0.06243        0.06763    4.16164E-03    5.10862E-04      282.27355      282.27355       37.50585    3.03933E-02    3.03933E-02    4.90323E-03    3.44606E+12    2.64531E+11
        0.05723        0.06243    4.37292E-03    5.27351E-04      277.02815      277.02815       36.53614    3.23948E-02    3.23948E-02    5.17034E-03    7.95529E+11    6.09922E+10
        0.05203        0.05723    3.82237E-03    6.96129E-04      313.82471      313.82471       51.19783    2.93252E-02    2.93252E-02    6.22369E-03    5.29961E+12    4.23490E+11
        0.04682        0.05203    4.16857E-03    7.02209E-04      306.38918      306.38918       48.83215    3.30815E-02    3.30815E-02    6.71209E-03    2.57836E+12    2.13836E+11
        0.04162        0.04682    4.14378E-03    8.11669E-04      317.84082      317.84082       55.71767    3.39785E-02    3.39785E-02    7.75168E-03    7.44825E+12    6.38804E+11
        0.03642        0.04162    5.06586E-03    7.79683E-04      286.94396      286.94396       45.42938    4.28765E-02    4.28765E-02    8.38296E-03    3.74654E+12    3.31268E+11
        0.03122        0.03642    4.95313E-03    9.64510E-04      300.36502      300.36502       53.91698    4.32297E-02    4.32297E-02    9.97922E-03    4.72506E+12    4.29570E+11
        0.02601        0.03122    5.13277E-03    1.10790E-03      302.18538      302.18538       58.03198    4.61522E-02    4.61522E-02    1.15623E-02    1.25952E+12    1.17463E+11
        0.02081        0.02601    4.88214E-03    1.32833E-03      321.61198      321.61198       71.80737    4.51873E-02    4.51873E-02    1.36296E-02    2.05747E+12    1.96434E+11
        0.01561        0.02081    5.47674E-03    1.55844E-03      306.38597      306.38597       70.99146    5.21362E-02    5.21362E-02    1.63771E-02    1.66233E+12    1.62184E+11
        0.01041        0.01561    5.97619E-03    1.89898E-03      297.08328      297.08328       74.74493    5.84680E-02    5.84680E-02    2.02028E-02    1.82916E+12    1.82078E+11
        0.00520        0.01041    6.97127E-03    2.50878E-03      275.32621      275.32621       76.24346    7.00434E-02    7.00434E-02    2.70039E-02    8.13297E+11    8.24811E+10
        0.00000        0.00520    8.06497E-03    4.07926E-03      256.39798      256.39798       93.68365    8.31610E-02    8.31610E-02    4.36603E-02    4.17331E+11    4.30659E+10
