           #rin           rout          nelec         ne_err             tx         tx_err         lambda          5/2tc         tc_err          3/2tc         tc_err
           #Mpc            Mpc          cm^-3          cm^-3            keV            keV       e cm^3/s            Gyr            Gyr            Gyr            Gyr
    4.50000E-04    8.90000E-04    1.48828E-01    1.52580E-03    1.91892E+00    7.84285E-03    1.92038E-23    1.96006E-01    2.16327E-03    1.17604E-01    1.29796E-03
    8.90000E-04    1.34000E-03    1.31662E-01    9.50797E-04    1.92290E+00    1.58058E-02    2.00315E-23    2.12847E-01    2.32884E-03    1.27708E-01    1.39731E-03
    1.34000E-03    1.79000E-03    1.19360E-01    6.47833E-04    1.92693E+00    2.38583E-02    2.08686E-23    2.25838E-01    3.05308E-03    1.35503E-01    1.83185E-03
    1.79000E-03    2.24000E-03    8.63471E-02    6.58430E-04    1.93326E+00    3.00000E-02    2.16454E-23    3.01968E-01    5.22107E-03    1.81181E-01    3.13264E-03
    2.24000E-03    2.68000E-03    7.71664E-02    5.79380E-04    1.94687E+00    3.00001E-02    2.22222E-23    3.31440E-01    5.68130E-03    1.98864E-01    3.40878E-03
    2.68000E-03    3.13000E-03    7.01690E-02    4.95057E-04    1.92990E+00    3.00001E-02    2.21741E-23    3.62099E-01    6.18140E-03    2.17259E-01    3.70884E-03
    3.13000E-03    3.58000E-03    6.23372E-02    4.28234E-04    1.90674E+00    3.00001E-02    2.19794E-23    4.06268E-01    6.97482E-03    2.43761E-01    4.18489E-03
    3.58000E-03    4.02000E-03    5.51067E-02    4.00868E-04    1.89368E+00    3.00000E-02    2.19167E-23    4.57732E-01    7.97940E-03    2.74639E-01    4.78764E-03
    4.02000E-03    4.47000E-03    4.77630E-02    4.05449E-04    1.90465E+00    3.00000E-02    2.13105E-23    5.46278E-01    9.77442E-03    3.27767E-01    5.86465E-03
    4.47000E-03    4.92000E-03    4.14461E-02    4.04348E-04    1.92146E+00    2.85420E-02    2.06535E-23    6.55296E-01    1.16457E-02    3.93178E-01    6.98741E-03
    4.92000E-03    5.37000E-03    3.62128E-02    4.11106E-04    1.92715E+00    2.28497E-02    2.04952E-23    7.58026E-01    1.24432E-02    4.54816E-01    7.46594E-03
    5.37000E-03    5.81000E-03    3.55265E-02    3.71022E-04    1.93244E+00    2.00001E-02    2.03691E-23    7.79589E-01    1.14624E-02    4.67753E-01    6.87745E-03
    5.81000E-03    6.26000E-03    3.50240E-02    3.31777E-04    1.93739E+00    2.00001E-02    2.02741E-23    7.96512E-01    1.11598E-02    4.77907E-01    6.69589E-03
    6.26000E-03    6.71000E-03    3.33282E-02    3.04069E-04    1.94658E+00    2.00001E-02    2.01556E-23    8.45955E-01    1.16239E-02    5.07573E-01    6.97433E-03
    6.71000E-03    7.15000E-03    3.02494E-02    2.98594E-04    1.96018E+00    2.00000E-02    2.00141E-23    9.45205E-01    1.34187E-02    5.67123E-01    8.05120E-03
    7.15000E-03    7.60000E-03    2.64886E-02    3.10044E-04    1.97245E+00    2.12270E-02    1.98576E-23    1.09472E+00    1.74063E-02    6.56833E-01    1.04438E-02
    7.60000E-03    8.05000E-03    2.37680E-02    3.18472E-04    1.98138E+00    2.56885E-02    1.96600E-23    1.23787E+00    2.30798E-02    7.42721E-01    1.38479E-02
    8.05000E-03    8.50000E-03    2.16977E-02    3.31525E-04    1.99050E+00    2.98318E-02    1.94643E-23    1.37592E+00    2.94482E-02    8.25554E-01    1.76689E-02
    8.50000E-03    8.94000E-03    2.07459E-02    3.30618E-04    2.00534E+00    2.48851E-02    1.93258E-23    1.46017E+00    2.94928E-02    8.76101E-01    1.76957E-02
    8.94000E-03    9.39000E-03    2.05291E-02    3.18861E-04    2.02031E+00    2.00616E-02    1.91868E-23    1.49737E+00    2.76041E-02    8.98422E-01    1.65625E-02
    9.39000E-03    9.84000E-03    2.02288E-02    3.11466E-04    2.04532E+00    2.50638E-02    1.90062E-23    1.55303E+00    3.05611E-02    9.31817E-01    1.83367E-02
    9.84000E-03    1.02800E-02    1.97376E-02    3.09855E-04    2.07003E+00    3.00000E-02    1.88278E-23    1.62617E+00    3.47439E-02    9.75703E-01    2.08463E-02
    1.02800E-02    1.07300E-02    1.93121E-02    3.01938E-04    2.08487E+00    3.00001E-02    1.87422E-23    1.68156E+00    3.57305E-02    1.00893E+00    2.14383E-02
    1.07300E-02    1.11800E-02    1.91489E-02    2.94485E-04    2.09988E+00    3.00002E-02    1.86557E-23    1.71602E+00    3.60206E-02    1.02961E+00    2.16123E-02
    1.11800E-02    1.16200E-02    1.87568E-02    2.97195E-04    2.12453E+00    3.00001E-02    1.84926E-23    1.78809E+00    3.79501E-02    1.07286E+00    2.27701E-02
    1.16200E-02    1.20700E-02    1.83358E-02    2.92897E-04    2.14926E+00    3.00000E-02    1.83289E-23    1.86697E+00    3.96046E-02    1.12018E+00    2.37628E-02
    1.20700E-02    1.25200E-02    1.77483E-02    2.89813E-04    2.17428E+00    3.00000E-02    1.82886E-23    1.95552E+00    4.18049E-02    1.17331E+00    2.50829E-02
    1.25200E-02    1.29700E-02    1.72342E-02    2.82218E-04    2.19929E+00    3.00000E-02    1.82520E-23    2.04109E+00    4.35010E-02    1.22466E+00    2.61006E-02
    1.29700E-02    1.34100E-02    1.69184E-02    2.75660E-04    2.21982E+00    3.00000E-02    1.81118E-23    2.11485E+00    4.47691E-02    1.26891E+00    2.68615E-02
    1.34100E-02    1.38600E-02    1.65568E-02    2.73148E-04    2.24005E+00    3.00000E-02    1.79704E-23    2.19790E+00    4.67037E-02    1.31874E+00    2.80222E-02
    1.38600E-02    1.43100E-02    1.63402E-02    2.71621E-04    2.24506E+00    3.00000E-02    1.80084E-23    2.22729E+00    4.75036E-02    1.33638E+00    2.85022E-02
    1.43100E-02    1.47500E-02    1.60559E-02    2.63808E-04    2.25000E+00    3.00033E-02    1.80460E-23    2.26700E+00    4.79716E-02    1.36020E+00    2.87830E-02
    1.47500E-02    1.52000E-02    1.55891E-02    2.57539E-04    2.24437E+00    3.56323E-02    1.79626E-23    2.33984E+00    5.36116E-02    1.40390E+00    3.21670E-02
    1.52000E-02    1.56500E-02    1.50509E-02    2.51649E-04    2.24137E+00    4.00000E-02    1.78380E-23    2.43718E+00    5.96009E-02    1.46231E+00    3.57605E-02
    1.56500E-02    1.61000E-02    1.45506E-02    2.55027E-04    2.24727E+00    4.00000E-02    1.75804E-23    2.56465E+00    6.40655E-02    1.53879E+00    3.84393E-02
    1.61000E-02    1.65400E-02    1.41785E-02    2.52139E-04    2.25788E+00    4.00000E-02    1.74657E-23    2.66176E+00    6.68142E-02    1.59705E+00    4.00885E-02
    1.65400E-02    1.69900E-02    1.39257E-02    2.41785E-04    2.27272E+00    4.00000E-02    1.74746E-23    2.72650E+00    6.74066E-02    1.63590E+00    4.04440E-02
    1.69900E-02    1.74400E-02    1.36744E-02    2.28909E-04    2.28515E+00    4.00000E-02    1.74282E-23    2.79922E+00    6.77982E-02    1.67953E+00    4.06789E-02
    1.74400E-02    1.78800E-02    1.34196E-02    2.27118E-04    2.29505E+00    4.00000E-02    1.73308E-23    2.88083E+00    6.99868E-02    1.72850E+00    4.19921E-02
    1.78800E-02    1.83300E-02    1.29884E-02    2.32317E-04    2.30441E+00    3.77966E-02    1.72987E-23    2.99414E+00    7.26626E-02    1.79648E+00    4.35975E-02
    1.83300E-02    1.87800E-02    1.26818E-02    2.34702E-04    2.31333E+00    3.33351E-02    1.73327E-23    3.07238E+00    7.20640E-02    1.84343E+00    4.32384E-02
    1.87800E-02    1.92300E-02    1.24026E-02    2.31906E-04    2.32563E+00    3.22528E-02    1.73475E-23    3.15554E+00    7.34608E-02    1.89333E+00    4.40765E-02
    1.92300E-02    1.96700E-02    1.22071E-02    2.29267E-04    2.34769E+00    4.10767E-02    1.73065E-23    3.24416E+00    8.32731E-02    1.94650E+00    4.99639E-02
    1.96700E-02    2.01200E-02    1.19044E-02    2.28023E-04    2.36975E+00    4.99007E-02    1.72655E-23    3.36589E+00    9.58132E-02    2.01954E+00    5.74879E-02
    2.01200E-02    2.05700E-02    1.16868E-02    2.24891E-04    2.37495E+00    4.50537E-02    1.72022E-23    3.44872E+00    9.31906E-02    2.06923E+00    5.59143E-02
    2.05700E-02    2.10100E-02    1.16741E-02    2.20099E-04    2.37989E+00    4.01070E-02    1.71394E-23    3.47235E+00    8.78074E-02    2.08341E+00    5.26844E-02
    2.10100E-02    2.14600E-02    1.12391E-02    2.17822E-04    2.38432E+00    4.00001E-02    1.70832E-23    3.62533E+00    9.29285E-02    2.17520E+00    5.57571E-02
    2.14600E-02    2.19100E-02    1.10795E-02    2.17123E-04    2.38878E+00    4.00000E-02    1.70265E-23    3.69669E+00    9.52879E-02    2.21802E+00    5.71727E-02
    2.19100E-02    2.23600E-02    1.05166E-02    2.25216E-04    2.41339E+00    3.70764E-02    1.70981E-23    3.91820E+00    1.03268E-01    2.35092E+00    6.19605E-02
    2.23600E-02    2.28000E-02    1.02802E-02    2.17758E-04    2.44524E+00    3.30949E-02    1.72168E-23    4.03322E+00    1.01383E-01    2.41993E+00    6.08298E-02
    2.28000E-02    2.32500E-02    9.92921E-03    2.16501E-04    2.47000E+00    3.39296E-02    1.72625E-23    4.20689E+00    1.08415E-01    2.52413E+00    6.50488E-02
    2.32500E-02    2.37000E-02    9.62773E-03    2.19799E-04    2.47000E+00    5.17755E-02    1.70515E-23    4.39232E+00    1.36133E-01    2.63539E+00    8.16799E-02
    2.37000E-02    2.41400E-02    9.45566E-03    2.20320E-04    2.47000E+00    6.94232E-02    1.68428E-23    4.52766E+00    1.65299E-01    2.71660E+00    9.91793E-02
    2.41400E-02    2.45900E-02    9.46451E-03    2.13538E-04    2.46123E+00    5.68411E-02    1.67948E-23    4.52026E+00    1.45942E-01    2.71215E+00    8.75654E-02
    2.45900E-02    2.50400E-02    9.43367E-03    2.07641E-04    2.45206E+00    4.30848E-02    1.67517E-23    4.52976E+00    1.27576E-01    2.71786E+00    7.65454E-02
    2.50400E-02    2.54900E-02    9.41432E-03    2.03447E-04    2.42501E+00    3.37533E-02    1.66246E-23    4.52333E+00    1.16272E-01    2.71400E+00    6.97631E-02
    2.54900E-02    2.59300E-02    9.37296E-03    2.08433E-04    2.39316E+00    2.57905E-02    1.64749E-23    4.52436E+00    1.11803E-01    2.71462E+00    6.70819E-02
    2.59300E-02    2.63800E-02    9.26066E-03    2.13160E-04    2.36891E+00    2.00002E-02    1.63495E-23    4.56758E+00    1.11985E-01    2.74055E+00    6.71910E-02
    2.63800E-02    2.68300E-02    9.17442E-03    2.14423E-04    2.36489E+00    2.00002E-02    1.62883E-23    4.61998E+00    1.14829E-01    2.77199E+00    6.88974E-02
    2.68300E-02    2.72700E-02    8.82303E-03    2.18168E-04    2.36091E+00    2.00002E-02    1.62278E-23    4.81377E+00    1.25822E-01    2.88826E+00    7.54934E-02
    2.72700E-02    2.77200E-02    8.67419E-03    2.14794E-04    2.37845E+00    2.30757E-02    1.62383E-23    4.92957E+00    1.31103E-01    2.95774E+00    7.86617E-02
    2.77200E-02    2.81700E-02    8.30261E-03    2.18708E-04    2.40261E+00    2.71018E-02    1.62701E-23    5.19233E+00    1.48789E-01    3.11540E+00    8.92737E-02
    2.81700E-02    2.86200E-02    8.29591E-03    2.13708E-04    2.42113E+00    2.88720E-02    1.62718E-23    5.23603E+00    1.48635E-01    3.14162E+00    8.91808E-02
    2.86200E-02    2.90600E-02    8.21525E-03    2.14481E-04    2.42511E+00    2.48905E-02    1.61969E-23    5.32060E+00    1.49257E-01    3.19236E+00    8.95543E-02
    2.90600E-02    2.95100E-02    8.39975E-03    2.06527E-04    2.42909E+00    2.09091E-02    1.61221E-23    5.23648E+00    1.36413E-01    3.14189E+00    8.18477E-02
    2.95100E-02    2.99600E-02    8.27418E-03    2.08084E-04    2.43312E+00    2.31171E-02    1.60679E-23    5.34272E+00    1.43631E-01    3.20563E+00    8.61785E-02
    2.99600E-02    3.04000E-02    8.30981E-03    2.02075E-04    2.43710E+00    2.70986E-02    1.60205E-23    5.34427E+00    1.42902E-01    3.20656E+00    8.57410E-02
    3.04000E-02    3.08500E-02    8.19561E-03    1.98772E-04    2.44000E+00    3.00000E-02    1.59639E-23    5.44445E+00    1.48045E-01    3.26667E+00    8.88270E-02
    3.08500E-02    3.13000E-02    8.15898E-03    1.97981E-04    2.44000E+00    3.00000E-02    1.58813E-23    5.49732E+00    1.49541E-01    3.29839E+00    8.97246E-02
    3.13000E-02    3.17500E-02    8.15915E-03    1.94755E-04    2.44000E+00    3.00000E-02    1.57988E-23    5.52592E+00    1.48371E-01    3.31555E+00    8.90226E-02
    3.17500E-02    3.21900E-02    8.02532E-03    1.94467E-04    2.45246E+00    2.68859E-02    1.58205E-23    5.63898E+00    1.49976E-01    3.38339E+00    8.99854E-02
    3.21900E-02    3.26400E-02    7.98396E-03    1.89714E-04    2.46838E+00    2.29045E-02    1.58711E-23    5.68683E+00    1.45068E-01    3.41210E+00    8.70406E-02
    3.26400E-02    3.30900E-02    7.92767E-03    1.88713E-04    2.48112E+00    2.00000E-02    1.59328E-23    5.73448E+00    1.44120E-01    3.44069E+00    8.64719E-02
    3.30900E-02    3.35300E-02    7.94104E-03    1.82435E-04    2.48510E+00    2.00000E-02    1.60208E-23    5.70252E+00    1.38814E-01    3.42151E+00    8.32883E-02
    3.35300E-02    3.39800E-02    7.85967E-03    1.79300E-04    2.48908E+00    2.00000E-02    1.61088E-23    5.73927E+00    1.38812E-01    3.44356E+00    8.32872E-02
    3.39800E-02    3.44300E-02    7.73100E-03    1.81280E-04    2.50556E+00    2.31110E-02    1.61940E-23    5.84248E+00    1.47215E-01    3.50549E+00    8.83293E-02
    3.44300E-02    3.48700E-02    7.58837E-03    1.80540E-04    2.52546E+00    2.70924E-02    1.62772E-23    5.96891E+00    1.55779E-01    3.58135E+00    9.34675E-02
    3.48700E-02    3.53200E-02    7.67310E-03    1.74632E-04    2.54000E+00    3.00000E-02    1.63237E-23    5.92008E+00    1.51798E-01    3.55205E+00    9.10787E-02
    3.53200E-02    3.57700E-02    7.64218E-03    1.71552E-04    2.54000E+00    3.00000E-02    1.62702E-23    5.96359E+00    1.51270E-01    3.57815E+00    9.07621E-02
    3.57700E-02    3.62200E-02    7.73908E-03    1.64222E-04    2.54000E+00    3.00000E-02    1.62166E-23    5.90837E+00    1.43487E-01    3.54502E+00    8.60923E-02
    3.62200E-02    3.66600E-02    7.66928E-03    1.65539E-04    2.55133E+00    3.00000E-02    1.62042E-23    5.99334E+00    1.47315E-01    3.59600E+00    8.83887E-02
    3.66600E-02    3.71100E-02    7.73531E-03    1.62736E-04    2.56584E+00    3.00000E-02    1.62031E-23    5.97637E+00    1.43844E-01    3.58582E+00    8.63063E-02
    3.71100E-02    3.75600E-02    7.75184E-03    1.58132E-04    2.57989E+00    3.00000E-02    1.62003E-23    5.99731E+00    1.40822E-01    3.59838E+00    8.44932E-02
    3.75600E-02    3.80000E-02    7.61664E-03    1.59697E-04    2.57662E+00    3.00000E-02    1.61516E-23    6.11440E+00    1.46640E-01    3.66864E+00    8.79840E-02
    3.80000E-02    3.84500E-02    7.63801E-03    1.56689E-04    2.57336E+00    3.00000E-02    1.61030E-23    6.10796E+00    1.44120E-01    3.66478E+00    8.64722E-02
    3.84500E-02    3.89000E-02    7.50582E-03    1.55053E-04    2.57005E+00    3.00000E-02    1.60538E-23    6.22658E+00    1.47742E-01    3.73595E+00    8.86449E-02
    3.89000E-02    3.93500E-02    7.48696E-03    1.51443E-04    2.58325E+00    3.00000E-02    1.60543E-23    6.27412E+00    1.46339E-01    3.76447E+00    8.78037E-02
    3.93500E-02    3.97900E-02    7.14492E-03    1.54307E-04    2.59658E+00    3.00000E-02    1.60557E-23    6.60784E+00    1.61846E-01    3.96471E+00    9.71075E-02
    3.97900E-02    4.02400E-02    6.84116E-03    1.55284E-04    2.60991E+00    3.00000E-02    1.60570E-23    6.93609E+00    1.76475E-01    4.16165E+00    1.05885E-01
    4.02400E-02    4.06900E-02    6.49308E-03    1.57016E-04    2.62150E+00    3.00000E-02    1.60763E-23    7.33159E+00    1.96143E-01    4.39895E+00    1.17686E-01
    4.06900E-02    4.11300E-02    6.45411E-03    1.51683E-04    2.63296E+00    3.00000E-02    1.60955E-23    7.39925E+00    1.93255E-01    4.43955E+00    1.15953E-01
    4.11300E-02    4.15800E-02    6.37692E-03    1.49214E-04    2.64441E+00    3.00000E-02    1.61146E-23    7.51245E+00    1.95355E-01    4.50747E+00    1.17213E-01
    4.15800E-02    4.20300E-02    6.39126E-03    1.42827E-04    2.64352E+00    3.00000E-02    1.61046E-23    7.49775E+00    1.87921E-01    4.49865E+00    1.12753E-01
    4.20300E-02    4.24800E-02    6.40751E-03    1.38079E-04    2.63102E+00    3.00001E-02    1.60671E-23    7.46074E+00    1.81895E-01    4.47644E+00    1.09137E-01
    4.24800E-02    4.29200E-02    6.27636E-03    1.37495E-04    2.61865E+00    3.00001E-02    1.60300E-23    7.59838E+00    1.87844E-01    4.55903E+00    1.12706E-01
    4.29200E-02    4.33700E-02    6.40441E-03    1.32907E-04    2.60628E+00    3.00002E-02    1.59929E-23    7.42848E+00    1.76285E-01    4.45709E+00    1.05771E-01
    4.33700E-02    4.38200E-02    6.29224E-03    1.31002E-04    2.60117E+00    3.00002E-02    1.59685E-23    7.55760E+00    1.79876E-01    4.53456E+00    1.07926E-01
    4.38200E-02    4.42600E-02    6.39227E-03    1.24461E-04    2.60351E+00    3.00001E-02    1.59575E-23    7.45111E+00    1.68580E-01    4.47067E+00    1.01148E-01
    4.42600E-02    4.47100E-02    6.27993E-03    1.22246E-04    2.60584E+00    3.00001E-02    1.59466E-23    7.59642E+00    1.71799E-01    4.55785E+00    1.03079E-01
    4.47100E-02    4.51600E-02    6.31172E-03    1.17001E-04    2.60820E+00    3.00000E-02    1.59355E-23    7.57026E+00    1.65151E-01    4.54215E+00    9.90903E-02
    4.51600E-02    4.56100E-02    6.46619E-03    1.12335E-04    2.61298E+00    3.00000E-02    1.59353E-23    7.40303E+00    1.54158E-01    4.44182E+00    9.24951E-02
    4.56100E-02    4.60500E-02    6.50245E-03    1.11171E-04    2.62554E+00    3.00000E-02    1.59705E-23    7.38084E+00    1.51776E-01    4.42851E+00    9.10657E-02
    4.60500E-02    4.65000E-02    6.38151E-03    1.08118E-04    2.63809E+00    3.00000E-02    1.60057E-23    7.54009E+00    1.53855E-01    4.52406E+00    9.23132E-02
    4.65000E-02    4.69500E-02    6.28740E-03    1.08517E-04    2.65079E+00    3.00000E-02    1.60412E-23    7.67275E+00    1.58358E-01    4.60365E+00    9.50150E-02
    4.69500E-02    4.73900E-02    6.37208E-03    1.06882E-04    2.66335E+00    3.00000E-02    1.60764E-23    7.59001E+00    1.53353E-01    4.55400E+00    9.20120E-02
    4.73900E-02    4.78400E-02    6.42692E-03    1.02652E-04    2.67171E+00    3.00000E-02    1.61034E-23    7.53621E+00    1.47139E-01    4.52172E+00    8.82832E-02
    4.78400E-02    4.82900E-02    6.49451E-03    9.81519E-05    2.67537E+00    3.00000E-02    1.61213E-23    7.45969E+00    1.40382E-01    4.47581E+00    8.42291E-02
    4.82900E-02    4.87400E-02    6.38739E-03    9.64874E-05    2.67904E+00    3.00000E-02    1.61393E-23    7.58673E+00    1.42660E-01    4.55204E+00    8.55958E-02
    4.87400E-02    4.91800E-02    6.57243E-03    9.12385E-05    2.68267E+00    3.00000E-02    1.61571E-23    7.37500E+00    1.31467E-01    4.42500E+00    7.88801E-02
    4.91800E-02    4.96300E-02    6.59832E-03    8.90025E-05    2.68630E+00    3.00000E-02    1.61749E-23    7.34791E+00    1.28675E-01    4.40875E+00    7.72051E-02
    4.96300E-02    5.00800E-02    6.82671E-03    8.33746E-05    2.68997E+00    3.00000E-02    1.61928E-23    7.10389E+00    1.17491E-01    4.26233E+00    7.04945E-02
    5.00800E-02    5.05200E-02    6.72434E-03    8.21114E-05    2.69458E+00    3.00000E-02    1.61719E-23    7.23373E+00    1.19535E-01    4.34024E+00    7.17209E-02
    5.05200E-02    5.09700E-02    6.79530E-03    7.94171E-05    2.69920E+00    3.00000E-02    1.61507E-23    7.17990E+00    1.15799E-01    4.30794E+00    6.94791E-02
    5.09700E-02    5.14200E-02    6.74995E-03    7.56374E-05    2.70387E+00    3.00000E-02    1.61292E-23    7.25030E+00    1.14332E-01    4.35018E+00    6.85991E-02
    5.14200E-02    5.18700E-02    6.77570E-03    7.24564E-05    2.70854E+00    3.00000E-02    1.61077E-23    7.24488E+00    1.11541E-01    4.34693E+00    6.69245E-02
    5.18700E-02    5.23100E-02    7.02146E-03    6.73894E-05    2.71316E+00    3.00000E-02    1.60865E-23    7.01247E+00    1.02674E-01    4.20748E+00    6.16043E-02
    5.23100E-02    5.27600E-02    7.41720E-03    5.99777E-05    2.71778E+00    3.00000E-02    1.60652E-23    6.65843E+00    9.11097E-02    3.99506E+00    5.46658E-02
    5.27600E-02    5.32100E-02    7.78391E-03    5.42366E-05    2.72245E+00    3.00000E-02    1.60437E-23    6.36416E+00    8.29733E-02    3.81850E+00    4.97840E-02
    5.32100E-02    5.36500E-02    9.11591E-03    4.45738E-05    2.72707E+00    3.00000E-02    1.60225E-23    5.45068E+00    6.56183E-02    3.27041E+00    3.93710E-02
    5.36500E-02    5.41000E-02    8.90208E-03    4.73148E-05    2.73169E+00    3.00000E-02    1.60012E-23    5.59849E+00    6.83057E-02    3.35910E+00    4.09834E-02
    5.41000E-02    5.43200E-02    1.85205E-02    3.26457E-05    2.73517E+00    3.00000E-02    1.59852E-23    2.69710E+00    2.99620E-02    1.61826E+00    1.79772E-02
