RX_J1320.2+3308
Cosmology      70.0000     0.300000     0.700000
Number of MC iterations:    5000
Source FITS files: /mnt/SINISTER/6941/reprocessed/6941_sbprof_10pix.fits
       #RIN_MPC       ROUT_MPC   N_elec(cm-3)       Sigma_Ne     K(KeV cm2)K_flat(KeV cm2)          K_err              P         P_flat          P_err           Mgas           Merr
        0.16825        0.17183    1.40201E-03    7.37157E-05       83.06810       83.06810        6.30618    1.45887E-03    1.45887E-03    1.24638E-04   -2.31044E+14   -1.14094E+13
        0.16467        0.16825    6.72099E-04    2.01906E-04      137.11634      137.11634       28.99919    7.07095E-04    7.07095E-04    2.17788E-04    8.65211E+13    4.31259E+12
        0.16109        0.16467    8.92929E-04    1.64492E-04      114.69869      114.69869       16.13411    9.49701E-04    9.49701E-04    1.86683E-04   -3.02413E+13   -1.52104E+12
        0.15751        0.16109    8.74793E-04    1.79524E-04      117.53674      117.53674       18.01998    9.40480E-04    9.40480E-04    2.03679E-04    4.17219E+12    2.11696E+11
        0.15393        0.15751    8.28026E-04    1.95106E-04      123.22694      123.22694       21.18112    8.99730E-04    8.99730E-04    2.21103E-04   -1.70565E+13   -8.72836E+11
        0.15035        0.15393    8.62185E-04    1.98095E-04      121.22078      121.22078       20.43302    9.46770E-04    9.46770E-04    2.27501E-04   -2.22965E+13   -1.15045E+12
        0.14677        0.15035    7.08641E-04    2.52390E-04      139.60074      139.60074       34.59413    7.86318E-04    7.86318E-04    2.85555E-04   -1.22999E+13   -6.39756E+11
        0.14320        0.14677    6.51134E-04    2.80881E-04      149.23581      149.23581       44.22334    7.30001E-04    7.30001E-04    3.19196E-04   -4.00111E+13   -2.09740E+12
        0.13962        0.14320    5.71381E-04    3.16050E-04      164.48959      164.48959       61.80273    6.47164E-04    6.47164E-04    3.60990E-04   -1.05742E+13   -5.58520E+11
        0.13604        0.13962    6.55374E-04    2.92266E-04      151.64211      151.64211       46.40673    7.49840E-04    7.49840E-04    3.38790E-04   -1.08013E+13   -5.74735E+11
        0.13246        0.13604    3.78479E-04    5.41563E-04      220.86726      220.86726      211.30897    4.37389E-04    4.37389E-04    6.26673E-04    7.74687E+12    4.15177E+11
        0.12888        0.13246    5.75477E-04    3.38197E-04      168.69840      168.69840       67.24983    6.71673E-04    6.71673E-04    3.97812E-04    2.68455E+12    1.44880E+11
        0.12530        0.12888    5.18017E-04    3.94031E-04      182.73788      182.73788       93.65067    6.10569E-04    6.10569E-04    4.66629E-04    2.53469E+13    1.37725E+12
        0.12172        0.12530    6.96418E-04    3.06600E-04      151.48318      151.48318       45.87385    8.28860E-04    8.28860E-04    3.70108E-04    1.00990E+13    5.52389E+11
        0.11814        0.12172    7.19079E-04    3.08030E-04      149.48507      149.48507       44.12056    8.62764E-04    8.62764E-04    3.75136E-04    1.06021E+13    5.79666E+11
        0.11456        0.11814    6.99296E-04    3.32104E-04      152.13349      152.13349       49.38040    8.38159E-04    8.38159E-04    4.02540E-04    1.03883E+13    5.44877E+11
        0.11098        0.11456    7.50940E-04    3.16428E-04      144.92556      144.92556       41.90452    8.99126E-04    8.99126E-04    3.83842E-04    1.11810E+13    5.61541E+11
        0.10740        0.11098    6.78819E-04    3.63501E-04      154.85610      154.85610       56.20372    8.11929E-04    8.11929E-04    4.38014E-04    1.26499E+13    6.07064E+11
        0.10382        0.10740    9.61238E-04    2.64085E-04      122.67581      122.67581       23.73658    1.14853E-03    1.14853E-03    3.23575E-04    7.60891E+12    3.48122E+11
        0.10024        0.10382    1.03589E-03    2.71552E-04      116.58779      116.58779       21.51739    1.23644E-03    1.23644E-03    3.32324E-04    1.24902E+13    5.43441E+11
        0.09666        0.10024    1.07018E-03    2.81661E-04      113.96492      113.96492       20.99936    1.27604E-03    1.27604E-03    3.43432E-04    5.64241E+12    2.32820E+11
        0.09308        0.09666    9.75395E-04    3.29373E-04      121.10692      121.10692       28.01456    1.16181E-03    1.16181E-03    3.97162E-04    1.74161E+12    6.79417E+10
        0.08950        0.09308    1.06899E-03    3.07694E-04      113.75102      113.75102       22.56438    1.27129E-03    1.27129E-03    3.71462E-04   -9.73699E+11   -3.58954E+10
        0.08592        0.08950    1.21993E-03    2.83297E-04      103.48359      103.48359       16.79561    1.44133E-03    1.44133E-03    3.42000E-04   -2.78337E+11   -9.94536E+09
        0.08234        0.08592    1.11837E-03    3.36873E-04      108.93757      108.93757       22.47106    1.31266E-03    1.31266E-03    4.00214E-04   -8.47631E+11   -2.93135E+10
        0.07876        0.08234    1.01387E-03    3.85963E-04      115.53114      115.53114       29.78930    1.18215E-03    1.18215E-03    4.53235E-04   -1.65923E+12   -5.54498E+10
        0.07518        0.07876    9.39371E-04    4.18119E-04      120.75312      120.75312       36.22300    1.08799E-03    1.08799E-03    4.86628E-04    2.11903E+11    6.83169E+09
        0.07160        0.07518    1.01420E-03    4.21565E-04      113.96935      113.96935       31.94814    1.16680E-03    1.16680E-03    4.87502E-04    3.21027E+12    9.96606E+10
        0.06802        0.07160    1.12736E-03    4.00953E-04      105.49320      105.49320       25.37833    1.28824E-03    1.28824E-03    4.61157E-04    5.36990E+12    1.60199E+11
        0.06444        0.06802    1.15784E-03    4.15205E-04      102.92992      102.92992       24.93262    1.31409E-03    1.31409E-03    4.74015E-04    4.40992E+12    1.26145E+11
        0.06086        0.06444    1.31807E-03    3.91279E-04       93.76446       93.76446       18.88333    1.48571E-03    1.48571E-03    4.44515E-04    4.89127E+12    1.33824E+11
        0.05728        0.06086    1.48928E-03    3.69620E-04       85.76229       85.76229       14.51533    1.66568E-03    1.66568E-03    4.17638E-04    4.15472E+12    1.08562E+11
        0.05370        0.05728    1.53491E-03    4.00971E-04       82.45638       82.45638       14.63894    1.68408E-03    1.68408E-03    4.43754E-04    3.16693E+12    8.00687E+10
        0.05012        0.05370    1.92994E-03    3.42188E-04       69.40968       69.40968        8.52335    2.07647E-03    2.07647E-03    3.74596E-04    2.25801E+12    5.51009E+10
        0.04654        0.05012    1.88630E-03    3.98205E-04       69.08364       69.08364        9.97114    1.98941E-03    1.98941E-03    4.24779E-04    2.20622E+12    5.18163E+10
        0.04296        0.04654    2.02515E-03    4.16274E-04       64.56050       64.56050        9.06672    2.09280E-03    2.09280E-03    4.34961E-04    1.64408E+12    3.70459E+10
        0.03938        0.04296    2.12618E-03    4.37379E-04       61.21300       61.21300        8.58516    2.15201E-03    2.15201E-03    4.47182E-04    1.83063E+12    3.94302E+10
        0.03580        0.03938    2.29073E-03    4.68112E-04       57.02197       57.02197        7.93022    2.26986E-03    2.26986E-03    4.68168E-04    2.21174E+12    4.53470E+10
        0.03222        0.03580    2.91478E-03    4.30452E-04       47.51911       47.51911        4.84468    2.82626E-03    2.82626E-03    4.24037E-04    2.18044E+12    4.23466E+10
        0.02864        0.03222    3.15058E-03    4.79803E-04       44.12832       44.12832        4.61342    2.98792E-03    2.98792E-03    4.61093E-04    2.09809E+12    3.83759E+10
        0.02506        0.02864    4.44838E-03    4.18759E-04       34.27658       34.27658        2.29497    4.12414E-03    4.12414E-03    3.99981E-04    1.56637E+12    2.67988E+10
        0.02148        0.02506    5.38942E-03    4.59171E-04       29.46881       29.60376        1.79581    4.88202E-03    4.90437E-03    4.29680E-04    1.38574E+12    2.24366E+10
        0.01790        0.02148    6.94721E-03    4.97739E-04       24.29610       24.99393        1.28392    6.14545E-03    6.32196E-03    4.61700E-04    8.45696E+11    1.40218E+10
        0.01432        0.01790    8.67921E-03    5.52249E-04       20.44208       21.54706        0.98802    7.49305E-03    7.89808E-03    5.07392E-04    6.43340E+11    1.09293E+10
        0.01074        0.01432    1.08871E-02    6.71874E-04       17.14259       18.52540        0.81437    9.16772E-03    9.90723E-03    6.06221E-04    4.08254E+11    7.11071E+09
        0.00716        0.01074    1.32929E-02    8.91539E-04       14.62735       16.21668        0.74484    1.09110E-02    1.20965E-02    7.78585E-04    2.57732E+11    4.60528E+09
        0.00358        0.00716    2.03331E-02    1.09546E-03       10.73282       12.21536        0.46977    1.62574E-02    1.85031E-02    9.65679E-04    1.26349E+11    2.31769E+09
        0.00000        0.00358    3.07449E-02    2.82637E-03        7.93043        9.27242        0.52702    2.39286E-02    2.79778E-02    2.28408E-03    6.14949E+10    1.15885E+09
