           #rin           rout          nelec         ne_err             tx         tx_err         lambda          5/2tc         tc_err          3/2tc         tc_err
           #Mpc            Mpc          cm^-3          cm^-3            keV            keV       e cm^3/s            Gyr            Gyr            Gyr            Gyr
    0.00000E+00    5.39000E-03    2.09307E-02    3.03049E-04    7.67920E+00    1.10029E+00    2.38203E-23    4.49644E+00    6.47536E-01    2.69786E+00    3.88522E-01
    5.39000E-03    1.07800E-02    1.14680E-02    3.75932E-04    7.77759E+00    1.16752E+00    2.39689E-23    8.26026E+00    1.26920E+00    4.95615E+00    7.61518E-01
    1.07800E-02    1.61700E-02    8.88280E-03    4.08095E-04    7.87599E+00    1.23476E+00    2.41174E-23    1.07327E+01    1.75337E+00    6.43960E+00    1.05202E+00
    1.61700E-02    2.15700E-02    7.57470E-03    4.23554E-04    7.97447E+00    1.30206E+00    2.42662E-23    1.26654E+01    2.18589E+00    7.59924E+00    1.31153E+00
    2.15700E-02    2.69600E-02    6.72981E-03    4.18084E-04    8.07296E+00    1.36935E+00    2.44149E-23    1.43436E+01    2.59105E+00    8.60618E+00    1.55463E+00
    2.69600E-02    3.23500E-02    6.10762E-03    4.14157E-04    8.17135E+00    1.43659E+00    2.45634E-23    1.59007E+01    2.99620E+00    9.54042E+00    1.79772E+00
    3.23500E-02    3.77400E-02    5.61420E-03    3.99872E-04    8.26975E+00    1.50383E+00    2.47120E-23    1.74012E+01    3.39842E+00    1.04407E+01    2.03905E+00
    3.77400E-02    4.31300E-02    5.20615E-03    3.97114E-04    8.36814E+00    1.57106E+00    2.48606E-23    1.88749E+01    3.82494E+00    1.13249E+01    2.29497E+00
    4.31300E-02    4.85200E-02    4.86055E-03    3.93422E-04    8.46654E+00    1.63830E+00    2.50092E-23    2.03331E+01    4.26487E+00    1.21999E+01    2.55892E+00
    4.85200E-02    5.39100E-02    4.56390E-03    4.01987E-04    8.56493E+00    1.70554E+00    2.51577E-23    2.17771E+01    4.74175E+00    1.30662E+01    2.84505E+00
    5.39100E-02    5.93000E-02    4.30722E-03    3.83665E-04    8.83192E+00    1.80157E+00    2.55465E-23    2.34320E+01    5.21560E+00    1.40592E+01    3.12936E+00
    5.93000E-02    6.47000E-02    4.09029E-03    3.79400E-04    9.42864E+00    1.95398E+00    2.64052E-23    2.54852E+01    5.78643E+00    1.52911E+01    3.47186E+00
    6.47000E-02    7.00900E-02    3.91510E-03    3.68934E-04    1.00254E+01    2.10639E+00    2.72639E-23    2.74191E+01    6.31382E+00    1.64515E+01    3.78829E+00
    7.00900E-02    7.54800E-02    3.76591E-03    3.71606E-04    1.06215E+01    2.25866E+00    2.81218E-23    2.92792E+01    6.86387E+00    1.75675E+01    4.11832E+00
    7.54800E-02    8.08700E-02    3.63702E-03    3.64307E-04    1.06827E+01    2.23450E+00    2.81966E-23    3.04103E+01    7.05268E+00    1.82462E+01    4.23161E+00
    8.08700E-02    8.62600E-02    3.53936E-03    3.60231E-04    1.01303E+01    2.00802E+00    2.73735E-23    3.05246E+01    6.80156E+00    1.83148E+01    4.08093E+00
    8.62600E-02    9.16500E-02    3.47733E-03    3.50612E-04    9.57790E+00    1.78154E+00    2.65505E-23    3.02856E+01    6.40768E+00    1.81713E+01    3.84461E+00
    9.16500E-02    9.70400E-02    3.31674E-03    3.34513E-04    9.02551E+00    1.55506E+00    2.57274E-23    3.08779E+01    6.16459E+00    1.85267E+01    3.69876E+00
    9.70400E-02    1.02430E-01    3.16967E-03    3.26347E-04    8.96047E+00    1.56094E+00    2.56967E-23    3.21161E+01    6.49883E+00    1.92696E+01    3.89930E+00
    1.02430E-01    1.07830E-01    3.04158E-03    3.13443E-04    8.98471E+00    1.60943E+00    2.58113E-23    3.34102E+01    6.90446E+00    2.00461E+01    4.14268E+00
    1.07830E-01    1.13220E-01    2.92857E-03    3.10406E-04    9.00896E+00    1.65791E+00    2.59258E-23    3.46394E+01    7.35637E+00    2.07836E+01    4.41382E+00
    1.13220E-01    1.18610E-01    2.82592E-03    3.01215E-04    8.85919E+00    1.62581E+00    2.56609E-23    3.56653E+01    7.56911E+00    2.13992E+01    4.54146E+00
    1.18610E-01    1.24000E-01    2.73107E-03    2.82168E-04    8.56361E+00    1.52622E+00    2.50781E-23    3.65017E+01    7.51946E+00    2.19010E+01    4.51167E+00
    1.24000E-01    1.29390E-01    2.64614E-03    2.78216E-04    8.26802E+00    1.42662E+00    2.44953E-23    3.72383E+01    7.52422E+00    2.23430E+01    4.51453E+00
    1.29390E-01    1.34780E-01    2.57603E-03    2.74040E-04    8.27491E+00    1.44517E+00    2.44551E-23    3.83465E+01    7.84161E+00    2.30079E+01    4.70497E+00
    1.34780E-01    1.40170E-01    2.52365E-03    2.65792E-04    8.68021E+00    1.61935E+00    2.51297E-23    3.99574E+01    8.56017E+00    2.39744E+01    5.13610E+00
    1.40170E-01    1.45570E-01    2.47736E-03    2.57863E-04    9.08589E+00    1.79369E+00    2.58050E-23    4.14914E+01    9.25982E+00    2.48949E+01    5.55589E+00
    1.45570E-01    1.50960E-01    2.43126E-03    2.51877E-04    9.11529E+00    1.79648E+00    2.57942E-23    4.24326E+01    9.44779E+00    2.54596E+01    5.66867E+00
    1.50960E-01    1.56350E-01    2.38808E-03    2.37712E-04    8.68064E+00    1.58771E+00    2.49376E-23    4.25531E+01    8.86103E+00    2.55319E+01    5.31662E+00
    1.56350E-01    1.61740E-01    2.35002E-03    2.28865E-04    8.24599E+00    1.37894E+00    2.40810E-23    4.25383E+01    8.23190E+00    2.55230E+01    4.93914E+00
    1.61740E-01    1.67130E-01    2.32040E-03    2.13633E-04    8.01181E+00    1.27824E+00    2.35210E-23    4.28544E+01    7.89391E+00    2.57126E+01    4.73635E+00
    1.67130E-01    1.72520E-01    2.29653E-03    2.08007E-04    7.95821E+00    1.27489E+00    2.32282E-23    4.35523E+01    8.01492E+00    2.61314E+01    4.80895E+00
    1.72520E-01    1.77910E-01    2.27725E-03    1.97547E-04    7.90462E+00    1.27154E+00    2.29355E-23    4.41821E+01    8.07471E+00    2.65092E+01    4.84483E+00
    1.77910E-01    1.83300E-01    2.27216E-03    1.83252E-04    7.96133E+00    1.31728E+00    2.28097E-23    4.48447E+01    8.25455E+00    2.69068E+01    4.95273E+00
    1.83300E-01    1.88700E-01    2.27228E-03    1.63351E-04    8.11191E+00    1.40483E+00    2.28258E-23    4.56582E+01    8.56131E+00    2.73949E+01    5.13679E+00
    1.88700E-01    1.94090E-01    2.26562E-03    2.30634E-04    8.26248E+00    1.49237E+00    2.28419E-23    4.66095E+01    9.66361E+00    2.79657E+01    5.79817E+00
    1.94090E-01    1.99480E-01    2.23218E-03    3.10183E-04    8.46176E+00    1.57874E+00    2.36126E-23    4.68673E+01    1.09030E+01    2.81204E+01    6.54183E+00
