           #rin           rout          nelec         ne_err             tx         tx_err         lambda          5/2tc         tc_err          3/2tc         tc_err
           #Mpc            Mpc          cm^-3          cm^-3            keV            keV       e cm^3/s            Gyr            Gyr            Gyr            Gyr
    0.00000E+00    8.79000E-03    8.21199E-02    2.13739E-03    4.60000E+00    4.80000E-01    1.86095E-23    8.78733E-01    9.45033E-02    5.27240E-01    5.67020E-02
    8.79000E-03    1.75900E-02    5.31644E-02    8.97788E-04    4.72261E+00    4.96348E-01    1.83468E-23    1.41347E+00    1.50461E-01    8.48079E-01    9.02767E-02
    1.75900E-02    2.63800E-02    3.45234E-02    6.38708E-04    4.97808E+00    5.89248E-01    1.80828E-23    2.32791E+00    2.78896E-01    1.39674E+00    1.67338E-01
    2.63800E-02    3.51800E-02    2.23183E-02    5.57811E-04    5.52352E+00    6.11143E-01    1.87055E-23    3.86250E+00    4.38129E-01    2.31750E+00    2.62877E-01
    3.51800E-02    4.39700E-02    1.65151E-02    4.68056E-04    5.37646E+00    6.37096E-01    1.84676E-23    5.14621E+00    6.27011E-01    3.08773E+00    3.76206E-01
    4.39700E-02    5.27700E-02    1.26951E-02    4.12725E-04    6.06327E+00    8.52754E-01    2.00792E-23    6.94397E+00    1.00237E+00    4.16638E+00    6.01422E-01
    5.27700E-02    6.15600E-02    9.14458E-03    4.06155E-04    6.73244E+00    1.05945E+00    2.13397E-23    1.00717E+01    1.64685E+00    6.04304E+00    9.88110E-01
    6.15600E-02    7.03500E-02    7.43373E-03    3.99292E-04    7.20559E+00    1.21362E+00    2.16682E-23    1.30594E+01    2.30870E+00    7.83563E+00    1.38522E+00
    7.03500E-02    7.91500E-02    7.22939E-03    3.35713E-04    7.38609E+00    1.26890E+00    2.16918E-23    1.37500E+01    2.44697E+00    8.24997E+00    1.46818E+00
    7.91500E-02    8.79400E-02    5.24343E-03    3.63150E-04    7.27929E+00    1.22711E+00    2.14160E-23    1.89243E+01    3.44893E+00    1.13546E+01    2.06936E+00
    8.79400E-02    9.67400E-02    5.27079E-03    2.97950E-04    7.24302E+00    1.24358E+00    2.12860E-23    1.88466E+01    3.40672E+00    1.13080E+01    2.04403E+00
    9.67400E-02    1.05530E-01    4.11056E-03    3.16404E-04    7.33705E+00    1.36771E+00    2.14255E-23    2.43205E+01    4.90490E+00    1.45923E+01    2.94294E+00
    1.05530E-01    1.14330E-01    3.72416E-03    2.99846E-04    7.43108E+00    1.49183E+00    2.15651E-23    2.70120E+01    5.84265E+00    1.62072E+01    3.50559E+00
    1.14330E-01    1.23120E-01    3.75347E-03    2.50041E-04    7.78119E+00    1.69598E+00    2.20318E-23    2.74692E+01    6.26058E+00    1.64815E+01    3.75635E+00
    1.23120E-01    1.31920E-01    3.03994E-03    2.63580E-04    8.24503E+00    1.93569E+00    2.26438E-23    3.49672E+01    8.75123E+00    2.09803E+01    5.25074E+00
    1.31920E-01    1.40710E-01    2.60216E-03    2.70923E-04    8.70887E+00    2.17539E+00    2.32558E-23    4.20126E+01    1.13694E+01    2.52075E+01    6.82165E+00
    1.40710E-01    1.49500E-01    2.68648E-03    2.31961E-04    8.87462E+00    2.28978E+00    2.38501E-23    4.04352E+01    1.10016E+01    2.42611E+01    6.60093E+00
    1.49500E-01    1.58300E-01    1.89479E-03    2.86214E-04    8.71745E+00    2.26847E+00    2.44258E-23    5.49875E+01    1.65449E+01    3.29925E+01    9.92697E+00
    1.58300E-01    1.67090E-01    2.33954E-03    2.07705E-04    8.56027E+00    2.24716E+00    2.50015E-23    4.27243E+01    1.18396E+01    2.56346E+01    7.10376E+00
    1.67090E-01    1.75890E-01    1.85555E-03    2.20287E-04    8.40310E+00    2.22584E+00    2.55771E-23    5.16890E+01    1.50038E+01    3.10134E+01    9.00230E+00
    1.75890E-01    1.84680E-01    1.82143E-03    1.93937E-04    8.61513E+00    2.52791E+00    2.58817E-23    5.33506E+01    1.66533E+01    3.20104E+01    9.99198E+00
    1.84680E-01    1.93480E-01    1.27778E-03    2.40724E-04    8.96665E+00    2.95217E+00    2.60839E-23    7.85389E+01    2.97920E+01    4.71233E+01    1.78752E+01
    1.93480E-01    2.02270E-01    1.27296E-03    2.29100E-04    9.31818E+00    3.37642E+00    2.62861E-23    8.12968E+01    3.28912E+01    4.87780E+01    1.97347E+01
    2.02270E-01    2.11060E-01    1.52996E-03    1.82061E-04    9.66950E+00    3.80043E+00    2.64882E-23    6.96554E+01    2.86041E+01    4.17933E+01    1.71625E+01
    2.11060E-01    2.19860E-01    1.22917E-03    2.04083E-04    9.86763E+00    4.56455E+00    2.67093E-23    8.77450E+01    4.31243E+01    5.26470E+01    2.58746E+01
    2.19860E-01    2.28650E-01    1.26326E-03    1.82695E-04    9.96363E+00    5.55497E+00    2.69429E-23    8.54600E+01    4.92230E+01    5.12760E+01    2.95338E+01
    2.28650E-01    2.37450E-01    8.93421E-04    2.19893E-04    1.00596E+01    6.54539E+00    2.71766E-23    1.20952E+02    8.41409E+01    7.25713E+01    5.04845E+01
    2.37450E-01    2.46240E-01    9.81779E-04    1.93859E-04    1.01556E+01    7.53581E+00    2.74103E-23    1.10170E+02    8.45945E+01    6.61019E+01    5.07567E+01
    2.46240E-01    2.55040E-01    8.48813E-04    2.00209E-04    1.00332E+01    7.94715E+00    2.71441E-23    1.27127E+02    1.05065E+02    7.62760E+01    6.30388E+01
    2.55040E-01    2.63830E-01    1.01664E-03    1.66064E-04    9.46611E+00    7.17949E+00    2.58600E-23    1.05114E+02    8.15505E+01    6.30682E+01    4.89303E+01
    2.63830E-01    2.72630E-01    7.98268E-04    1.86354E-04    8.89900E+00    6.41182E+00    2.45760E-23    1.32424E+02    1.00296E+02    7.94542E+01    6.01775E+01
    2.72630E-01    2.81420E-01    6.97271E-04    1.90933E-04    8.33190E+00    5.64416E+00    2.32919E-23    1.49769E+02    1.09431E+02    8.98612E+01    6.56586E+01
    2.81420E-01    2.90210E-01    5.61652E-04    1.96895E-04    7.76512E+00    4.87693E+00    2.20086E-23    1.83388E+02    1.31906E+02    1.10033E+02    7.91435E+01
    2.90210E-01    2.99010E-01    8.74810E-04    1.51223E-04    1.07121E+01    1.67048E+01    2.58249E-23    1.38423E+02    2.17183E+02    8.30536E+01    1.30310E+02
    2.99010E-01    3.07800E-01    5.36659E-04    1.55337E-04    1.36911E+01    2.86475E+01    2.96876E-23    2.50870E+02    5.29923E+02    1.50522E+02    3.17954E+02
    3.07800E-01    3.16600E-01    7.56343E-04    1.57505E-04    1.66701E+01    4.05902E+01    3.35503E-23    1.91782E+02    4.68675E+02    1.15069E+02    2.81205E+02
    3.16600E-01    3.25390E-01    9.63492E-04    5.82994E-05    1.96492E+01    5.25328E+01    3.74131E-23    1.59131E+02    4.25553E+02    9.54789E+01    2.55332E+02
