ABELL_0141
Cosmology      70.0000     0.270000     0.730000
Number of MC iterations:    5000
Source FITS files: /mnt/NEMESIS/9410/reprocessed/9410_sbprof_10pix.fits
       #RIN_MPC       ROUT_MPC   N_elec(cm-3)       Sigma_Ne     K(KeV cm2)K_flat(KeV cm2)          K_err              P         P_flat          P_err           Mgas           Merr
        1.07204        1.09021    2.04307E-04    5.78268E-05     1598.46636     1598.46636      391.95918    2.71887E-03    2.71887E-03    2.11074E-03    3.57181E+15    4.10182E+14
        1.05387        1.07204    2.67207E-04    1.18370E-04     1352.01640     1352.01640      456.85261    3.59699E-03    3.59699E-03    4.07849E-03   -4.24027E+15   -5.10589E+14
        1.03570        1.05387    1.92909E-04    1.23809E-04     1699.19339     1699.19339      783.34053    2.62648E-03    2.62648E-03    4.18779E-03    1.74561E+15    2.19708E+14
        1.01753        1.03570    3.07206E-04    1.24401E-04     1260.08533     1260.08533      408.08713    4.22988E-03    4.22988E-03    4.49414E-03    1.42216E+15    1.86575E+14
        0.99936        1.01753    3.08713E-04    1.26149E-04     1270.00323     1270.00323      418.92539    4.29807E-03    4.29807E-03    4.63129E-03    2.58388E+15    3.52444E+14
        0.98119        0.99936    4.08292E-04    1.31300E-04     1065.68463     1065.68463      307.37632    5.74723E-03    5.74723E-03    5.17288E-03    1.39843E+15    1.97874E+14
        0.96302        0.98119    4.80344E-04    1.27071E-04      966.69859      966.69859      257.59112    6.83528E-03    6.83528E-03    5.43791E-03    1.31223E+15    1.92221E+14
        0.94485        0.96302    5.55232E-04    1.23952E-04      887.17437      887.17437      225.75541    7.98627E-03    7.98627E-03    5.82755E-03   -3.92097E+14   -5.93490E+13
        0.92668        0.94485    5.53553E-04    1.42532E-04      898.46731      898.46731      245.72748    8.04720E-03    8.04720E-03    6.45287E-03    2.26005E+14    3.52883E+13
        0.90850        0.92668    5.37835E-04    1.43563E-04      925.57163      925.57163      261.39296    7.90138E-03    7.90138E-03    6.55099E-03   -3.88052E+14   -6.24050E+13
        0.89033        0.90850    3.33417E-04    1.54306E-04     1286.38577     1286.38577      491.63055    4.94950E-03    4.94950E-03    6.11560E-03    2.72511E+14    4.50721E+13
        0.87216        0.89033    5.34650E-04    1.47783E-04      948.68790      948.68790      280.82064    8.01895E-03    8.01895E-03    6.94086E-03   -1.46961E+14   -2.49659E+13
        0.85399        0.87216    4.64417E-04    1.60147E-04     1052.75134     1052.75134      348.08755    7.03694E-03    7.03694E-03    7.07286E-03    1.01218E+15    1.76398E+14
        0.83582        0.85399    6.45506E-04    1.46857E-04      853.84839      853.84839      244.96236    9.88006E-03    9.88006E-03    7.90231E-03   -3.15434E+14   -5.63310E+13
        0.81765        0.83582    5.02921E-04    1.69005E-04     1018.56181     1018.56181      341.37669    7.77496E-03    7.77496E-03    7.80749E-03    2.39801E+14    4.38364E+13
        0.79948        0.81765    5.52329E-04    1.69974E-04      966.38948      966.38948      316.22540    8.62368E-03    8.62368E-03    8.27069E-03    2.56983E+14    4.80407E+13
        0.78131        0.79948    4.48227E-04    1.73609E-04     1121.69010     1121.69010      411.38822    7.06721E-03    7.06721E-03    7.91669E-03    5.70512E+14    1.08967E+14
        0.76314        0.78131    5.26675E-04    1.76295E-04     1017.16160     1017.16160      353.07217    8.38504E-03    8.38504E-03    8.60258E-03    4.74078E+14    9.24343E+13
        0.74497        0.76314    7.70137E-04    1.51980E-04      797.16073      797.16073      240.28508    1.23795E-02    1.23795E-02    9.96501E-03    4.05398E+14    8.06255E+13
        0.72680        0.74497    7.08597E-04    1.84124E-04      850.72904      850.72904      277.52108    1.14992E-02    1.14992E-02    1.04701E-02    3.74336E+14    7.58811E+13
        0.70863        0.72680    7.43471E-04    1.86424E-04      831.71674      831.71674      272.33015    1.21794E-02    1.21794E-02    1.10204E-02   -5.09440E+14   -1.05182E+14
        0.69046        0.70863    5.63667E-04    2.02482E-04     1009.69932     1009.69932      377.08544    9.32055E-03    9.32055E-03    1.02793E-02   -2.00872E+14   -4.22137E+13
        0.67229        0.69046    6.64569E-04    2.05486E-04      913.12918      913.12918      326.01102    1.10912E-02    1.10912E-02    1.13116E-02   -6.88928E+14   -1.47273E+14
        0.65412        0.67229    5.40185E-04    2.09523E-04     1058.06423     1058.06423      416.14243    9.09831E-03    9.09831E-03    1.06588E-02    1.03957E+14    2.25923E+13
        0.63595        0.65412    6.17143E-04    2.09800E-04      977.00115      977.00115      368.20205    1.04894E-02    1.04894E-02    1.14325E-02   -1.73495E+14   -3.83101E+13
        0.61778        0.63595    4.41556E-04    2.08360E-04     1232.36208     1232.36208      540.64862    7.57285E-03    7.57285E-03    1.02195E-02   -3.85701E+14   -8.64894E+13
        0.59961        0.61778    6.15039E-04    2.20407E-04      996.93923      996.93923      390.47371    1.06427E-02    1.06427E-02    1.21092E-02    4.49212E+13    1.02243E+13
        0.58144        0.59961    5.84622E-04    2.18248E-04     1040.38550     1040.38550      417.56674    1.02062E-02    1.02062E-02    1.19627E-02    1.22812E+14    2.83587E+13
        0.56327        0.58144    3.77914E-04    2.14042E-04     1401.84810     1401.84810      688.80163    6.64610E-03    6.64610E-03    1.03328E-02    1.78098E+14    4.10642E+13
        0.54510        0.56327    6.62751E-04    2.26318E-04      969.24690      969.24690      371.01382    1.17192E-02    1.17192E-02    1.29290E-02    1.74236E+14    3.93196E+13
        0.52693        0.54510    4.86282E-04    2.28571E-04     1197.93924     1197.93924      520.60819    8.64556E-03    8.64556E-03    1.15827E-02    5.67079E+14    1.25222E+14
        0.50876        0.52693    7.62690E-04    2.36386E-04      892.22516      892.22516      321.03837    1.36332E-02    1.36332E-02    1.39908E-02    3.38004E+14    7.30163E+13
        0.49059        0.50876    7.19171E-04    2.42218E-04      932.86473      932.86473      340.74462    1.29246E-02    1.29246E-02    1.37481E-02    3.36165E+14    7.10238E+13
        0.47242        0.49059    6.96656E-04    2.60122E-04      957.96317      957.96317      360.12206    1.25871E-02    1.25871E-02    1.41297E-02    8.67698E+13    1.79250E+13
        0.45425        0.47242    1.02973E-03    2.30922E-04      742.19816      742.19816      232.55597    1.87042E-02    1.87042E-02    1.59418E-02   -8.08973E+13   -1.63361E+13
        0.43608        0.45425    7.19052E-04    2.75693E-04      947.96628      947.96628      351.83448    1.31302E-02    1.31302E-02    1.47611E-02    2.24404E+14    4.42838E+13
        0.41791        0.43608    8.64974E-04    2.78976E-04      842.52375      842.52375      286.14506    1.58781E-02    1.58781E-02    1.58564E-02    4.74521E+13    9.14837E+12
        0.39974        0.41791    6.17819E-04    2.68568E-04     1059.94253     1059.94253      410.39197    1.14006E-02    1.14006E-02    1.38140E-02    2.96852E+14    5.58945E+13
        0.38157        0.39974    1.00551E-03    2.77474E-04      770.06116      770.06116      239.44831    1.86516E-02    1.86516E-02    1.66888E-02    1.79859E+14    3.30648E+13
        0.36340        0.38157    1.18345E-03    2.74451E-04      694.38442      694.38442      200.97501    2.20662E-02    2.20662E-02    1.78533E-02    4.52193E+14    8.11366E+13
        0.34523        0.36340    1.26744E-03    2.98687E-04      649.00030      649.00030      185.43105    2.31209E-02    2.31209E-02    1.86110E-02    1.60775E+14    2.81368E+13
        0.32706        0.34523    1.26152E-03    3.17388E-04      636.18315      636.18315      182.30083    2.24880E-02    2.24880E-02    1.84830E-02    1.40448E+14    2.39296E+13
        0.30889        0.32706    1.63885E-03    2.78099E-04      521.87137      521.87137      131.76652    2.85325E-02    2.85325E-02    1.93380E-02    4.16315E+13    6.89138E+12
        0.29072        0.30889    1.47941E-03    3.49670E-04      545.37375      545.37375      147.04797    2.51411E-02    2.51411E-02    1.94339E-02    1.13012E+14    1.81326E+13
        0.27255        0.29072    1.77863E-03    3.24306E-04      470.54175      470.54175      114.78968    2.94862E-02    2.94862E-02    1.97619E-02    8.34825E+13    1.29488E+13
        0.25438        0.27255    1.40761E-03    4.06360E-04      536.16314      536.16314      150.31386    2.27498E-02    2.27498E-02    1.92959E-02    1.19126E+14    1.78085E+13
        0.23621        0.25438    1.92269E-03    3.64784E-04      424.31298      424.31298       98.90458    3.02747E-02    3.02747E-02    1.98095E-02    8.23230E+13    1.18200E+13
        0.21804        0.23621    2.48748E-03    3.28759E-04      347.92903      347.92903       72.01533    3.81330E-02    3.81330E-02    2.09789E-02    9.12342E+13    1.25308E+13
        0.19987        0.21804    2.77408E-03    3.79949E-04      314.75233      314.75233       63.05663    4.13726E-02    4.13726E-02    2.23261E-02    4.30646E+13    5.63144E+12
        0.18170        0.19987    3.00874E-03    4.14420E-04      289.84903      292.68906       56.97918    4.36206E-02    4.40480E-02    2.32176E-02    1.58697E+13    2.02286E+12
        0.16353        0.18170    2.45844E-03    5.54449E-04      322.11481      334.88043       75.28805    3.46196E-02    3.59916E-02    2.39209E-02    1.03447E+13    1.35756E+12
        0.14536        0.16353    2.63090E-03    5.73493E-04      298.78419      320.08133       70.14889    3.59536E-02    3.85164E-02    2.46370E-02   -1.21467E+12   -1.64256E+11
        0.12719        0.14536    2.94461E-03    5.93818E-04      268.72962      296.92349       62.58974    3.90158E-02    4.31091E-02    2.59565E-02    1.25871E+13    1.75556E+12
        0.10902        0.12719    3.31949E-03    6.65391E-04      240.30659      274.12544       57.07643    4.26018E-02    4.85973E-02    2.86897E-02    1.50058E+13    2.16075E+12
        0.09085        0.10902    3.04764E-03    8.45815E-04      246.14563      290.19307       67.59587    3.78452E-02    4.46175E-02    3.12277E-02    1.16778E+13    1.73787E+12
        0.07268        0.09085    3.14732E-03    9.66812E-04      232.84975      284.03355       68.29523    3.77735E-02    4.60767E-02    3.37323E-02    6.55570E+12    1.00942E+12
        0.05451        0.07268    4.40377E-03    1.03622E-03      179.67940      227.04569       48.18533    5.10212E-02    6.44712E-02    3.92373E-02    5.27967E+12    8.42137E+11
        0.03634        0.05451    5.49984E-03    1.30948E-03      149.37109      195.77756       41.20430    6.14321E-02    8.05177E-02    4.83602E-02    2.60248E+12    4.30572E+11
        0.01817        0.03634    5.61196E-03    1.87757E-03      141.88599      193.16132       45.90232    6.03497E-02    8.21591E-02    5.91626E-02   -2.83601E+12   -4.87360E+11
        0.00000        0.01817    4.04959E-03    2.98884E-03      169.54053      240.09822       93.09703    4.18637E-02    5.92860E-02    7.80949E-02   -1.36315E+12   -2.43680E+11
