ABELL_3084
Cosmology      70.0000     0.300000     0.700000
Number of MC iterations:    5000
Source FITS files: /mnt/SINISTER/9413/reprocessed/9413_sbprof_10pix.fits
       #RIN_MPC       ROUT_MPC   N_elec(cm-3)       Sigma_Ne     K(KeV cm2)K_flat(KeV cm2)          K_err              P         P_flat          P_err           Mgas           Merr
        0.48104        0.48995    1.82841E-04    1.50813E-04     2266.52496     2266.52496     1474.95010    1.33500E-03    1.33500E-03    1.19514E-03    1.40064E+15    3.57442E+14
        0.47213        0.48104    2.22024E-04    1.97960E-04     1964.24170     1964.24170     1348.43926    1.59904E-03    1.59904E-03    1.52785E-03    1.85184E+15    4.66390E+14
        0.46322        0.47213    2.90853E-04    2.05989E-04     1618.01282     1618.01282      940.22153    2.06588E-03    2.06588E-03    1.62185E-03   -2.43054E+14   -6.03778E+13
        0.45432        0.46322    2.56739E-04    1.76489E-04     1733.75749     1733.75749      983.10146    1.79807E-03    1.79807E-03    1.37416E-03    1.37808E+14    3.37458E+13
        0.44541        0.45432    1.36888E-04    2.03082E-04     2599.38571     2599.38571     2709.37881    9.45099E-04    9.45099E-04    1.43617E-03    6.56319E+13    1.58328E+13
        0.43650        0.44541    1.48507E-04    2.33238E-04     2426.55347     2426.55347     2659.44567    1.01057E-03    1.01057E-03    1.62055E-03    2.13112E+14    5.06122E+13
        0.42759        0.43650    2.51705E-04    5.68187E-04     1682.05903     1682.05903     2587.43539    1.68783E-03    1.68783E-03    3.84778E-03    6.53556E+14    1.52694E+14
        0.41868        0.42759    3.19282E-04    9.20719E-04     1414.18615     1414.18615     2754.57885    2.10926E-03    2.10926E-03    6.11828E-03    8.33864E+14    1.91508E+14
        0.40977        0.41868    3.20119E-04    2.53385E-04     1390.49736     1390.49736      849.31030    2.08300E-03    2.08300E-03    1.76889E-03    2.52153E+14    5.68783E+13
        0.40087        0.40977    2.48825E-04    1.89712E-04     1619.70643     1619.70643      957.49776    1.59438E-03    1.59438E-03    1.30740E-03   -1.44562E+14   -3.19987E+13
        0.39196        0.40087    3.37226E-04    3.05006E-04     1302.06967     1302.06967      874.55454    2.12733E-03    2.12733E-03    2.02444E-03   -5.96165E+14   -1.29366E+14
        0.38305        0.39196    3.27758E-04    1.82337E-04     1306.13411     1306.13411      614.74617    2.03506E-03    2.03506E-03    1.27652E-03    1.00734E+14    2.14065E+13
        0.37414        0.38305    2.70114E-04    4.50637E-04     1462.14226     1462.14226     1678.19723    1.65032E-03    1.65032E-03    2.79272E-03    1.24728E+14    2.59267E+13
        0.36523        0.37414    1.52506E-04    2.74948E-04     2105.61762     2105.61762     2597.07268    9.16620E-04    9.16620E-04    1.67193E-03    4.97513E+13    1.01032E+13
        0.35633        0.36523    2.83550E-04    3.27406E-04     1369.55860     1369.55860     1117.30133    1.67609E-03    1.67609E-03    1.98760E-03   -3.05412E+14   -6.05089E+13
        0.34742        0.35633    4.15154E-04    2.52789E-04     1044.32647     1044.32647      505.22990    2.41278E-03    2.41278E-03    1.60051E-03    4.93135E+14    9.51751E+13
        0.33851        0.34742    3.61377E-04    4.87527E-04     1125.94438     1125.94438     1052.87028    2.06435E-03    2.06435E-03    2.83466E-03    1.60937E+14    3.02078E+13
        0.32960        0.33851    1.63553E-04    3.07553E-04     1876.87355     1876.87355     2398.67972    9.18048E-04    9.18048E-04    1.74135E-03    4.72296E+13    8.60583E+12
        0.32069        0.32960    3.36046E-04    6.36583E-04     1140.74617     1140.74617     1466.57398    1.85290E-03    1.85290E-03    3.53825E-03   -6.64839E+13   -1.17362E+13
        0.31179        0.32069    3.80304E-04    3.68452E-04     1031.51135     1031.51135      708.15728    2.05917E-03    2.05917E-03    2.05172E-03    4.66138E+14    7.95389E+13
        0.30288        0.31179    4.74305E-04    3.08066E-04      873.94235      873.94235      426.19869    2.52104E-03    2.52104E-03    1.73237E-03    1.62534E+14    2.67401E+13
        0.29397        0.30288    3.18093E-04    2.43428E-04     1119.33609     1119.33609      620.00168    1.65915E-03    1.65915E-03    1.31916E-03    9.57700E+13    1.51482E+13
        0.28506        0.29397    4.37805E-04    2.81187E-04      887.41631      887.41631      421.92904    2.24008E-03    2.24008E-03    1.51139E-03    2.61448E+13    3.96302E+12
        0.27615        0.28506    4.94834E-04    5.46992E-04      801.97921      801.97921      611.83487    2.48272E-03    2.48272E-03    2.78781E-03    1.78124E+14    2.57791E+13
        0.26724        0.27615    4.86332E-04    5.54444E-04      795.23974      795.23974      622.55503    2.39177E-03    2.39177E-03    2.76342E-03    1.34292E+14    1.84779E+13
        0.25834        0.26724    5.19252E-04    3.17923E-04      745.89047      745.89047      332.00064    2.50210E-03    2.50210E-03    1.59505E-03    3.13248E+13    4.07754E+12
        0.24943        0.25834    5.31704E-04    2.74986E-04      719.06733      719.06733      275.46105    2.50930E-03    2.50930E-03    1.36370E-03    8.13442E+13    9.95916E+12
        0.24052        0.24943    6.85319E-04    3.07226E-04      594.36200      594.36200      200.36231    3.16620E-03    3.16620E-03    1.50283E-03    5.47750E+13    6.26420E+12
        0.23161        0.24052    5.49049E-04    4.10275E-04      674.22007      674.22007      349.70928    2.48210E-03    2.48210E-03    1.88908E-03    1.02889E+14    1.08998E+13
        0.22270        0.23161    6.67678E-04    3.08238E-04      578.78535      578.78535      193.92983    2.95208E-03    2.95208E-03    1.41783E-03    4.25475E+13    4.13283E+12
        0.21380        0.22270    6.52265E-04    3.39437E-04      574.66318      574.66318      210.93956    2.81916E-03    2.81916E-03    1.50552E-03    3.46227E+13    3.04427E+12
        0.20489        0.21380    8.70243E-04    4.37252E-04      473.12254      473.12254      168.11322    3.75297E-03    3.75297E-03    1.93745E-03    2.02775E+13    1.76294E+12
        0.19598        0.20489    8.72465E-04    9.77765E-04      472.63705      472.63705      357.55784    3.76508E-03    3.76508E-03    4.24314E-03    4.58022E+13    3.99068E+12
        0.18707        0.19598    6.43444E-04    4.88872E-04      579.39901      579.39901      301.47439    2.77862E-03    2.77862E-03    2.13689E-03    1.18936E+13    1.03851E+12
        0.17816        0.18707    7.50017E-04    3.19945E-04      523.47527      523.47527      161.44384    3.24101E-03    3.24101E-03    1.43563E-03    3.38884E+13    2.96537E+12
        0.16925        0.17816    8.86765E-04    3.87602E-04      468.48521      468.48521      147.56287    3.83452E-03    3.83452E-03    1.73764E-03    4.72107E+13    4.13998E+12
        0.16035        0.16925    9.80642E-04    9.15866E-04      438.38217      438.38217      277.95932    4.24330E-03    4.24330E-03    3.99550E-03    5.69157E+13    5.00167E+12
        0.15144        0.16035    1.20599E-03    4.76662E-04      382.16844      382.16844      110.66519    5.22190E-03    5.22190E-03    2.15709E-03    3.41067E+13    3.00362E+12
        0.14253        0.15144    9.46778E-04    4.52278E-04      449.37611      449.37611      152.98893    4.10226E-03    4.10226E-03    2.02089E-03    3.87710E+13    3.42162E+12
        0.13362        0.14253    1.32269E-03    3.87155E-04      359.82735      359.82735       82.54219    5.73488E-03    5.73488E-03    1.81551E-03    3.21188E+13    2.84054E+12
        0.12471        0.13362    1.28643E-03    5.98263E-04      366.80281      366.80281      122.05689    5.58140E-03    5.58140E-03    2.68188E-03    4.92670E+13    4.36627E+12
        0.11581        0.12471    1.61626E-03    4.92038E-04      315.23953      315.23953       74.50377    7.01710E-03    7.01710E-03    2.29904E-03    2.50546E+13    2.22511E+12
        0.10690        0.11581    1.99850E-03    4.67117E-04      273.82210      273.82210       54.08150    8.68243E-03    8.68243E-03    2.28662E-03    2.49891E+13    2.22394E+12
        0.09799        0.10690    2.03509E-03    5.22898E-04      270.71082      270.71082       56.86923    8.84730E-03    8.84730E-03    2.51500E-03    1.80698E+13    1.61149E+12
        0.08908        0.09799    2.08607E-03    5.57187E-04      266.45936      266.45936       57.49480    9.07502E-03    9.07502E-03    2.66429E-03    9.85667E+12    8.80858E+11
        0.08017        0.08908    2.09169E-03    5.52229E-04      266.15935      266.15935       57.01694    9.10554E-03    9.10554E-03    2.64866E-03    1.30701E+13    1.17044E+12
        0.07127        0.08017    2.54201E-03    4.44745E-04      233.87214      233.87214       39.53642    1.10732E-02    1.10732E-02    2.36418E-03    1.11524E+13    1.00077E+12
        0.06236        0.07127    2.77180E-03    6.19386E-04      220.90800      220.90800       42.62349    1.20823E-02    1.20823E-02    3.07966E-03    1.18285E+13    1.06363E+12
        0.05345        0.06236    3.45807E-03    5.03657E-04      190.74494      190.74494       29.87160    1.50837E-02    1.50837E-02    2.87423E-03    6.10558E+12    5.50142E+11
        0.04454        0.05345    3.48217E-03    5.78214E-04      189.99015      189.99015       31.45659    1.51989E-02    1.51989E-02    3.14186E-03    5.69587E+12    5.14273E+11
        0.03563        0.04454    4.07221E-03    4.39061E-04      171.27711      171.27711       24.45555    1.77862E-02    1.77862E-02    2.91419E-03    3.30402E+12    2.98923E+11
        0.02672        0.03563    3.84134E-03    4.41167E-04      178.19103      178.19103       25.91099    1.67890E-02    1.67890E-02    2.83292E-03    3.22530E+12    2.92392E+11
        0.01782        0.02672    5.12275E-03    5.87833E-04      147.17281      147.17281       21.42682    2.24044E-02    2.24044E-02    3.78306E-03    2.15252E+12    1.95533E+11
        0.00891        0.01782    6.67398E-03    4.74549E-04      123.46041      123.46041       16.40353    2.92081E-02    2.92081E-02    4.17806E-03    1.58272E+12    1.44062E+11
        0.00000        0.00891    9.76191E-03    3.37478E-04       95.87733       95.87733       12.12728    4.27504E-02    4.27504E-02    5.51845E-03    7.91886E+11    7.22237E+10
