  0.400000E+01  0.865371E-23
  0.402500E+01  0.894496E-23
  0.405000E+01  0.937026E-23
  0.407500E+01  0.992961E-23
  0.410000E+01  0.106231E-22
  0.412500E+01  0.113787E-22
  0.415000E+01  0.120730E-22
  0.417500E+01  0.131033E-22
  0.420000E+01  0.144470E-22
  0.422500E+01  0.164354E-22
  0.425000E+01  0.185549E-22
  0.427500E+01  0.206814E-22
  0.430000E+01  0.237365E-22
  0.432500E+01  0.283701E-22
  0.435000E+01  0.335486E-22
  0.437500E+01  0.399200E-22
  0.440000E+01  0.469027E-22
  0.442500E+01  0.546412E-22
  0.445000E+01  0.639856E-22
  0.447500E+01  0.734841E-22
  0.450000E+01  0.828981E-22
  0.452500E+01  0.924985E-22
  0.455000E+01  0.102032E-21
  0.457500E+01  0.112232E-21
  0.460000E+01  0.122888E-21
  0.462500E+01  0.134860E-21
  0.465000E+01  0.147805E-21
  0.467500E+01  0.159820E-21
  0.470000E+01  0.171822E-21
  0.472500E+01  0.185287E-21
  0.475000E+01  0.199421E-21
  0.477500E+01  0.212202E-21
  0.480000E+01  0.224404E-21
  0.482500E+01  0.237855E-21
  0.485000E+01  0.251947E-21
  0.487500E+01  0.264857E-21
  0.490000E+01  0.276905E-21
  0.492500E+01  0.290209E-21
  0.495000E+01  0.305081E-21
  0.497500E+01  0.320283E-21
  0.500000E+01  0.334800E-21
  0.502500E+01  0.351148E-21
  0.505000E+01  0.372370E-21
  0.507500E+01  0.394737E-21
  0.510000E+01  0.410962E-21
  0.512500E+01  0.424021E-21
  0.515000E+01  0.435595E-21
  0.517500E+01  0.445127E-21
  0.520000E+01  0.451975E-21
  0.522500E+01  0.456321E-21
  0.525000E+01  0.458090E-21
  0.527500E+01  0.457302E-21
  0.530000E+01  0.451625E-21
  0.532500E+01  0.440196E-21
  0.535000E+01  0.425806E-21
  0.537500E+01  0.410111E-21
  0.540000E+01  0.390096E-21
  0.542500E+01  0.362586E-21
  0.545000E+01  0.331830E-21
  0.547500E+01  0.302951E-21
  0.550000E+01  0.274643E-21
  0.552500E+01  0.250558E-21
  0.555000E+01  0.229379E-21
  0.557500E+01  0.212992E-21
  0.560000E+01  0.200651E-21
  0.562500E+01  0.190335E-21
  0.565000E+01  0.182785E-21
  0.567500E+01  0.175970E-21
  0.570000E+01  0.170055E-21
  0.572500E+01  0.164293E-21
  0.575000E+01  0.158453E-21
  0.577500E+01  0.151714E-21
  0.580000E+01  0.143192E-21
  0.582500E+01  0.134026E-21
  0.585000E+01  0.125160E-21
  0.587500E+01  0.117153E-21
  0.590000E+01  0.113515E-21
  0.592500E+01  0.112294E-21
  0.595000E+01  0.110503E-21
  0.597500E+01  0.109333E-21
  0.600000E+01  0.109673E-21
  0.602500E+01  0.111198E-21
  0.605000E+01  0.112351E-21
  0.607500E+01  0.113367E-21
  0.610000E+01  0.114990E-21
  0.612500E+01  0.117354E-21
  0.615000E+01  0.118934E-21
  0.617500E+01  0.118625E-21
  0.620000E+01  0.116796E-21
  0.622500E+01  0.112962E-21
  0.625000E+01  0.106506E-21
  0.627500E+01  0.944778E-22
  0.630000E+01  0.791938E-22
  0.632500E+01  0.682081E-22
  0.635000E+01  0.585215E-22
  0.637500E+01  0.507269E-22
  0.640000E+01  0.446074E-22
  0.642500E+01  0.397489E-22
  0.645000E+01  0.362116E-22
  0.647500E+01  0.334402E-22
  0.650000E+01  0.313087E-22
  0.652500E+01  0.298617E-22
  0.655000E+01  0.290238E-22
  0.657500E+01  0.283267E-22
  0.660000E+01  0.271254E-22
  0.662500E+01  0.258376E-22
  0.665000E+01  0.246737E-22
  0.667500E+01  0.235478E-22
  0.670000E+01  0.225059E-22
  0.672500E+01  0.215318E-22
  0.675000E+01  0.207284E-22
  0.677500E+01  0.200578E-22
  0.680000E+01  0.197436E-22
  0.682500E+01  0.197168E-22
  0.685000E+01  0.199709E-22
  0.687500E+01  0.205062E-22
  0.690000E+01  0.209441E-22
  0.692500E+01  0.211929E-22
  0.695000E+01  0.212631E-22
  0.697500E+01  0.211208E-22
  0.700000E+01  0.207521E-22
  0.702500E+01  0.201026E-22
  0.705000E+01  0.192500E-22
  0.707500E+01  0.182870E-22
  0.710000E+01  0.171771E-22
  0.712500E+01  0.159329E-22
  0.715000E+01  0.146322E-22
  0.717500E+01  0.135588E-22
  0.720000E+01  0.125879E-22
  0.722500E+01  0.117168E-22
  0.725000E+01  0.109650E-22
  0.727500E+01  0.104186E-22
  0.730000E+01  0.100193E-22
  0.732500E+01  0.954460E-23
  0.735000E+01  0.910300E-23
  0.737500E+01  0.882770E-23
  0.740000E+01  0.866910E-23
  0.742500E+01  0.849010E-23
  0.745000E+01  0.795060E-23
  0.747500E+01  0.780000E-23
  0.750000E+01  0.770000E-23
  0.752500E+01  0.760000E-23
  0.755000E+01  0.750000E-23
  0.757500E+01  0.740000E-23
  0.760000E+01  0.730000E-23
  0.762500E+01  0.730000E-23
  0.765000E+01  0.730000E-23
  0.767500E+01  0.730000E-23
  0.770000E+01  0.730000E-23
  0.772500E+01  0.730000E-23
  0.775000E+01  0.730000E-23
  0.777500E+01  0.730000E-23
  0.780000E+01  0.730000E-23
  0.782500E+01  0.730000E-23
  0.785000E+01  0.730000E-23
  0.787500E+01  0.730000E-23
  0.790000E+01  0.730000E-23
  0.792500E+01  0.730000E-23
  0.795000E+01  0.730000E-23
  0.797500E+01  0.730000E-23
  0.800000E+01  0.730000E-23
  0.802500E+01  0.730000E-23
  0.805000E+01  0.730000E-23
  0.807500E+01  0.730000E-23
  0.810000E+01  0.730000E-23
  0.812500E+01  0.730000E-23
  0.815000E+01  0.730000E-23
  0.817500E+01  0.730000E-23
  0.820000E+01  0.730000E-23
  0.822500E+01  0.730000E-23
  0.825000E+01  0.730000E-23
  0.827500E+01  0.730000E-23
  0.830000E+01  0.730000E-23
  0.832500E+01  0.730000E-23
  0.835000E+01  0.730000E-23
  0.837500E+01  0.730000E-23
  0.840000E+01  0.730000E-23
  0.842500E+01  0.730000E-23
  0.845000E+01  0.730000E-23
  0.847500E+01  0.730000E-23
  0.850000E+01  0.730000E-23
