ESO_3060170                    3188   4210   4335    750    5000   0.0358   3.45   2.79   0.61   0.00    i3   1.9309     y      0   /mnt/SINISTER
ESO_3060170                    3189   4098   3862    645    5000   0.0358   3.45   2.79   0.61   0.00    i0   1.9309     y      0   /mnt/SINISTER
HERCULES_A                     5796   4007   3972    368    5000   0.1541   6.27   4.15   0.45  44.87    s3   1.7330     y    188   /mnt/SINISTER
HERCULES_A                     6257   3962   4026    358    5000   0.1541   6.27   4.15   0.45  44.87    s3   1.7330     y    188   /mnt/SINISTER
HERCULES_A                     1625   4054   4151    283    5000   0.1541   6.27   4.15   0.45  44.87    s3   1.7330     y    188   /mnt/SINISTER
MACS_J0011.7-1523              6105   4033   3907    757    5000   0.3600   2.08   5.42   0.30   0.00    i3   1.4706     n    179   /mnt/SINISTER
MACS_J0011.7-1523              3261   4232   4338    702    5000   0.3600   2.08   5.42   0.30   0.00    i3   1.4706     y      0   /mnt/SINISTER
MACS_J0159.8-0849              6106   4211   4259    737    5000   0.4050   2.01   9.59   0.30   0.00    i3   1.4235     n    166   /mnt/SINISTER
MACS_J0159.8-0849              3265   4235   3857    600    5000   0.4050   2.01   9.59   0.30   0.00    i3   1.4235     y    150   /mnt/SINISTER
MACS_J0329.6-0211              6108   4245   4230    600    5000   0.4500   6.21   5.20   0.51   0.00    i3   1.3793     y    162   /mnt/SINISTER
MACS_J0329.6-0211              3582   4289   4438    555    5000   0.4500   6.21   5.24   0.30   0.00    i3   1.3793     n    127   /mnt/SINISTER
MACS_J0329.6-0211              3257   4307   4190    600    5000   0.4500   6.21   5.20   0.51   0.00    i3   1.3793     y     98   /mnt/SINISTER
MACS_J0744.8+3927              3585   3779   3856    600    5000   0.6860   4.66  11.29   0.38   0.00    i3   1.1862     y    110   /mnt/SINISTER
MACS_J0744.8+3927              3197   4120   3818    600    5000   0.6860   4.66  11.29   0.38   0.00    i3   1.1862     y     98   /mnt/SINISTER
MACS_J0744.8+3927              6111   4074   3891    740    5000   0.6860   4.66  11.29   0.30   0.00    i3   1.1862     n    143   /mnt/SINISTER
MACS_J1621.3+3810              6109   4295   4061    756    5000   0.4610   1.07   7.53   0.39   0.00    i3   1.3689     n    123   /mnt/SINISTER
MACS_J1621.3+3810              6172   4279   4012    600    5000   0.4610   1.07   7.53   0.39   0.00    i3   1.3689     y    124   /mnt/SINISTER
MACS_J1621.3+3810              3254   4266   4313    600    5000   0.4610   1.07   7.53   0.39   0.00    i3   1.3689     y     72   /mnt/SINISTER
MACS_J1621.3+3810              3594   3982   4496    572    5000   0.4610   1.07   7.53   0.39   0.00    i3   1.3689     n    124   /mnt/SINISTER
RX_J1347.5-1145                3592   3995   4354    708    5000   0.4510   4.89  10.88   0.30  46.29    i3   1.3784     y    266   /mnt/SINISTER
RX_J1347.5-1145                 507   4046   4244    375    5000   0.4510   4.89  10.88   0.37  46.29    s3   1.3784     y    214   /mnt/SINISTER
2PIGG_J0011.5-2850                   5797   4290   4043    813    5000   0.0753   2.18   5.86   0.21   0.00    i3   1.8599     y      0   /mnt/SINISTER
3C_295                               2254   4059   4097    900    5000   0.4641   1.35   6.51   0.36  45.39    i3   1.3660     n    153   /mnt/SINISTER
ABELL_1068                           1652   3994   3973    375    5000   0.1375   0.71   3.87   0.42  45.24    s3   1.7582     y    266   /mnt/SINISTER
HCG_42                               3215   4410   4454    385    2500   0.0133   5.15   0.70   0.30   0.00    s3   1.9737     y      0   /mnt/SINISTER
MACS_J0242.5-2132                    3266   4149   4367    683    2500   0.3140   2.71   6.22   0.20   0.00    i3   1.5221     n    112   /mnt/SINISTER
MACS_J0417.5-1154                    3270   4088   4373    600    2500   0.4400   4.00   5.37   0.30   0.00    i3   1.3889     y    162   /mnt/SINISTER
MACS_J0429.6-0253                    3271   4163   4361    676    2500   0.3990   5.70   6.76   0.40   0.00    i3   1.4296     n    124   /mnt/SINISTER
MACS_J1931.8-2634                    3282   4125   4371    670    2500   0.3520   9.13   7.50   0.20   0.00    i3   1.4793     n    148   /mnt/SINISTER
MACS_J2229.7-2755                    3286   4202   4349    684    2500   0.3240   1.34   5.50   0.30   0.00    i3   1.5106     n    117   /mnt/SINISTER
MS_0440.5+0204                       4196   4051   3951    368    2000   0.1900   9.10  10.00   0.30   0.00    s3   1.6807     y    000   /mnt/SINISTER
MS_2137.3-2353                       4974   4138   4244    340    5000   0.3130   3.40   6.30   0.30   0.00    s3   1.5232     n    115   /mnt/SINISTER
MS_J1157.3+5531                      4964   3948   3940    420    5000   0.0810   1.22   2.91   0.69   0.00    s3   1.8501     y      0   /mnt/SINISTER
RBS_0797                             2202   4387   4015    750    2500   0.3540   2.22   6.43   0.30  45.82    i3   1.4771     y    136   /mnt/SINISTER
RX_J0439+0520                         527   4294   3655    580    2000   0.2080  10.02   4.63   0.30   0.00    i3   1.6556     y    000   /mnt/SINISTER
RX_J2129.6+0005                       552   4166   4486    610    2500   0.2350   4.30  11.00   0.30  18.59    i3   1.6194     y    150   /mnt/SINISTER
SS2B153                              3243   4182   3798    412    5000   0.0186   4.12   0.80   0.29   0.00    s3   1.9635     y      0   /mnt/SINISTER
ZWCL_1358+6245                        516   4215   4283    423    5000   0.3280   1.94   7.20   0.30   0.00    s3   1.5060     y    000   /mnt/SINISTER
