# Model: wabs(mekal) for total spectra; Fit Range = 0.7 - 7.0; Count Rates = 0.2 - 7.0 keV
# Nh frozen = yes; Fe frozen = no; Confidence Levels = 2.71; Systematic error = 0.00
# Cluster                  ObsID   Rout  nh20   nlo   nhi    Tx   Tlo   Thi    Fe  Felo  Fehi       Norm   Tx2  Tlo2  Thi2      Norm2       z     Cr  chisq    dof
1RXS_J2129.4-0741           3595   4.10  4.36  0.00  0.00  9.48  7.73 12.25  0.52  0.23  0.84   2.20e-03  0.00  0.00  0.00   0.00e+00  0.5700  0.145   1.16    137
3C_220.1                     839   2.38  1.91  0.00  0.00  2.83  1.46  7.00  0.00  0.00  2.22   3.37e-04  0.00  0.00  0.00   0.00e+00  0.6100  0.031   0.91     43
3C_28.0                     3233   4.10  5.71  0.00  0.00  6.59  6.27  6.95  0.12  0.06  0.19   6.10e-03  0.00  0.00  0.00   0.00e+00  0.1952  0.558   1.07    350
3C_346                      3129   0.98  5.67  0.00  0.00  2.45  1.88  3.21  0.35  0.05  0.73   2.06e-04  0.00  0.00  0.00   0.00e+00  0.1620  0.031   1.07     23
4C_55.16                    4940   2.95  4.00  0.00  0.00  4.41  4.22  4.61  0.29  0.22  0.36   3.09e-03  0.00  0.00  0.00   0.00e+00  0.2420  0.390   1.24    329
ABELL_0133                  2203   2.57  1.56  0.00  0.00  4.26  4.09  4.44  0.36  0.29  0.44   4.51e-03  0.00  0.00  0.00   0.00e+00  0.0558  0.974   1.09    271
ABELL_0267                  3580   4.10  2.74  0.00  0.00  7.91  7.13  8.86  0.26  0.13  0.40   4.85e-03  0.00  0.00  0.00   0.00e+00  0.2300  0.462   1.21    221
ABELL_0370                   515   2.38  3.37  0.00  0.00  7.36  6.84  7.93  0.45  0.36  0.56   2.85e-03  0.00  0.00  0.00   0.00e+00  0.3747  0.461   1.60    293
ABELL_0383                  2321   2.94  4.07  0.00  0.00  4.93  4.58  5.33  0.38  0.26  0.53   4.06e-03  0.00  0.00  0.00   0.00e+00  0.1871  0.689   1.06    191
ABELL_0399                  3230   4.10 11.51  0.00  0.00  7.04  6.81  7.28  0.23  0.18  0.28   1.25e-02  0.00  0.00  0.00   0.00e+00  0.0716  1.317   1.23    403
ABELL_0401                   518   4.10 12.48  0.00  0.00  8.14  7.81  8.48  0.46  0.38  0.54   2.73e-02  0.00  0.00  0.00   0.00e+00  0.0745  3.363   1.53    374
ABELL_0478                  1669   3.39 15.48  0.00  0.00 17.04 16.41 17.83  0.18  0.11  0.22   3.75e-02  0.00  0.00  0.00   0.00e+00  0.0883  4.921   7.45    426
ABELL_0478                  6102   4.10 15.48  0.00  0.00 15.96 14.74 17.45  0.48  0.34  0.61   3.53e-02  0.00  0.00  0.00   0.00e+00  0.0883  3.548   2.09    366
ABELL_0520                  4215   3.84  7.84  0.00  0.00  7.30  7.02  7.60  0.25  0.20  0.30   8.70e-03  0.00  0.00  0.00   0.00e+00  0.2020  0.783   1.16    395
ABELL_0521                   430   3.47  6.17  0.00  0.00  6.10  5.71  6.52  0.36  0.27  0.46   5.84e-03  0.00  0.00  0.00   0.00e+00  0.2533  0.858   1.23    271
ABELL_0576                  3289   3.85  5.57  0.00  0.00  4.00  3.85  4.16  0.27  0.21  0.34   6.77e-03  0.00  0.00  0.00   0.00e+00  0.0385  1.133   1.07    296
ABELL_0644                  2211   4.10  6.31  0.00  0.00  8.42  8.15  8.70  0.29  0.24  0.34   2.41e-02  0.00  0.00  0.00   0.00e+00  0.0698  2.810   1.22    410
ABELL_0665                  3586   4.10  4.24  0.00  0.00  8.03  7.62  8.47  0.19  0.12  0.25   1.12e-02  0.00  0.00  0.00   0.00e+00  0.1810  1.094   0.89    350
ABELL_0697                  4217   4.10  3.34  0.00  0.00  9.85  9.04 10.76  0.23  0.13  0.34   8.91e-03  0.00  0.00  0.00   0.00e+00  0.2820  0.790   1.18    273
ABELL_0773                  5006   4.10  1.46  0.00  0.00  8.66  7.97  9.45  0.34  0.22  0.47   7.02e-03  0.00  0.00  0.00   0.00e+00  0.2170  0.687   0.96    259
ABELL_0907                  3185   4.10  5.69  0.00  0.00  5.66  5.45  5.88  0.25  0.20  0.31   7.33e-03  0.00  0.00  0.00   0.00e+00  0.1527  0.727   1.07    366
ABELL_0963                   903   2.98  1.39  0.00  0.00  6.45  6.14  6.79  0.24  0.16  0.31   6.18e-03  0.00  0.00  0.00   0.00e+00  0.2056  1.075   1.11    314
ABELL_1068                  1652   3.08  0.71  0.00  0.00  4.56  4.35  4.79  0.22  0.15  0.30   5.70e-03  0.00  0.00  0.00   0.00e+00  0.1375  1.052   1.08    267
ABELL_1204                  2205   4.81  1.44  0.00  0.00  3.41  3.19  3.66  0.11  0.02  0.20   4.21e-03  0.00  0.00  0.00   0.00e+00  0.1706  0.375   1.42    216
ABELL_1361                  2200   2.94  2.18  0.00  0.00  7.18  5.99  9.06  0.61  0.22  1.10   3.83e-03  0.00  0.00  0.00   0.00e+00  0.1171  0.807   1.35     92
ABELL_1413                  5003   2.79  2.19  0.00  0.00  7.83  7.55  8.13  0.21  0.17  0.26   1.06e-02  0.00  0.00  0.00   0.00e+00  0.1426  0.966   1.05    384
ABELL_1650                  4178   2.94  1.62  0.00  0.00  5.70  5.51  5.90  0.23  0.18  0.29   1.24e-02  0.00  0.00  0.00   0.00e+00  0.0843  2.157   1.10    341
ABELL_1651                  4185   4.10  2.02  0.00  0.00  6.52  6.17  6.90  0.32  0.23  0.42   1.63e-02  0.00  0.00  0.00   0.00e+00  0.0840  1.955   1.07    273
ABELL_1664                  1648   2.94  8.47  0.00  0.00  4.45  4.06  4.90  0.00  0.00  0.11   5.90e-03  0.00  0.00  0.00   0.00e+00  0.1276  0.813   0.87    151
ABELL_1689                  5004   4.10  1.87  0.00  0.00  9.85  9.29 10.49  0.25  0.17  0.33   1.60e-02  0.00  0.00  0.00   0.00e+00  0.1843  1.617   1.09    355
ABELL_1758                  2213   3.78  1.09  0.00  0.00 18.56 16.60 21.06  0.62  0.44  0.80   6.93e-03  0.00  0.00  0.00   0.00e+00  0.2792  1.026   1.43    393
ABELL_1763                  3591   4.10  0.82  0.00  0.00  7.44  6.86  8.09  0.16  0.06  0.26   6.93e-03  0.00  0.00  0.00   0.00e+00  0.1866  0.693   1.22    256
ABELL_1835                   495   2.91  2.36  0.00  0.00 10.76 10.09 11.52  0.34  0.25  0.42   1.24e-02  0.00  0.00  0.00   0.00e+00  0.2532  2.171   0.98    321
