#Name			ObsID		X	Y	Rmax	MinCts	z	Nh20	Tx	Fe	Lbol	Chip	E_obs
3C_346			3129		4057	4155	120	5000	0.1620	5.67	1.11	0.35	-----	s3	2.32400
4C_55.16		4940		3990	3990	360	5000	0.2420	4.00	1.11	0.29	-----	s3	2.48400
ABELL_0267		3580		4282	4446	590	5000	0.2300	2.74	1.11	0.26	-----	i3	2.46000
ABELL_0383		2321		4229	4166	359	5000	0.1871	4.07	1.11	0.38	----	s3	2.37420
ABELL_0521		430		4206	3890	423	5000	0.2533	6.17	6.74	0.19	45.53	s3	2.50660
ABELL_0576		3289		4081	3837	469	5000	0.0385	5.57	4.09	0.46	44.45	s3	2.07700
ABELL_0963		903		4199	3979	363	5000	0.2056	1.39	6.60	0.34	45.38	s3	2.41120
ABELL_1068		1652		3994	3973	375	5000	0.1375	0.71	3.87	0.42	45.24	s3	2.27500
ABELL_1204		2205		3754	4157	682	5000	0.1706	1.44	3.78	0.35	45.26	i3	2.34120
ABELL_1361		2200		4229	4019	358	5000	0.1171	2.18	1.11	0.61	-----	s3	2.23420
ABELL_1664		1648		4049	4241	358	5000	0.1276	8.47	1.11	0.11	-----	s3	2.25520
ABELL_1758		2213		4200	4325	461	5000	0.2792	1.09	7.95	0.20	45.51	s3	2.55840
ABELL_1942		3290		4230	4529	633	5000	0.2240	2.75	5.12	0.27	45.02	i2	2.44800
ABELL_1991		3193		4209	4018	351	5000	0.0565	2.43	5.40	0.30	-----	s3	2.11300
ABELL_2104		895		3971	4021	299	5000	0.1554	9.04	9.31	0.32	45.40	s3	2.31080
ABELL_2124		3238		3966	4090	338	5000	0.0658	1.71	2.50	0.30	-----	s3	2.13160
ABELL_2218		1666		4125	3811	783	5000	0.1713	3.12	6.70	0.30	-----	i0	2.34260
ABELL_2390		4193		3978	4193	350	5000	0.2301	6.71	9.16	0.25	45.88	s3	2.46020
ABELL_2550		2225		4397	3971	480	5000	0.1543	2.03	2.58	0.30	44.35	s3	2.30860
ABELL_2554		1696		4242	4282	450	5000	0.1103	2.04	6.40	0.44	44.74	s3	2.22060
ABELL_2556		2226		4288	4289	475	5000	0.0862	2.02	4.13	0.34	44.66	s3	2.17240
ABELL_2626		3192		4178	4229	378	5000	0.0573	4.30	2.90	0.30	-----	s3	2.11460
ABELL_2667		2214		4047	3946	367	5000	0.2300	1.64	6.31	0.31	45.69	s3	2.46000
ABELL_2670		4959		4114	3978	883	5000	0.0763	2.88	3.98	0.25	44.75	i3	2.15260
ABELL_2744		2212		4261	3909	460	5000	0.3080	1.82	9.61	0.19	45.84	s3	2.61600
ESO_5520200		3206		4204	3843	704	5000	0.0314	4.29	1.11	0.30	-----	i3	2.06280
HERCULES_A		1625		4054	4151	283	5000	0.1541	6.27	4.15	0.45	44.87	s3	2.30820
MS_0440.5+0204		4196		4051	3951	368	5000	0.1900	9.10	1.11	0.30	-----	s3	2.38000
MS_0735.6+7421		4197		4070	3939	343	5000	0.2160	3.40	5.45	0.37	45.26	s3	2.43200
MS_0839.8+2938		2224		3936	4100	374	5000	0.1940	3.92	3.80	0.59	44.84	s3	2.38800
MS_1054.5-0321		512		4015	4315	438	5000	0.8300	3.69	13.21	0.07	45.77	s3	3.66000
MS_2053.7-0449		1667		4167	4495	602	5000	0.5830	5.16	10.03	0.31	45.08	i3	3.16600
RX_J0819.6+6336		2199		4143	3943	364	5000	0.1190	4.11	1.11	0.30	-----	s3	2.23800
RX_J0820.9+0752		1647		4144	3946	370	5000	0.1100	2.37	1.11	0.30	-----	s3	2.22000
SERSIC_159-03		1668		4203	3998	357	5000	0.0580	1.89	1.11	0.30	-----	s3	2.11600
ZWICKY_2701		3195		4171	3961	370	5000	0.2100	0.83	1.11	0.30	-----	s3	2.42000
