# Model: wabs(mekal+cutoffpl/b) for r5000-50 spectra; Fit Range = 0.7 - 7.0; Count Rates = 0.7 - 7.0 keV
# Nh frozen = yes; Fe frozen = no; Confidence Levels = 2.71; Systematic error = 0.00
# Cluster                  ObsID    Rin   Rout  nh20   nlo   nhi    Tx   Tlo   Thi    Fe  Felo  Fehi       Norm     Normlo     Normhi   Tx2  Tlo2  Thi2      Norm2    Normlo2    Normhi2       z     Cr   Src%  chisq    dof
ABELL_1758                  2213   0.02   1.78  1.09  0.00  0.00  6.92  6.27  7.71  0.33  0.23  0.43   3.61e-03   3.53e-03   3.69e-03  0.00  0.00  0.00   0.00e+00   0.00e+00   0.00e+00  0.2792  0.513   68.1   0.91    291
CL_J0152-1357                913   0.01   0.58  1.45  0.00  0.00  4.62  1.94 12.68  0.00  0.00  1.57   1.31e-04   1.01e-04   1.99e-04  0.00  0.00  0.00   0.00e+00   0.00e+00   0.00e+00  0.8310  0.007   68.2   3.90      7
CL_J1113.1-2615              915   0.01   0.98  5.51  0.00  0.00  3.90  2.75  4.90  0.54  0.13  1.29   1.83e-04   1.51e-04   2.11e-04  0.00  0.00  0.00   0.00e+00   0.00e+00   0.00e+00  0.7300  0.010   60.3   1.01     47
CL_J2302.8+0844              918   0.01   1.16  5.05  0.00  0.00  5.94  4.08  7.67  0.10  0.00  0.39   2.44e-04   2.22e-04   2.70e-04  0.00  0.00  0.00   0.00e+00   0.00e+00   0.00e+00  0.7300  0.013   56.3   0.94     68
IRAS_09104+4109              509   0.01   1.40  1.36  0.00  0.00  8.22  6.12 11.47  0.98  0.42  1.69   2.02e-03   1.81e-03   2.25e-03  0.00  0.00  0.00   0.00e+00   0.00e+00   0.00e+00  0.4420  0.460   85.3   0.95    102
MS_0440.5+0204              4196   0.02   2.66  9.10  0.00  0.00  5.16  4.07  6.93  0.69  0.34  1.14   1.93e-03   1.74e-03   2.13e-03  0.00  0.00  0.00   0.00e+00   0.00e+00   0.00e+00  0.1900  0.494   49.4   0.91    196
RX_J0820.9+0752             1647   0.04   3.03  2.37  0.00  0.00 11.03  4.31 79.90  0.19  0.00  5.92   2.91e-03   2.33e-03   4.53e-03  0.00  0.00  0.00   0.00e+00   0.00e+00   0.00e+00  0.1100  0.647   57.5   0.80     73
