# Model: wabs(mekal+cutoffpl/b) for r2500-50 spectra; Fit Range = 2.0 - 7.0; Count Rates = 2.0 - 7.0 keV
# Nh frozen = yes; Fe frozen = no; Confidence Levels = 2.71; Systematic error = 0.00
# Cluster                  ObsID    Rin   Rout  nh20   nlo   nhi    Tx   Tlo   Thi    Fe  Felo  Fehi       Norm     Normlo     Normhi   Tx2  Tlo2  Thi2      Norm2    Normlo2    Normhi2       z     Cr   Src%  chisq    dof
ABELL_1758                  2213   0.02   2.51  1.09  0.00  0.00  8.66  7.18 10.60  0.35  0.24  0.47   4.51e-03   4.38e-03   4.65e-03  0.00  0.00  0.00   0.00e+00   0.00e+00   0.00e+00  0.2792  0.303   58.3   0.99    283
CL_J0152-1357                913   0.22   1.70  1.45  0.00  0.00  4.91  3.54  6.59  0.10  0.00  0.37   8.08e-04   7.14e-04   9.25e-04  0.00  0.00  0.00   0.00e+00   0.00e+00   0.00e+00  0.8310  0.028   59.9   1.25     48
CL_J1113.1-2615              915   0.01   1.39  5.51  0.00  0.00  2.45  1.95  3.29  1.68  0.56  4.94   1.63e-04   5.16e-05   2.33e-04  0.00  0.00  0.00   0.00e+00   0.00e+00   0.00e+00  0.7300  0.007   55.3   1.14     54
CL_J2302.8+0844              918   0.01   1.64  5.05  0.00  0.00  4.67  2.87  6.67  0.09  0.00  0.40   2.93e-04   2.51e-04   3.60e-04  0.00  0.00  0.00   0.00e+00   0.00e+00   0.00e+00  0.7300  0.010   50.7   0.97     78
IRAS_09104+4109              509   0.01   1.98  1.36  0.00  0.00  6.31  3.09 10.67  0.85  0.39  1.50   2.59e-03   2.20e-03   3.00e-03  0.00  0.00  0.00   0.00e+00   0.00e+00   0.00e+00  0.4420  0.472   82.8   0.89    113
MS_0440.5+0204              4196   0.02   3.02  9.10  0.00  0.00 10.70  3.65 79.90  0.14  0.00  2.16   2.05e-03   1.74e-03   3.13e-03  0.00  0.00  0.00   0.00e+00   0.00e+00   0.00e+00  0.1900  0.325   46.9   1.06    149
RX_J0820.9+0752             1647   0.04   3.03  2.37  0.00  0.00  6.01  2.13 79.90  0.00  0.00  3.19   2.90e-03   2.30e-03   4.43e-03  0.00  0.00  0.00   0.00e+00   0.00e+00   0.00e+00  0.1100  0.283   57.5   0.60     37
