# Model: wabs(mekal) for r2500 spectra; Fit Range = 2.0 - 7.0; Count Rates = 2.0 - 7.0 keV
# Nh frozen = yes; Fe frozen = yes; Confidence Levels = 2.71; Systematic error = 0.00
# Cluster                  ObsID    Rin   Rout  nh20   nlo   nhi    Tx   Tlo   Thi    Fe  Felo  Fehi       Norm     Normlo     Normhi   Tx2  Tlo2  Thi2      Norm2    Normlo2    Normhi2       z     Cr   Src%  chisq    dof
1RXS_J2129.4-0741           3595   0.00   1.69  4.36  0.00  0.00  9.19  7.52 11.64  0.52  0.52  0.52   1.98e-03   1.88e-03   2.08e-03  0.00  0.00  0.00   0.00e+00   0.00e+00   0.00e+00  0.5700  0.097   71.1   1.01     70
3C_220.1                     839   0.00   1.46  1.91  0.00  0.00  9.38  5.83 16.69  0.30  0.30  0.30   7.99e-04   7.30e-04   9.01e-04  0.00  0.00  0.00   0.00e+00   0.00e+00   0.00e+00  0.6100  0.047   68.3   1.14     40
3C_28.0                     3233   0.00   2.30  5.71  0.00  0.00  5.57  5.18  6.02  0.12  0.12  0.12   4.64e-03   4.49e-03   4.81e-03  0.00  0.00  0.00   0.00e+00   0.00e+00   0.00e+00  0.1952  0.197   83.2   0.96    232
3C_295                      2254   0.00   1.64  1.35  0.00  0.00  5.94  5.43  6.53  0.36  0.36  0.36   1.55e-03   1.49e-03   1.61e-03  0.00  0.00  0.00   0.00e+00   0.00e+00   0.00e+00  0.4641  0.072   85.1   1.22    160
4C_55.16                    4940   0.00   2.02  4.00  0.00  0.00  4.69  4.47  4.94  0.29  0.29  0.29   4.57e-03   4.46e-03   4.69e-03  0.00  0.00  0.00   0.00e+00   0.00e+00   0.00e+00  0.2420  0.215   58.1   1.03    273
ABELL_0068                  3250   0.00   3.01  4.60  0.00  0.00  7.85  6.47  9.84  0.30  0.30  0.30   4.85e-03   4.59e-03   5.15e-03  0.00  0.00  0.00   0.00e+00   0.00e+00   0.00e+00  0.2546  0.234   70.3   0.97     91
ABELL_0133                  2203   0.00   2.57  1.56  0.00  0.00  3.77  3.61  3.96  0.64  0.64  0.64   1.17e-02   1.14e-02   1.20e-02  0.00  0.00  0.00   0.00e+00   0.00e+00   0.00e+00  0.0558  0.548   84.4   1.10    264
ABELL_0267                  3580   0.00   2.67  2.74  0.00  0.00  8.43  7.16 10.09  0.26  0.26  0.26   4.36e-03   4.19e-03   4.57e-03  0.00  0.00  0.00   0.00e+00   0.00e+00   0.00e+00  0.2300  0.214   76.1   1.09    137
ABELL_0370                   515   0.00   1.96  3.37  0.00  0.00 19.93 15.14 26.68  0.39  0.39  0.39   2.49e-03   2.43e-03   2.57e-03  0.00  0.00  0.00   0.00e+00   0.00e+00   0.00e+00  0.3747  0.157   75.1   1.06    238
ABELL_0383                  2321   0.00   2.39  4.07  0.00  0.00  4.96  4.55  5.45  0.38  0.38  0.38   6.32e-03   6.07e-03   6.59e-03  0.00  0.00  0.00   0.00e+00   0.00e+00   0.00e+00  0.1871  0.321   71.2   1.07    164
ABELL_0399                  3230   0.00   6.65 11.51  0.00  0.00  7.21  6.85  7.60  0.23  0.23  0.23   2.04e-02   2.01e-02   2.07e-02  0.00  0.00  0.00   0.00e+00   0.00e+00   0.00e+00  0.0716  0.899   73.0   1.35    347
ABELL_0478                  1669   0.00   3.39 30.90  0.00  0.00  7.02  6.86  7.19  0.31  0.31  0.31   6.84e-02   6.79e-02   6.89e-02  0.00  0.00  0.00   0.00e+00   0.00e+00   0.00e+00  0.0883  3.394   89.1   1.18    351
ABELL_0478                  6102   0.00   5.95 30.90  0.00  0.00  7.35  6.99  7.76  0.31  0.31  0.31   7.02e-02   6.91e-02   7.13e-02  0.00  0.00  0.00   0.00e+00   0.00e+00   0.00e+00  0.0883  3.168   89.6   0.96    333
ABELL_0496                  3361   0.00   2.46  4.57  0.00  0.00  4.48  4.23  4.74  0.47  0.47  0.47   3.15e-02   3.07e-02   3.25e-02  0.00  0.00  0.00   0.00e+00   0.00e+00   0.00e+00  0.0328  1.505   93.8   0.97    239
ABELL_0520                  4215   0.00   3.08  7.84  0.00  0.00  8.61  8.03  9.27  0.25  0.25  0.25   7.08e-03   6.96e-03   7.20e-03  0.00  0.00  0.00   0.00e+00   0.00e+00   0.00e+00  0.2020  0.338   79.4   1.10    322
ABELL_0521                   430   0.00   2.48  6.17  0.00  0.00  8.14  6.97  9.67  0.19  0.19  0.19   4.05e-03   3.90e-03   4.22e-03  0.00  0.00  0.00   0.00e+00   0.00e+00   0.00e+00  0.2533  0.222   44.0   1.24    174
ABELL_0576                  3289   0.00   3.85  5.57  0.00  0.00  3.77  3.58  3.99  0.46  0.46  0.46   1.24e-02   1.20e-02   1.28e-02  0.00  0.00  0.00   0.00e+00   0.00e+00   0.00e+00  0.0385  0.523   55.1   0.95    264
ABELL_0586                   530   0.00   3.82  5.40  0.00  0.00  7.79  6.73  9.16  0.30  0.30  0.30   8.00e-03   7.67e-03   8.36e-03  0.00  0.00  0.00   0.00e+00   0.00e+00   0.00e+00  0.1710  0.387   81.4   0.84    134
ABELL_0611                  3194   0.00   2.25  4.99  0.00  0.00  8.12  7.25  9.16  0.19  0.19  0.19   4.12e-03   4.00e-03   4.26e-03  0.00  0.00  0.00   0.00e+00   0.00e+00   0.00e+00  0.2880  0.229   57.8   1.01    193
ABELL_0644                  2211   0.00   6.38  6.31  0.00  0.00  7.40  7.09  7.72  0.29  0.29  0.29   3.97e-02   3.93e-02   4.02e-02  0.00  0.00  0.00   0.00e+00   0.00e+00   0.00e+00  0.0698  1.830   85.5   1.34    343
ABELL_0665                  3586   0.00   3.56  4.24  0.00  0.00  8.65  7.95  9.47  0.19  0.19  0.19   1.02e-02   9.96e-03   1.04e-02  0.00  0.00  0.00   0.00e+00   0.00e+00   0.00e+00  0.1810  0.488   81.9   0.98    278
ABELL_0697                  4217   0.00   2.66  3.34  0.00  0.00 11.72 10.17 13.72  0.23  0.23  0.23   7.48e-03   7.29e-03   7.65e-03  0.00  0.00  0.00   0.00e+00   0.00e+00   0.00e+00  0.2820  0.377   84.4   0.99    195
ABELL_0773                  5006   0.00   3.13  1.46  0.00  0.00  8.68  7.62 10.05  0.34  0.34  0.34   6.26e-03   6.07e-03   6.47e-03  0.00  0.00  0.00   0.00e+00   0.00e+00   0.00e+00  0.2170  0.313   76.6   1.17    184
ABELL_0781                   534   0.00   2.79  1.90  0.00  0.00  5.95  4.66  7.80  0.30  0.30  0.30   2.53e-03   2.30e-03   2.81e-03  0.00  0.00  0.00   0.00e+00   0.00e+00   0.00e+00  0.2984  0.115   69.7   1.51     51
ABELL_0907                  3185   0.00   3.19  5.69  0.00  0.00  5.96  5.65  6.29  0.25  0.25  0.25   9.19e-03   8.99e-03   9.39e-03  0.00  0.00  0.00   0.00e+00   0.00e+00   0.00e+00  0.1527  0.409   84.8   1.16    305
ABELL_0963                   903   0.00   2.87  1.39  0.00  0.00  6.99  6.47  7.58  0.34  0.34  0.34   7.12e-03   6.95e-03   7.29e-03  0.00  0.00  0.00   0.00e+00   0.00e+00   0.00e+00  0.2056  0.398   67.2   1.02    268
ABELL_1060                  2220   0.00   3.66  4.96  0.00  0.00  3.74  3.59  3.90  0.37  0.37  0.37   1.88e-02   1.83e-02   1.93e-02  0.00  0.00  0.00   0.00e+00   0.00e+00   0.00e+00  0.0125  0.650   93.9   1.23    278
ABELL_1068                  1652   0.00   3.05  0.71  0.00  0.00  4.47  4.20  4.78  0.42  0.42  0.42   1.03e-02   9.96e-03   1.06e-02  0.00  0.00  0.00   0.00e+00   0.00e+00   0.00e+00  0.1375  0.500   75.6   1.02    246
ABELL_1204                  2205   0.00   2.52  1.44  0.00  0.00  3.81  3.58  4.06  0.35  0.35  0.35   7.62e-03   7.32e-03   7.94e-03  0.00  0.00  0.00   0.00e+00   0.00e+00   0.00e+00  0.1706  0.285   88.8   1.16    175
ABELL_1361                  2200   0.00   2.94  2.18  0.00  0.00  4.70  3.58  7.24  0.61  0.61  0.61   6.43e-03   5.60e-03   7.34e-03  0.00  0.00  0.00   0.00e+00   0.00e+00   0.00e+00  0.1171  0.336   64.3   0.97     44
ABELL_1413                  5003   0.00   2.79  2.19  0.00  0.00  8.62  8.19  9.10  0.21  0.21  0.21   1.28e-02   1.27e-02   1.30e-02  0.00  0.00  0.00   0.00e+00   0.00e+00   0.00e+00  0.1426  0.540   90.2   1.02    335
ABELL_1423                   538   0.00   3.17  1.60  0.00  0.00  6.38  5.32  7.91  0.30  0.30  0.30   4.31e-03   4.02e-03   4.62e-03  0.00  0.00  0.00   0.00e+00   0.00e+00   0.00e+00  0.2130  0.199   77.6   0.76     78
ABELL_1650                  4178   0.00   2.94  1.62  0.00  0.00  6.11  5.79  6.46  0.40  0.40  0.40   1.81e-02   1.77e-02   1.84e-02  0.00  0.00  0.00   0.00e+00   0.00e+00   0.00e+00  0.0843  0.937   79.7   0.96    297
ABELL_1651                  4185   0.00   6.31  2.02  0.00  0.00  6.74  6.17  7.43  0.32  0.32  0.32   2.46e-02   2.39e-02   2.54e-02  0.00  0.00  0.00   0.00e+00   0.00e+00   0.00e+00  0.0840  1.149   81.1   1.22    258
ABELL_1664                  1648   0.00   2.94  8.47  0.00  0.00  4.19  3.77  4.69  0.11  0.11  0.11   9.43e-03   8.86e-03   1.01e-02  0.00  0.00  0.00   0.00e+00   0.00e+00   0.00e+00  0.1276  0.400   61.0   1.07    124
ABELL_1682                  3244   0.00   3.10  1.10  0.00  0.00  8.26  5.54 14.34  0.30  0.30  0.30   3.40e-03   3.09e-03   3.84e-03  0.00  0.00  0.00   0.00e+00   0.00e+00   0.00e+00  0.2260  0.167   46.7   1.26     50
ABELL_1689                  5004   0.00   3.87  1.87  0.00  0.00 11.85 10.82 13.17  0.25  0.25  0.25   1.92e-02   1.90e-02   1.95e-02  0.00  0.00  0.00   0.00e+00   0.00e+00   0.00e+00  0.1843  0.979   88.3   1.14    308
ABELL_1758                  2213   0.00   2.51  1.09  0.00  0.00 20.26 16.91 24.91  0.20  0.20  0.20   5.05e-03   4.97e-03   5.16e-03  0.00  0.00  0.00   0.00e+00   0.00e+00   0.00e+00  0.2792  0.296   47.4   1.13    286
ABELL_1763                  3591   0.00   3.17  0.82  0.00  0.00  9.81  8.40 11.71  0.16  0.16  0.16   5.91e-03   5.73e-03   6.12e-03  0.00  0.00  0.00   0.00e+00   0.00e+00   0.00e+00  0.1866  0.292   77.5   0.98    177
ABELL_1835                   495   0.00   2.64  2.36  0.00  0.00  9.05  8.46  9.74  0.36  0.36  0.36   1.77e-02   1.74e-02   1.80e-02  0.00  0.00  0.00   0.00e+00   0.00e+00   0.00e+00  0.2532  1.048   89.3   1.05    287
ABELL_1942                  3290   0.00   2.37  2.75  0.00  0.00  4.45  3.93  5.08  0.27  0.27  0.27   1.50e-03   1.40e-03   1.60e-03  0.00  0.00  0.00   0.00e+00   0.00e+00   0.00e+00  0.2240  0.057   55.9   1.21    129
ABELL_1991                  3193   0.00   2.88  2.43  0.00  0.00  2.37  2.27  2.47  0.30  0.30  0.30   9.86e-03   9.48e-03   1.02e-02  0.00  0.00  0.00   0.00e+00   0.00e+00   0.00e+00  0.0565  0.293   67.9   1.32    228
ABELL_2029                  4977   0.00   3.00  3.26  0.00  0.00  7.46  7.32  7.60  0.42  0.42  0.42   5.77e-02   5.75e-02   5.80e-02  0.00  0.00  0.00   0.00e+00   0.00e+00   0.00e+00  0.0765  3.153   92.1   2.66    349
ABELL_2029                  6101   0.00   6.68  3.26  0.00  0.00  8.99  8.46  9.59  0.42  0.42  0.42   6.75e-02   6.66e-02   6.84e-02  0.00  0.00  0.00   0.00e+00   0.00e+00   0.00e+00  0.0765  3.373   89.8   1.05    335
ABELL_2034                  2204   0.00   4.91  1.58  0.00  0.00  8.22  7.70  8.81  0.29  0.29  0.29   1.13e-02   1.11e-02   1.15e-02  0.00  0.00  0.00   0.00e+00   0.00e+00   0.00e+00  0.1130  0.538   76.7   1.15    340
ABELL_2104                   895   0.00   2.45 14.93  0.00  0.00  8.52  7.94  9.23  0.32  0.32  0.32   7.52e-03   7.39e-03   7.65e-03  0.00  0.00  0.00   0.00e+00   0.00e+00   0.00e+00  0.1554  0.425   70.4   1.03    301
ABELL_2111                   544   0.00   2.90  2.20  0.00  0.00  8.71  6.22 13.24  0.30  0.30  0.30   2.52e-03   2.34e-03   2.77e-03  0.00  0.00  0.00   0.00e+00   0.00e+00   0.00e+00  0.2300  0.123   73.0   0.95     57
ABELL_2124                  3238   0.00   2.77  1.71  0.00  0.00  4.71  4.07  5.61  0.30  0.30  0.30   3.45e-03   3.21e-03   3.71e-03  0.00  0.00  0.00   0.00e+00   0.00e+00   0.00e+00  0.0658  0.165   45.3   1.37    123
ABELL_2147                  3211   0.00   7.77  3.38  0.00  0.00  4.17  3.90  4.48  0.35  0.35  0.35   1.78e-02   1.71e-02   1.84e-02  0.00  0.00  0.00   0.00e+00   0.00e+00   0.00e+00  0.0356  0.653   66.9   1.16    288
ABELL_2163                  1653   0.00   4.54 12.04  0.00  0.00 17.10 16.08 18.23  0.22  0.22  0.22   2.68e-02   2.66e-02   2.69e-02  0.00  0.00  0.00   0.00e+00   0.00e+00   0.00e+00  0.1695  1.275   84.6   1.45    359
ABELL_2199                   497   0.00   2.89  0.88  0.00  0.00  4.09  3.97  4.22  0.43  0.43  0.43   4.69e-02   4.61e-02   4.78e-02  0.00  0.00  0.00   0.00e+00   0.00e+00   0.00e+00  0.0300  2.149   92.7   1.51    306
ABELL_2204                   499   0.00   3.09  5.84  0.00  0.00  7.36  6.90  7.86  0.38  0.38  0.38   3.16e-02   3.11e-02   3.22e-02  0.00  0.00  0.00   0.00e+00   0.00e+00   0.00e+00  0.1524  1.792   88.2   1.07    265
ABELL_2204                  6104   0.00   4.27  5.84  0.00  0.00  8.12  7.52  8.83  0.30  0.30  0.30   3.07e-02   3.01e-02   3.14e-02  0.00  0.00  0.00   0.00e+00   0.00e+00   0.00e+00  0.1524  1.525   92.9   1.02    273
ABELL_2218                  1666   0.00   3.34  3.12  0.00  0.00  8.46  7.77  9.29  0.30  0.30  0.30   6.92e-03   6.77e-03   7.08e-03  0.00  0.00  0.00   0.00e+00   0.00e+00   0.00e+00  0.1713  0.339   81.4   0.99    283
ABELL_2219                   896   0.00   2.99  1.76  0.00  0.00 12.45 11.54 13.53  0.27  0.27  0.27   1.44e-02   1.43e-02   1.46e-02  0.00  0.00  0.00   0.00e+00   0.00e+00   0.00e+00  0.2256  0.866   75.8   0.99    335
ABELL_2244                  4179   0.00   2.96  2.09  0.00  0.00  5.65  5.46  5.85  0.29  0.29  0.29   1.83e-02   1.80e-02   1.86e-02  0.00  0.00  0.00   0.00e+00   0.00e+00   0.00e+00  0.0967  0.912   77.3   1.07    334
ABELL_2255                   894   0.00   6.29  2.53  0.00  0.00 41.20 36.36 62.90  0.25  0.25  0.25   1.76e-02   1.73e-02   1.87e-02  0.00  0.00  0.00   0.00e+00   0.00e+00   0.00e+00  0.0805  0.832  100.0   2.84    344
ABELL_2259                  3245   0.00   2.97  3.70  0.00  0.00  5.44  4.75  6.32  0.30  0.30  0.30   6.19e-03   5.81e-03   6.59e-03  0.00  0.00  0.00   0.00e+00   0.00e+00   0.00e+00  0.1640  0.269   79.4   1.02     98
ABELL_2261                  5007   0.00   2.88  3.31  0.00  0.00  8.48  7.76  9.34  0.30  0.30  0.30   9.51e-03   9.29e-03   9.74e-03  0.00  0.00  0.00   0.00e+00   0.00e+00   0.00e+00  0.2240  0.467   86.7   0.94    252
ABELL_2294                  3246   0.00   3.34  6.10  0.00  0.00  8.92  7.51 11.07  0.30  0.30  0.30   7.27e-03   6.97e-03   7.60e-03  0.00  0.00  0.00   0.00e+00   0.00e+00   0.00e+00  0.1780  0.359   75.2   0.95    127
ABELL_2319                  3231   0.00   7.77  9.05  0.00  0.00 11.32 10.62 12.11  0.25  0.25  0.25   7.80e-02   7.73e-02   7.87e-02  0.00  0.00  0.00   0.00e+00   0.00e+00   0.00e+00  0.0562  3.731   89.1   1.25    343
ABELL_2384                  4202   0.00   4.19  2.99  0.00  0.00  4.55  4.23  4.92  0.30  0.30  0.30   7.32e-03   7.04e-03   7.61e-03  0.00  0.00  0.00   0.00e+00   0.00e+00   0.00e+00  0.0945  0.291   75.2   1.12    244
ABELL_2390                  4193   0.00   2.87  6.71  0.00  0.00  9.92  9.53 10.33  0.25  0.25  0.25   1.61e-02   1.60e-02   1.63e-02  0.00  0.00  0.00   0.00e+00   0.00e+00   0.00e+00  0.2301  0.911   70.5   1.13    364
ABELL_2409                  3247   0.00   3.42  6.72  0.00  0.00  6.05  5.41  6.85  0.30  0.30  0.30   9.52e-03   9.09e-03   9.98e-03  0.00  0.00  0.00   0.00e+00   0.00e+00   0.00e+00  0.1479  0.416   83.3   1.00    138
ABELL_2537                  4962   0.00   2.11  4.26  0.00  0.00  7.58  6.76  8.63  0.26  0.26  0.26   3.35e-03   3.24e-03   3.47e-03  0.00  0.00  0.00   0.00e+00   0.00e+00   0.00e+00  0.2950  0.186   49.2   1.00    189
ABELL_2550                  2225   0.00   2.26  2.03  0.00  0.00  1.92  1.71  2.15  0.30  0.30  0.30   1.58e-03   1.41e-03   1.76e-03  0.00  0.00  0.00   0.00e+00   0.00e+00   0.00e+00  0.1543  0.037   26.6   1.14    122
ABELL_2554                  1696   0.00   3.69  2.04  0.00  0.00  5.05  4.35  6.03  0.44  0.44  0.44   3.78e-03   3.55e-03   4.04e-03  0.00  0.00  0.00   0.00e+00   0.00e+00   0.00e+00  0.1103  0.187   22.8   1.24    165
ABELL_2556                  2226   0.00   3.90  2.02  0.00  0.00  3.32  3.09  3.58  0.34  0.34  0.34   9.78e-03   9.31e-03   1.03e-02  0.00  0.00  0.00   0.00e+00   0.00e+00   0.00e+00  0.0862  0.366   50.3   1.07    213
ABELL_2589                  3210   0.00   2.38  3.98  0.00  0.00 16.88  9.31 40.67  0.30  0.30  0.30   1.07e-02   1.02e-02   1.16e-02  0.00  0.00  0.00   0.00e+00   0.00e+00   0.00e+00  0.0415  0.651   75.5   2.04     59
ABELL_2597                   922   0.00   1.13  2.51  0.00  0.00  3.76  3.59  3.96  0.37  0.37  0.37   1.46e-02   1.42e-02   1.51e-02  0.00  0.00  0.00   0.00e+00   0.00e+00   0.00e+00  0.0854  0.635   96.8   0.92    224
ABELL_2626                  3192   0.00   3.10  4.30  0.00  0.00  2.80  2.65  2.97  0.30  0.30  0.30   1.12e-02   1.07e-02   1.17e-02  0.00  0.00  0.00   0.00e+00   0.00e+00   0.00e+00  0.0573  0.385   51.9   1.03    210
ABELL_2667                  2214   0.00   2.58  1.64  0.00  0.00  6.45  5.81  7.21  0.31  0.31  0.31   1.15e-02   1.11e-02   1.20e-02  0.00  0.00  0.00   0.00e+00   0.00e+00   0.00e+00  0.2300  0.630   74.3   0.99    162
ABELL_2670                  4959   0.00   5.20  2.88  0.00  0.00  3.49  3.29  3.72  0.25  0.25  0.25   8.82e-03   8.46e-03   9.20e-03  0.00  0.00  0.00   0.00e+00   0.00e+00   0.00e+00  0.0763  0.293   58.1   1.42    289
ABELL_2744                  2212   0.00   2.57  1.82  0.00  0.00  9.19  8.25 10.29  0.19  0.19  0.19   7.05e-03   6.88e-03   7.23e-03  0.00  0.00  0.00   0.00e+00   0.00e+00   0.00e+00  0.3080  0.389   58.6   1.02    218
ABELL_3112                  2516   0.00   3.00  2.50  0.00  0.00  5.13  4.86  5.43  0.51  0.51  0.51   2.39e-02   2.33e-02   2.44e-02  0.00  0.00  0.00   0.00e+00   0.00e+00   0.00e+00  0.0720  1.222   85.4   1.11    272
ABELL_3158                  3201   0.00   7.08  1.60  0.00  0.00  5.11  4.88  5.37  0.30  0.30  0.30   2.77e-02   2.72e-02   2.83e-02  0.00  0.00  0.00   0.00e+00   0.00e+00   0.00e+00  0.0580  1.136   78.3   1.24    334
ABELL_3266                   899   0.00   3.80  1.72  0.00  0.00 15.34 13.63 17.71  0.32  0.32  0.32   1.77e-02   1.75e-02   1.79e-02  0.00  0.00  0.00   0.00e+00   0.00e+00   0.00e+00  0.0590  0.826  100.0   1.15    305
ABELL_3558                  1646   0.00   3.03  3.84  0.00  0.00  6.66  6.15  7.23  0.33  0.33  0.33   2.07e-02   2.02e-02   2.13e-02  0.00  0.00  0.00   0.00e+00   0.00e+00   0.00e+00  0.0480  1.090   82.2   1.05    246
ABELL_3562                  4167   0.00   5.41  3.90  0.00  0.00  4.58  4.28  4.91  0.30  0.30  0.30   1.48e-02   1.43e-02   1.53e-02  0.00  0.00  0.00   0.00e+00   0.00e+00   0.00e+00  0.0490  0.574   76.7   1.25    265
ABELL_3571                  4203   0.00   2.17  4.66  0.00  0.00  7.53  7.21  7.88  0.30  0.30  0.30   2.80e-02   2.77e-02   2.84e-02  0.00  0.00  0.00   0.00e+00   0.00e+00   0.00e+00  0.0391  1.521   90.5   1.29    331
ABELL_3667                  5751   0.00   6.11  5.45  0.00  0.00  7.60  7.41  7.79  0.29  0.29  0.29   3.46e-02   3.43e-02   3.48e-02  0.00  0.00  0.00   0.00e+00   0.00e+00   0.00e+00  0.0556  1.458   88.2   1.08    347
ABELL_4038                  4992   0.00   8.00  1.57  0.00  0.00  2.86  2.79  2.94  0.30  0.30  0.30   4.16e-02   4.08e-02   4.24e-02  0.00  0.00  0.00   0.00e+00   0.00e+00   0.00e+00  0.0300  1.214   76.5   1.82    341
AC_114                      1562   0.00   2.18  1.44  0.00  0.00  8.44  7.60  9.48  0.30  0.30  0.30   2.90e-03   2.83e-03   2.98e-03  0.00  0.00  0.00   0.00e+00   0.00e+00   0.00e+00  0.3120  0.164   56.5   1.07    265
CL_0024+17                   929   0.00   1.55  4.36  0.00  0.00 15.69  9.32 42.40  0.30  0.30  0.30   5.70e-04   5.26e-04   6.21e-04  0.00  0.00  0.00   0.00e+00   0.00e+00   0.00e+00  0.3940  0.035   38.6   1.03     64
CL_1221+4918                1662   0.00   1.41  1.44  0.00  0.00  5.35  4.48  6.54  0.30  0.30  0.30   6.37e-04   5.88e-04   6.95e-04  0.00  0.00  0.00   0.00e+00   0.00e+00   0.00e+00  0.7000  0.024   43.0   0.96     78
CL_J0542.8-4100              914   0.00   1.42  3.59  0.00  0.00  6.18  4.93  7.96  0.30  0.30  0.30   6.17e-04   5.68e-04   6.82e-04  0.00  0.00  0.00   0.00e+00   0.00e+00   0.00e+00  0.6300  0.027   67.3   0.86     57
CL_J1113.1-2615              915   0.00   1.39  5.51  0.00  0.00 79.90 68.51 79.90  0.30  0.30  0.30   4.02e-04   3.84e-04   4.19e-04  0.00  0.00  0.00   0.00e+00   0.00e+00   0.00e+00  0.7300  0.019  100.0   3.81     60
CL_J1226.9+3332              932   0.00   1.53  1.37  0.00  0.00  7.72  5.27 11.98  0.30  0.30  0.30   1.46e-03   1.30e-03   1.66e-03  0.00  0.00  0.00   0.00e+00   0.00e+00   0.00e+00  0.8900  0.070   28.1   0.63     24
CL_J2302.8+0844              918   0.00   1.64  5.05  0.00  0.00 79.88 73.44 79.90  0.30  0.30  0.30   5.43e-04   5.23e-04   5.62e-04  0.00  0.00  0.00   0.00e+00   0.00e+00   0.00e+00  0.7300  0.025  100.0   3.26     80
CYGNUS_A                     360   0.00   2.39 35.23  0.00  0.00  6.47  6.27  6.70  0.72  0.72  0.72   3.54e-02   3.50e-02   3.57e-02  0.00  0.00  0.00   0.00e+00   0.00e+00   0.00e+00  0.0561  1.932   88.9   1.94    340
ESO_3060170                 3189   0.00   5.29  3.43  0.00  0.00  2.44  2.25  2.65  0.30  0.30  0.30   1.01e-02   9.37e-03   1.08e-02  0.00  0.00  0.00   0.00e+00   0.00e+00   0.00e+00  0.0358  0.257   67.9   1.27    158
ESO_5520200                 3206   0.00   5.77  4.29  0.00  0.00  1.92  1.75  2.13  0.30  0.30  0.30   5.63e-03   5.08e-03   6.24e-03  0.00  0.00  0.00   0.00e+00   0.00e+00   0.00e+00  0.0314  0.112   40.3   1.72    161
EXO_0422-086                4183   0.00   7.87  6.22  0.00  0.00  2.82  2.66  2.98  0.30  0.30  0.30   2.72e-02   2.60e-02   2.85e-02  0.00  0.00  0.00   0.00e+00   0.00e+00   0.00e+00  0.0397  0.796   70.4   1.05    230
HERCULES_A                  1625   0.00   2.32  6.27  0.00  0.00  3.90  3.52  4.35  0.45  0.45  0.45   5.19e-03   4.89e-03   5.52e-03  0.00  0.00  0.00   0.00e+00   0.00e+00   0.00e+00  0.1541  0.239   62.2   0.82    116
IRAS_09104+4109              509   0.00   1.98  1.36  0.00  0.00 79.90 76.46 79.90  0.30  0.30  0.30   9.45e-03   9.16e-03   9.73e-03  0.00  0.00  0.00   0.00e+00   0.00e+00   0.00e+00  0.4420  0.552   85.2   3.28    129
M87                          352   0.00   2.42  2.55  0.00  0.00  1.76  0.00  0.00  0.30  0.30  0.30   9.12e-02   0.00e+00   0.00e+00  0.00  0.00  0.00   0.00e+00   0.00e+00   0.00e+00  0.0043  2.124   85.2  10.32    298
MACS_J0011.7-1523           6105   0.00   1.74  2.08  0.00  0.00  6.46  5.81  7.21  0.30  0.30  0.30   2.90e-03   2.78e-03   3.02e-03  0.00  0.00  0.00   0.00e+00   0.00e+00   0.00e+00  0.3600  0.133   84.3   0.98    142
MACS_J0159.8-0849           6106   0.00   2.15  2.01  0.00  0.00  8.42  7.64  9.37  0.30  0.30  0.30   5.07e-03   4.93e-03   5.21e-03  0.00  0.00  0.00   0.00e+00   0.00e+00   0.00e+00  0.4050  0.249   86.2   1.09    206
MACS_J0242.5-2132           3266   0.00   2.04  2.71  0.00  0.00  5.07  4.56  5.66  0.20  0.20  0.20   6.89e-03   6.52e-03   7.31e-03  0.00  0.00  0.00   0.00e+00   0.00e+00   0.00e+00  0.3140  0.285   92.0   1.09    100
MACS_J0329.6-0211           3582   0.00   1.50  6.21  0.00  0.00  5.81  5.17  6.57  0.30  0.30  0.30   3.25e-03   3.08e-03   3.43e-03  0.00  0.00  0.00   0.00e+00   0.00e+00   0.00e+00  0.4500  0.141   91.0   1.33     89
MACS_J0429.6-0253           3271   0.00   1.83  5.70  0.00  0.00  6.15  5.49  6.95  0.40  0.40  0.40   3.38e-03   3.22e-03   3.54e-03  0.00  0.00  0.00   0.00e+00   0.00e+00   0.00e+00  0.3990  0.157   87.4   0.85    108
MACS_J0547.0-3904           3273   0.00   1.89  4.08  0.00  0.00  4.08  3.53  4.82  0.30  0.30  0.30   2.08e-03   1.90e-03   2.28e-03  0.00  0.00  0.00   0.00e+00   0.00e+00   0.00e+00  0.2100  0.082   83.5   1.39     69
MACS_J0744.9+3927           6111   0.00   1.79  4.66  0.00  0.00  8.49  7.52  9.67  0.30  0.30  0.30   2.29e-03   2.21e-03   2.38e-03  0.00  0.00  0.00   0.00e+00   0.00e+00   0.00e+00  0.6860  0.102   73.8   1.26    152
MACS_J1115.8+0129           3275   0.00   3.53  4.36  0.00  0.00  8.47  6.66 10.84  0.30  0.30  0.30   4.27e-03   4.07e-03   4.55e-03  0.00  0.00  0.00   0.00e+00   0.00e+00   0.00e+00  0.1200  0.215   77.3   1.04    120
MACS_J1311.0-0311           6110   0.00   1.61  2.18  0.00  0.00  5.45  4.96  6.01  0.30  0.30  0.30   1.81e-03   1.73e-03   1.89e-03  0.00  0.00  0.00   0.00e+00   0.00e+00   0.00e+00  0.4940  0.076   76.4   0.95    141
MACS_J1427.6-2521           3279   0.00   2.07  6.11  0.00  0.00  5.98  4.72  8.23  0.40  0.40  0.40   1.47e-03   1.35e-03   1.64e-03  0.00  0.00  0.00   0.00e+00   0.00e+00   0.00e+00  0.2200  0.072   77.5   1.72     49
MACS_J1621.3+3810           3594   0.00   1.77  1.07  0.00  0.00  6.89  5.18  9.95  0.30  0.30  0.30   1.89e-03   1.72e-03   2.15e-03  0.00  0.00  0.00   0.00e+00   0.00e+00   0.00e+00  0.4610  0.086   78.3   0.75     26
MACS_J1621.6+3810           6109   0.00   1.77  1.07  0.00  0.00  6.37  5.58  7.33  0.30  0.30  0.30   2.03e-03   1.93e-03   2.14e-03  0.00  0.00  0.00   0.00e+00   0.00e+00   0.00e+00  0.4610  0.094   77.3   1.14    113
MACS_J1931.8-2634           3282   0.00   2.08  9.13  0.00  0.00  7.08  6.40  7.89  0.20  0.20  0.20   8.31e-03   8.00e-03   8.64e-03  0.00  0.00  0.00   0.00e+00   0.00e+00   0.00e+00  0.3520  0.378   93.2   1.05    139
MACS_J2229.7-2755           3286   0.00   1.88  1.34  0.00  0.00  4.85  4.37  5.43  0.30  0.30  0.30   4.51e-03   4.26e-03   4.78e-03  0.00  0.00  0.00   0.00e+00   0.00e+00   0.00e+00  0.3240  0.191   90.5   1.09     92
MKW_04                      3234   0.00   3.83  1.90  0.00  0.00  1.82  1.73  1.92  0.43  0.43  0.43   8.79e-03   8.34e-03   9.26e-03  0.00  0.00  0.00   0.00e+00   0.00e+00   0.00e+00  0.0198  0.212   61.1   1.12    197
MS_0016.9+1609               520   0.00   1.86  4.06  0.00  0.00  8.93  8.19  9.81  0.30  0.30  0.30   3.18e-03   3.11e-03   3.26e-03  0.00  0.00  0.00   0.00e+00   0.00e+00   0.00e+00  0.5410  0.151   82.5   0.93    214
MS_0302.7+1658               525   0.00   1.28 10.95  0.00  0.00  2.93  2.10  4.40  0.30  0.30  0.30   1.10e-03   7.99e-04   1.44e-03  0.00  0.00  0.00   0.00e+00   0.00e+00   0.00e+00  0.4240  0.029   71.1   1.14     11
MS_0440.5+0204              4196   0.00   3.02  9.10  0.00  0.00 79.90 71.98 79.90  0.30  0.30  0.30   6.26e-03   6.01e-03   6.51e-03  0.00  0.00  0.00   0.00e+00   0.00e+00   0.00e+00  0.1900  0.338  -20.2   2.28    102
MS_0451.6-0305               902   0.00   1.74  5.68  0.00  0.00 10.85  9.51 12.56  0.28  0.28  0.28   3.39e-03   3.30e-03   3.47e-03  0.00  0.00  0.00   0.00e+00   0.00e+00   0.00e+00  0.5386  0.185   61.6   0.94    188
MS_0735.6+7421              4197   0.00   2.51  3.40  0.00  0.00  5.32  5.00  5.67  0.37  0.37  0.37   5.77e-03   5.62e-03   5.93e-03  0.00  0.00  0.00   0.00e+00   0.00e+00   0.00e+00  0.2160  0.295   59.6   0.94    257
MS_0839.8+2938              2224   0.00   2.28  3.92  0.00  0.00  4.33  3.91  4.85  0.59  0.59  0.59   3.44e-03   3.27e-03   3.62e-03  0.00  0.00  0.00   0.00e+00   0.00e+00   0.00e+00  0.1940  0.176   65.3   1.01    152
MS_0906.5+1110               924   0.00   3.83  3.60  0.00  0.00  5.56  5.05  6.20  0.30  0.30  0.30   5.30e-03   5.08e-03   5.53e-03  0.00  0.00  0.00   0.00e+00   0.00e+00   0.00e+00  0.1630  0.230   73.7   1.31    213
MS_1006.0+1202               925   0.00   2.80  3.63  0.00  0.00 21.67 16.31 36.39  0.37  0.37  0.37   3.10e-03   3.01e-03   3.26e-03  0.00  0.00  0.00   0.00e+00   0.00e+00   0.00e+00  0.2210  0.164  100.0   1.94    138
MS_1008.1-1224               926   0.00   2.31  6.71  0.00  0.00 19.65 14.77 27.60  0.72  0.72  0.72   2.31e-03   2.25e-03   2.40e-03  0.00  0.00  0.00   0.00e+00   0.00e+00   0.00e+00  0.3010  0.126  100.0   1.49    137
MS_1054.5-0321               512   0.00   1.80  3.69  0.00  0.00  9.87  8.25 12.10  0.07  0.07  0.07   1.36e-03   1.31e-03   1.42e-03  0.00  0.00  0.00   0.00e+00   0.00e+00   0.00e+00  0.8300  0.069   41.7   0.99    180
MS_1455.0+2232              4192   0.00   1.99  3.35  0.00  0.00  5.02  4.83  5.21  0.35  0.35  0.35   7.03e-03   6.89e-03   7.17e-03  0.00  0.00  0.00   0.00e+00   0.00e+00   0.00e+00  0.2590  0.281   89.5   1.19    305
MS_1621.5+2640               546   0.00   1.86  3.59  0.00  0.00  6.89  5.64  8.75  0.30  0.30  0.30   1.16e-03   1.07e-03   1.24e-03  0.00  0.00  0.00   0.00e+00   0.00e+00   0.00e+00  0.4260  0.054   68.3   1.05     73
MS_2053.7-0449              1667   0.00   1.81  5.16  0.00  0.00  2.63  2.07  3.38  0.31  0.31  0.31   5.10e-04   4.22e-04   6.12e-04  0.00  0.00  0.00   0.00e+00   0.00e+00   0.00e+00  0.5830  0.012   37.5   1.13     43
MS_2137.3-2353              4974   0.00   2.06  3.40  0.00  0.00  6.18  5.59  6.88  0.30  0.30  0.30   5.39e-03   5.18e-03   5.61e-03  0.00  0.00  0.00   0.00e+00   0.00e+00   0.00e+00  0.3130  0.288   67.3   1.11    146
OPHIUCHUS                   3200   0.00   3.00 36.00  0.00  0.00  8.59  8.42  8.76  0.30  0.30  0.30   1.19e-01   1.18e-01   1.19e-01  0.00  0.00  0.00   0.00e+00   0.00e+00   0.00e+00  0.0280  6.050   93.9   2.96    343
PKS_0745-191                 508   0.00   2.98 40.82  0.00  0.00 79.90 73.99 79.90  0.30  0.30  0.30   1.04e-01   1.01e-01   1.04e-01  0.00  0.00  0.00   0.00e+00   0.00e+00   0.00e+00  0.1028  4.786   91.2   2.40    325
PKS_0745-191                6103   0.00   5.81 40.80  0.00  0.00  7.70  7.29  8.16  0.30  0.30  0.30   6.21e-02   6.11e-02   6.32e-02  0.00  0.00  0.00   0.00e+00   0.00e+00   0.00e+00  0.1028  2.766   87.6   0.97    328
RBS_0797                    2202   0.00   1.92  2.22  0.00  0.00  7.41  6.64  8.36  0.30  0.30  0.30   8.24e-03   7.93e-03   8.56e-03  0.00  0.00  0.00   0.00e+00   0.00e+00   0.00e+00  0.3540  0.394   92.1   0.87    128
RX_J0439+0520                527   0.00   2.38 10.02  0.00  0.00  4.60  4.01  5.38  0.30  0.30  0.30   4.54e-03   4.18e-03   4.91e-03  0.00  0.00  0.00   0.00e+00   0.00e+00   0.00e+00  0.2080  0.181   84.1   1.04     66
RX_J0439.0+0715             1449   0.00   3.06  1.10  0.00  0.00 36.57 20.39 79.90  0.30  0.30  0.30   6.71e-03   6.28e-03   7.66e-03  0.00  0.00  0.00   0.00e+00   0.00e+00   0.00e+00  0.2400  0.334  100.0   1.21     69
RX_J0647.7+7015             3584   0.00   1.72  5.18  0.00  0.00  9.43  7.78 11.72  0.30  0.30  0.30   2.45e-03   2.33e-03   2.58e-03  0.00  0.00  0.00   0.00e+00   0.00e+00   0.00e+00  0.5840  0.113   69.7   1.01     76
RX_J0819.6+6336             2199   0.00   2.98  4.11  0.00  0.00  3.48  2.89  4.35  0.30  0.30  0.30   3.30e-03   2.92e-03   3.73e-03  0.00  0.00  0.00   0.00e+00   0.00e+00   0.00e+00  0.1190  0.138  -17.5   1.10     76
RX_J0820.9+0752             1647   0.00   3.03  2.37  0.00  0.00 79.90 43.11 79.90  0.30  0.30  0.30   6.18e-03   5.48e-03   6.58e-03  0.00  0.00  0.00   0.00e+00   0.00e+00   0.00e+00  0.1100  0.326   26.0   1.43     36
RX_J0910+5422               2227   0.00   0.86  2.07  0.00  0.00  4.77  2.93 11.99  0.30  0.30  0.30   8.86e-05   6.70e-05   1.21e-04  0.00  0.00  0.00   0.00e+00   0.00e+00   0.00e+00  1.1000  0.003   33.8   0.52     20
RX_J1347.5-1145             3592   0.00   2.15  4.89  0.00  0.00 13.18 12.44 14.02  0.30  0.30  0.30   1.31e-02   1.30e-02   1.32e-02  0.00  0.00  0.00   0.00e+00   0.00e+00   0.00e+00  0.4510  0.660   92.0   1.23    344
RX_J1347.5-1145              507   0.00   2.15  4.89  0.00  0.00 14.17 12.31 16.94  0.37  0.37  0.37   1.36e-02   1.34e-02   1.39e-02  0.00  0.00  0.00   0.00e+00   0.00e+00   0.00e+00  0.4510  0.833   80.2   0.97    185
RX_J1423.8+2404             1657   0.00   1.44  2.65  0.00  0.00  5.86  5.10  6.82  0.30  0.30  0.30   2.70e-03   2.53e-03   2.88e-03  0.00  0.00  0.00   0.00e+00   0.00e+00   0.00e+00  0.5450  0.115   85.1   0.97     67
RX_J1423.8+2404             4195   0.00   1.44  2.65  0.00  0.00  5.74  5.44  6.08  0.30  0.30  0.30   2.82e-03   2.75e-03   2.88e-03  0.00  0.00  0.00   0.00e+00   0.00e+00   0.00e+00  0.5450  0.139   53.9   1.10    255
RX_J1504.1-0248             5793   0.00   3.22  6.27  0.00  0.00  7.58  7.32  7.86  0.30  0.30  0.30   2.91e-02   2.88e-02   2.94e-02  0.00  0.00  0.00   0.00e+00   0.00e+00   0.00e+00  0.2150  1.384   94.8   1.22    348
RX_J1532.9+3021             1649   0.00   1.80  2.21  0.00  0.00  6.16  5.49  6.96  0.34  0.34  0.34   7.27e-03   6.94e-03   7.62e-03  0.00  0.00  0.00   0.00e+00   0.00e+00   0.00e+00  0.3450  0.398   75.4   0.99    108
RX_J1532.9+3021             1665   0.00   1.80  2.21  0.00  0.00  6.01  5.35  6.78  0.30  0.30  0.30   7.09e-03   6.75e-03   7.47e-03  0.00  0.00  0.00   0.00e+00   0.00e+00   0.00e+00  0.3450  0.324   92.1   1.32    100
RX_J1716.9+6708              548   0.00   1.57  3.71  0.00  0.00  6.00  4.76  7.81  0.30  0.30  0.30   5.79e-04   5.22e-04   6.36e-04  0.00  0.00  0.00   0.00e+00   0.00e+00   0.00e+00  0.8100  0.022   56.5   0.79     62
RX_J1720.1+2638             4361   0.00   3.15  4.02  0.00  0.00  6.59  6.19  7.04  0.30  0.30  0.30   1.44e-02   1.41e-02   1.48e-02  0.00  0.00  0.00   0.00e+00   0.00e+00   0.00e+00  0.1640  0.677   89.1   1.07    285
RX_J1720.2+3536             3280   0.00   1.69  3.35  0.00  0.00  6.69  5.92  7.63  0.30  0.30  0.30   3.48e-03   3.32e-03   3.65e-03  0.00  0.00  0.00   0.00e+00   0.00e+00   0.00e+00  0.3913  0.162   84.1   0.90    103
RX_J2129.6+0005              552   0.00   3.35  4.30  0.00  0.00  5.93  5.26  6.74  0.30  0.30  0.30   7.98e-03   7.59e-03   8.40e-03  0.00  0.00  0.00   0.00e+00   0.00e+00   0.00e+00  0.2350  0.363   82.2   1.03    121
SERSIC_159-03               1668   0.00   2.93  1.89  0.00  0.00  2.32  2.21  2.44  0.30  0.30  0.30   2.43e-02   2.31e-02   2.54e-02  0.00  0.00  0.00   0.00e+00   0.00e+00   0.00e+00  0.0580  0.720   80.8   1.08    166
V_1121.0+2327               1660   0.00   1.44  1.30  0.00  0.00  3.23  2.71  3.99  0.30  0.30  0.30   4.64e-04   4.11e-04   5.32e-04  0.00  0.00  0.00   0.00e+00   0.00e+00   0.00e+00  0.5600  0.014   49.0   1.64     53
ZWCL_1358+6245               516   0.00   2.14  1.94  0.00  0.00 10.94  9.15 13.78  0.30  0.30  0.30   2.85e-03   2.77e-03   2.94e-03  0.00  0.00  0.00   0.00e+00   0.00e+00   0.00e+00  0.3280  0.170   58.9   0.96    173
ZWCL_1953                   1659   0.00   2.76  3.10  0.00  0.00  9.44  7.82 11.86  0.30  0.30  0.30   3.26e-03   3.13e-03   3.40e-03  0.00  0.00  0.00   0.00e+00   0.00e+00   0.00e+00  0.3800  0.163   74.8   0.82    129
ZWCL_3146                    909   0.00   3.10  2.70  0.00  0.00 11.17 10.41 12.02  0.30  0.30  0.30   1.19e-02   1.17e-02   1.20e-02  0.00  0.00  0.00   0.00e+00   0.00e+00   0.00e+00  0.2900  0.624  100.0   1.49    323
ZWCL_5247                    539   0.00   3.00  1.70  0.00  0.00  4.64  3.77  5.97  0.30  0.30  0.30   2.79e-03   2.49e-03   3.13e-03  0.00  0.00  0.00   0.00e+00   0.00e+00   0.00e+00  0.2290  0.109   70.3   1.07     47
ZWCL_7160                    543   0.00   2.92  3.10  0.00  0.00  5.16  4.57  5.87  0.30  0.30  0.30   7.14e-03   6.74e-03   7.59e-03  0.00  0.00  0.00   0.00e+00   0.00e+00   0.00e+00  0.2578  0.306   85.4   0.74    102
ZWICKY_2701                 3195   0.00   2.32  0.83  0.00  0.00  4.80  4.36  5.32  0.30  0.30  0.30   4.34e-03   4.14e-03   4.56e-03  0.00  0.00  0.00   0.00e+00   0.00e+00   0.00e+00  0.2100  0.212   55.0   1.01    158
