# Model: wabs(mekal) for r5000 spectra; Fit Range = 0.7 - 7.0; Count Rates = 0.7 - 7.0 keV
# Nh frozen = no; Fe frozen = no; Confidence Levels = 2.71; Systematic error = 0.00
# Cluster                  ObsID    Rin   Rout  nh20   nlo   nhi    Tx   Tlo   Thi    Fe  Felo  Fehi       Norm     Normlo     Normhi   Tx2  Tlo2  Thi2      Norm2    Normlo2    Normhi2       z     Cr   Src%  chisq    dof
1RXS_J2129.4-0741           3595   0.00   1.20  1.29  0.00  5.92 11.07  8.57 14.48  0.52  0.24  0.84   1.74e-03   1.62e-03   1.90e-03  0.00  0.00  0.00   0.00e+00   0.00e+00   0.00e+00  0.5700  0.128   88.4   1.01     78
3C_220.1                     839   0.00   1.03  0.00  0.00  2.20  7.44  5.76  9.72  0.00  0.00  0.23   8.71e-04   8.23e-04   9.35e-04  0.00  0.00  0.00   0.00e+00   0.00e+00   0.00e+00  0.6100  0.084   74.2   0.98     49
3C_28.0                     3233   0.00   1.63  1.16  0.00  2.79  4.91  4.61  5.24  0.34  0.28  0.41   3.66e-03   3.54e-03   3.78e-03  0.00  0.00  0.00   0.00e+00   0.00e+00   0.00e+00  0.1952  0.388   92.6   1.00    260
3C_295                      2254   0.00   1.16  0.00  0.00  0.41  5.01  4.74  5.30  0.42  0.34  0.52   1.57e-03   1.52e-03   1.59e-03  0.00  0.00  0.00   0.00e+00   0.00e+00   0.00e+00  0.4641  0.125   91.1   1.33    186
3C_388                      5295   0.00   2.90  4.06  1.73  6.47  3.30  3.07  3.55  0.67  0.53  0.82   2.51e-03   2.34e-03   2.70e-03  0.00  0.00  0.00   0.00e+00   0.00e+00   0.00e+00  0.0917  0.311   80.8   1.10    192
4C_55.16                    4940   0.00   1.43  2.88  1.95  3.83  4.36  4.20  4.53  0.59  0.54  0.65   4.14e-03   4.04e-03   4.24e-03  0.00  0.00  0.00   0.00e+00   0.00e+00   0.00e+00  0.2420  0.568   78.6   0.90    314
ABELL_0068                  3250   0.00   2.13  5.78  2.15  9.53  9.05  7.43 11.45  0.39  0.18  0.62   4.34e-03   4.06e-03   4.65e-03  0.00  0.00  0.00   0.00e+00   0.00e+00   0.00e+00  0.2546  0.423   87.9   1.00    130
ABELL_0085                   904   0.00   4.81  1.00  0.60  1.39  5.67  5.57  5.77  0.55  0.53  0.58   4.84e-02   4.79e-02   4.88e-02  0.00  0.00  0.00   0.00e+00   0.00e+00   0.00e+00  0.0558  6.640   95.3   1.54    426
ABELL_0133                  2203   0.00   2.57  0.68  0.07  1.30  3.46  3.37  3.54  0.83  0.77  0.89   1.15e-02   1.12e-02   1.18e-02  0.00  0.00  0.00   0.00e+00   0.00e+00   0.00e+00  0.0558  2.487   84.4   1.23    344
ABELL_0267                  3580   0.00   1.89  0.00  0.00  1.08  7.75  7.06  8.55  0.44  0.30  0.58   3.85e-03   3.74e-03   3.98e-03  0.00  0.00  0.00   0.00e+00   0.00e+00   0.00e+00  0.2300  0.406   90.3   1.05    182
ABELL_0370                   515   0.00   1.39  0.06  0.00  1.69 13.27 11.19 15.16  0.46  0.29  0.62   1.91e-03   1.86e-03   1.98e-03  0.00  0.00  0.00   0.00e+00   0.00e+00   0.00e+00  0.3747  0.260   79.5   0.99    235
ABELL_0383                  2321   0.00   1.69  1.06  0.00  2.40  4.53  4.27  4.81  0.61  0.52  0.72   5.67e-03   5.45e-03   5.90e-03  0.00  0.00  0.00   0.00e+00   0.00e+00   0.00e+00  0.1871  0.945   81.2   1.19    213
ABELL_0399                  3230   0.00   4.71  8.20  7.41  9.00  7.98  7.63  8.36  0.33  0.27  0.38   1.51e-02   1.49e-02   1.54e-02  0.00  0.00  0.00   0.00e+00   0.00e+00   0.00e+00  0.0716  1.757   87.6   1.05    414
ABELL_0478                  1669   0.00   3.39 29.23 28.86 29.59  6.79  6.67  6.91  0.37  0.35  0.40   6.79e-02   6.74e-02   6.83e-02  0.00  0.00  0.00   0.00e+00   0.00e+00   0.00e+00  0.0883  8.361   89.1   1.24    427
ABELL_0478                  6102   0.00   4.21 30.05 28.94 31.18  6.89  6.60  7.19  0.47  0.42  0.52   6.40e-02   6.29e-02   6.51e-02  0.00  0.00  0.00   0.00e+00   0.00e+00   0.00e+00  0.0883  6.142   96.2   1.05    399
ABELL_0496                  3361   0.00   2.46  3.85  3.18  4.58  3.87  3.76  3.97  0.88  0.81  0.94   3.01e-02   2.94e-02   3.09e-02  0.00  0.00  0.00   0.00e+00   0.00e+00   0.00e+00  0.0328  6.236   93.8   1.11    322
ABELL_0520                  4215   0.00   2.18  1.21  0.07  2.36  9.16  8.53  9.87  0.36  0.29  0.43   5.63e-03   5.52e-03   5.75e-03  0.00  0.00  0.00   0.00e+00   0.00e+00   0.00e+00  0.2020  0.590   91.2   1.12    361
ABELL_0521                   430   0.00   1.75  3.63  1.57  5.71  8.29  7.14  9.91  0.47  0.29  0.65   2.68e-03   2.56e-03   2.81e-03  0.00  0.00  0.00   0.00e+00   0.00e+00   0.00e+00  0.2533  0.384   56.0   1.09    189
ABELL_0576                  3289   0.00   3.85  5.79  5.00  6.58  4.30  4.15  4.45  0.51  0.45  0.57   1.16e-02   1.13e-02   1.19e-02  0.00  0.00  0.00   0.00e+00   0.00e+00   0.00e+00  0.0385  1.988   64.8   0.87    346
ABELL_0586                   530   0.00   2.70  0.00  0.00  1.52  7.83  7.12  8.55  0.50  0.35  0.68   7.34e-03   7.09e-03   7.62e-03  0.00  0.00  0.00   0.00e+00   0.00e+00   0.00e+00  0.1710  0.886   89.1   0.79    187
ABELL_0611                  3194   0.00   1.59  2.31  0.75  3.91  7.56  6.83  8.41  0.33  0.23  0.43   3.58e-03   3.46e-03   3.71e-03  0.00  0.00  0.00   0.00e+00   0.00e+00   0.00e+00  0.2880  0.474   70.6   1.03    222
ABELL_0644                  2211   0.00   5.14  8.03  7.43  8.63  7.23  7.01  7.46  0.42  0.38  0.46   3.71e-02   3.67e-02   3.76e-02  0.00  0.00  0.00   0.00e+00   0.00e+00   0.00e+00  0.0698  4.513   93.2   1.20    421
ABELL_0665                  3586   0.00   2.52  0.33  0.00  1.69  8.65  7.98  9.29  0.29  0.21  0.37   8.15e-03   7.97e-03   8.36e-03  0.00  0.00  0.00   0.00e+00   0.00e+00   0.00e+00  0.1810  0.889   92.0   1.05    320
ABELL_0697                  4217   0.00   1.88  0.00  0.00  0.56 11.22 10.21 12.50  0.49  0.35  0.64   6.04e-03   5.88e-03   6.20e-03  0.00  0.00  0.00   0.00e+00   0.00e+00   0.00e+00  0.2820  0.605   93.6   1.03    222
ABELL_0773                  5006   0.00   2.22  0.00  0.00  0.92  8.49  7.81  9.26  0.34  0.22  0.47   5.57e-03   5.44e-03   5.72e-03  0.00  0.00  0.00   0.00e+00   0.00e+00   0.00e+00  0.2170  0.581   90.3   1.05    217
ABELL_0781                   534   0.00   1.97  0.00  0.00  1.69  6.23  5.30  7.46  0.36  0.12  0.63   2.11e-03   1.99e-03   2.27e-03  0.00  0.00  0.00   0.00e+00   0.00e+00   0.00e+00  0.2984  0.210   80.6   1.18     67
ABELL_0907                  3185   0.00   2.26  2.15  1.14  3.13  5.75  5.52  5.99  0.49  0.43  0.55   8.16e-03   7.98e-03   8.32e-03  0.00  0.00  0.00   0.00e+00   0.00e+00   0.00e+00  0.1527  0.942   94.0   1.20    357
ABELL_0963                   903   0.00   2.03  0.89  0.00  1.87  7.06  6.62  7.52  0.36  0.28  0.43   6.32e-03   6.17e-03   6.47e-03  0.00  0.00  0.00   0.00e+00   0.00e+00   0.00e+00  0.2056  0.978   76.8   1.05    310
ABELL_1060                  2220   0.00   3.66  2.99  2.24  3.73  3.52  3.44  3.61  0.47  0.43  0.51   1.89e-02   1.85e-02   1.93e-02  0.00  0.00  0.00   0.00e+00   0.00e+00   0.00e+00  0.0125  2.356   93.9   1.26    364
ABELL_1068                  1652   0.00   2.16  0.22  0.00  1.06  3.97  3.83  4.09  0.49  0.44  0.54   9.85e-03   9.66e-03   1.01e-02  0.00  0.00  0.00   0.00e+00   0.00e+00   0.00e+00  0.1375  1.681   84.0   1.04    295
ABELL_1201                  4216   0.00   2.32  2.18  0.47  3.93  5.43  4.95  5.99  0.39  0.29  0.51   3.80e-03   3.64e-03   3.98e-03  0.00  0.00  0.00   0.00e+00   0.00e+00   0.00e+00  0.1688  0.564   53.1   1.09    226
ABELL_1204                  2205   0.00   1.78  0.00  0.00  0.60  3.63  3.51  3.74  0.42  0.35  0.49   7.53e-03   7.37e-03   7.75e-03  0.00  0.00  0.00   0.00e+00   0.00e+00   0.00e+00  0.1706  0.826   95.8   1.27    235
ABELL_1361                  2200   0.00   2.54  0.03  0.00  3.09  4.31  3.76  4.79  0.61  0.38  0.86   6.07e-03   5.75e-03   6.69e-03  0.00  0.00  0.00   0.00e+00   0.00e+00   0.00e+00  0.1171  1.148   68.6   1.00    100
ABELL_1413                  5003   0.00   2.79  0.11  0.00  0.81  7.91  7.61  8.15  0.37  0.32  0.41   1.30e-02   1.29e-02   1.32e-02  0.00  0.00  0.00   0.00e+00   0.00e+00   0.00e+00  0.1426  1.290   93.6   1.09    405
ABELL_1423                   538   0.00   2.24  0.00  0.00  2.94  6.06  5.29  6.74  0.51  0.33  0.71   3.79e-03   3.66e-03   4.04e-03  0.00  0.00  0.00   0.00e+00   0.00e+00   0.00e+00  0.2130  0.436   86.4   1.02    124
ABELL_1650                  4178   0.00   2.94  1.76  1.15  2.39  6.06  5.85  6.28  0.46  0.41  0.52   1.81e-02   1.78e-02   1.84e-02  0.00  0.00  0.00   0.00e+00   0.00e+00   0.00e+00  0.0843  3.065   84.0   0.96    374
ABELL_1651                  4185   0.00   4.47  0.49  0.00  1.79  6.68  6.27  7.08  0.47  0.38  0.56   2.15e-02   2.10e-02   2.21e-02  0.00  0.00  0.00   0.00e+00   0.00e+00   0.00e+00  0.0840  2.781   92.6   1.11    315
ABELL_1664                  1648   0.00   2.19  6.84  5.24  8.49  3.61  3.39  3.84  0.50  0.41  0.60   8.24e-03   7.85e-03   8.67e-03  0.00  0.00  0.00   0.00e+00   0.00e+00   0.00e+00  0.1276  1.270   78.1   1.05    180
ABELL_1682                  3244   0.00   2.19  0.00  0.00  2.67  7.01  5.73  8.77  0.68  0.30  1.12   2.80e-03   2.69e-03   3.06e-03  0.00  0.00  0.00   0.00e+00   0.00e+00   0.00e+00  0.2260  0.300   73.7   0.97     62
ABELL_1689                  5004   0.00   2.74  0.00  0.00  0.40 10.30  9.78 10.88  0.43  0.35  0.51   1.81e-02   1.78e-02   1.83e-02  0.00  0.00  0.00   0.00e+00   0.00e+00   0.00e+00  0.1843  1.994   95.5   1.27    358
ABELL_1758                  2213   0.00   1.78  0.00  0.00  0.64 10.33  9.57 11.19  0.45  0.34  0.57   3.75e-03   3.68e-03   3.84e-03  0.00  0.00  0.00   0.00e+00   0.00e+00   0.00e+00  0.2792  0.522   68.3   1.01    293
ABELL_1763                  3591   0.00   2.24  0.00  0.00  1.54  7.89  7.14  8.63  0.22  0.11  0.33   5.26e-03   5.12e-03   5.43e-03  0.00  0.00  0.00   0.00e+00   0.00e+00   0.00e+00  0.1866  0.564   90.2   1.24    208
ABELL_1795                  5289   0.00   6.23  0.28  0.00  0.89  5.55  5.41  5.68  0.40  0.37  0.44   6.03e-02   5.95e-02   6.10e-02  0.00  0.00  0.00   0.00e+00   0.00e+00   0.00e+00  0.0625  7.615   94.7   1.29    411
ABELL_1835                   495   0.00   1.87  2.05  1.24  2.88  7.81  7.38  8.28  0.30  0.25  0.35   1.71e-02   1.68e-02   1.74e-02  0.00  0.00  0.00   0.00e+00   0.00e+00   0.00e+00  0.2532  2.487   93.5   0.99    333
ABELL_1914                  3593   0.00   2.83  0.00  0.00  0.53 10.26  9.72 10.85  0.35  0.27  0.43   1.76e-02   1.73e-02   1.79e-02  0.00  0.00  0.00   0.00e+00   0.00e+00   0.00e+00  0.1712  1.951   95.6   1.10    349
ABELL_1942                  3290   0.00   1.68  0.11  0.00  3.25  5.44  4.80  5.97  0.37  0.22  0.52   1.16e-03   1.11e-03   1.23e-03  0.00  0.00  0.00   0.00e+00   0.00e+00   0.00e+00  0.2240  0.116   79.1   1.00    163
ABELL_1991                  3193   0.00   2.88  0.00  0.00  0.27  2.30  2.26  2.33  0.58  0.54  0.61   8.83e-03   8.73e-03   9.01e-03  0.00  0.00  0.00   0.00e+00   0.00e+00   0.00e+00  0.0565  1.666   74.7   1.74    308
ABELL_2029                  4977   0.00   3.00  2.89  2.68  3.10  7.31  7.22  7.41  0.45  0.43  0.46   5.76e-02   5.74e-02   5.79e-02  0.00  0.00  0.00   0.00e+00   0.00e+00   0.00e+00  0.0765  9.588   92.1   2.53    427
ABELL_2029                  6101   0.00   5.00  2.30  1.55  3.05  8.16  7.82  8.54  0.48  0.42  0.54   6.37e-02   6.28e-02   6.46e-02  0.00  0.00  0.00   0.00e+00   0.00e+00   0.00e+00  0.0765  8.076   95.9   1.15    407
ABELL_2034                  2204   0.00   3.47  0.00  0.00  0.24  7.86  7.59  8.14  0.35  0.29  0.40   1.00e-02   9.95e-03   1.02e-02  0.00  0.00  0.00   0.00e+00   0.00e+00   0.00e+00  0.1130  1.257   90.6   1.09    400
ABELL_2069                  4965   0.00   3.50  0.80  0.00  2.23  6.64  6.14  7.18  0.25  0.17  0.34   5.06e-03   4.92e-03   5.21e-03  0.00  0.00  0.00   0.00e+00   0.00e+00   0.00e+00  0.1160  0.550   78.2   1.15    344
ABELL_2104                   895   0.00   2.45 15.00 14.11 15.88  8.49  8.02  9.04  0.37  0.30  0.44   7.50e-03   7.36e-03   7.64e-03  0.00  0.00  0.00   0.00e+00   0.00e+00   0.00e+00  0.1554  1.048   70.5   1.07    370
ABELL_2111                   544   0.00   2.06  0.00  0.00  2.07  6.32  5.20  7.96  0.12  0.00  0.43   1.58e-03   1.45e-03   1.69e-03  0.00  0.00  0.00   0.00e+00   0.00e+00   0.00e+00  0.2300  0.163   74.3   0.98     59
ABELL_2124                  3238   0.00   2.77  0.00  0.00  1.08  4.91  4.57  5.25  0.54  0.40  0.69   3.35e-03   3.23e-03   3.49e-03  0.00  0.00  0.00   0.00e+00   0.00e+00   0.00e+00  0.0658  0.630   57.1   1.12    202
ABELL_2125                  2207   0.00   1.13  0.00  0.00  3.20  3.31  2.91  3.69  0.30  0.12  0.54   3.79e-04   3.49e-04   4.23e-04  0.00  0.00  0.00   0.00e+00   0.00e+00   0.00e+00  0.2465  0.035   69.5   1.16     93
ABELL_2147                  3211   0.00   7.77  0.00  0.00  0.18  4.54  4.39  4.70  0.36  0.29  0.42   1.81e-02   1.77e-02   1.85e-02  0.00  0.00  0.00   0.00e+00   0.00e+00   0.00e+00  0.0356  2.268   78.6   1.10    371
ABELL_2163                  1653   0.00   3.21 13.91 13.27 14.56 16.32 15.40 17.41  0.14  0.08  0.19   2.34e-02   2.31e-02   2.36e-02  0.00  0.00  0.00   0.00e+00   0.00e+00   0.00e+00  0.1695  2.137   93.9   1.32    427
ABELL_2199                   497   0.00   2.89  1.30  0.89  1.71  3.89  3.82  3.96  0.47  0.45  0.50   4.75e-02   4.68e-02   4.81e-02  0.00  0.00  0.00   0.00e+00   0.00e+00   0.00e+00  0.0300  9.525   92.7   1.71    389
ABELL_2204                   499   0.00   2.66  6.49  5.70  7.29  6.48  6.20  6.80  0.46  0.40  0.52   3.09e-02   3.03e-02   3.15e-02  0.00  0.00  0.00   0.00e+00   0.00e+00   0.00e+00  0.1524  4.876   90.5   1.15    329
ABELL_2204                  6104   0.00   3.02  5.34  4.10  6.60  6.98  6.58  7.42  0.47  0.40  0.55   2.91e-02   2.84e-02   2.98e-02  0.00  0.00  0.00   0.00e+00   0.00e+00   0.00e+00  0.1524  3.282   96.1   1.02    330
ABELL_2218                  1666   0.00   2.37  0.24  0.00  1.48  8.47  7.86  9.06  0.22  0.15  0.29   6.30e-03   6.18e-03   6.45e-03  0.00  0.00  0.00   0.00e+00   0.00e+00   0.00e+00  0.1713  0.703   92.2   0.95    329
ABELL_2219                   896   0.00   2.31  2.69  2.03  3.36 11.77 11.03 12.63  0.29  0.22  0.35   1.27e-02   1.25e-02   1.29e-02  0.00  0.00  0.00   0.00e+00   0.00e+00   0.00e+00  0.2256  1.869   81.5   0.99    384
ABELL_2244                  4179   0.00   2.96  2.41  1.97  2.86  5.58  5.45  5.71  0.39  0.36  0.42   1.82e-02   1.80e-02   1.84e-02  0.00  0.00  0.00   0.00e+00   0.00e+00   0.00e+00  0.0967  2.943   82.1   1.04    409
ABELL_2255                   894   0.00   4.45  1.00  0.04  1.98  6.82  6.46  7.22  0.34  0.27  0.42   9.88e-03   9.68e-03   1.01e-02  0.00  0.00  0.00   0.00e+00   0.00e+00   0.00e+00  0.0805  1.278   81.6   0.92    395
ABELL_2259                  3245   0.00   2.11  0.01  0.00  3.01  5.73  5.06  6.27  0.38  0.24  0.54   5.14e-03   4.85e-03   5.46e-03  0.00  0.00  0.00   0.00e+00   0.00e+00   0.00e+00  0.1640  0.572   91.5   0.87    148
ABELL_2261                  5007   0.00   2.04  1.12  0.00  2.65  8.41  7.75  9.21  0.44  0.35  0.53   8.48e-03   8.25e-03   8.71e-03  0.00  0.00  0.00   0.00e+00   0.00e+00   0.00e+00  0.2240  0.880   94.9   0.94    296
ABELL_2294                  3246   0.00   2.36  8.77  5.79 11.81  9.19  7.84 11.08  0.50  0.31  0.72   6.08e-03   5.75e-03   6.41e-03  0.00  0.00  0.00   0.00e+00   0.00e+00   0.00e+00  0.1780  0.644   89.2   1.13    166
ABELL_2319                  3231   0.00   7.53  6.17  5.52  6.82 10.79 10.28 11.37  0.36  0.31  0.42   7.64e-02   7.56e-02   7.73e-02  0.00  0.00  0.00   0.00e+00   0.00e+00   0.00e+00  0.0562  9.072   93.1   1.42    423
ABELL_2384                  4202   0.00   2.96  0.00  0.00  0.54  4.25  4.09  4.42  0.26  0.19  0.32   6.17e-03   6.04e-03   6.32e-03  0.00  0.00  0.00   0.00e+00   0.00e+00   0.00e+00  0.0945  0.722   89.1   1.11    279
ABELL_2390                  4193   0.00   2.20  7.93  7.46  8.40  9.24  8.94  9.55  0.37  0.34  0.41   1.47e-02   1.46e-02   1.49e-02  0.00  0.00  0.00   0.00e+00   0.00e+00   0.00e+00  0.2301  1.878   83.4   1.03    419
ABELL_2409                  3247   0.00   2.42  7.57  5.22 10.02  5.64  5.16  6.19  0.44  0.33  0.56   8.55e-03   8.15e-03   8.96e-03  0.00  0.00  0.00   0.00e+00   0.00e+00   0.00e+00  0.1479  0.893   93.1   1.06    187
ABELL_2537                  4962   0.00   1.49  6.03  4.16  7.91  7.76  6.96  8.75  0.43  0.31  0.55   2.85e-03   2.73e-03   2.97e-03  0.00  0.00  0.00   0.00e+00   0.00e+00   0.00e+00  0.2950  0.349   62.5   0.98    220
ABELL_2550                  2225   0.00   1.60  0.69  0.00  2.77  2.09  1.97  2.19  0.50  0.41  0.60   1.34e-03   1.26e-03   1.45e-03  0.00  0.00  0.00   0.00e+00   0.00e+00   0.00e+00  0.1543  0.205   57.0   1.38    159
ABELL_2554                  1696   0.00   3.36  0.45  0.00  2.20  5.76  5.18  6.33  0.39  0.25  0.54   3.80e-03   3.66e-03   3.99e-03  0.00  0.00  0.00   0.00e+00   0.00e+00   0.00e+00  0.1103  0.640   42.8   0.99    229
ABELL_2556                  2226   0.00   3.35  0.00  0.00  0.82  3.55  3.42  3.66  0.48  0.42  0.55   8.95e-03   8.74e-03   9.23e-03  0.00  0.00  0.00   0.00e+00   0.00e+00   0.00e+00  0.0862  1.540   66.5   0.98    278
ABELL_2589                  3210   0.00   2.38  0.00  0.00  1.62  8.09  7.17  9.16  2.01  1.47  2.66   8.58e-03   7.98e-03   9.30e-03  0.00  0.00  0.00   0.00e+00   0.00e+00   0.00e+00  0.0415  2.110   80.7   1.55    137
ABELL_2597                   922   0.00   1.13  0.01  0.00  0.73  3.51  3.41  3.58  0.47  0.43  0.51   1.48e-02   1.46e-02   1.52e-02  0.00  0.00  0.00   0.00e+00   0.00e+00   0.00e+00  0.0854  2.767   96.8   0.99    301
ABELL_2626                  3192   0.00   3.10  3.90  2.88  4.95  3.06  2.94  3.17  0.53  0.47  0.60   9.97e-03   9.61e-03   1.03e-02  0.00  0.00  0.00   0.00e+00   0.00e+00   0.00e+00  0.0573  1.698   62.2   1.03    290
ABELL_2667                  2214   0.00   1.82  0.66  0.00  2.21  6.15  5.66  6.63  0.44  0.34  0.55   1.04e-02   1.00e-02   1.08e-02  0.00  0.00  0.00   0.00e+00   0.00e+00   0.00e+00  0.2300  1.560   87.5   1.03    206
ABELL_2670                  4959   0.00   3.68  3.28  2.09  4.55  3.92  3.75  4.08  0.48  0.41  0.54   7.12e-03   6.92e-03   7.35e-03  0.00  0.00  0.00   0.00e+00   0.00e+00   0.00e+00  0.0763  0.864   82.3   1.21    332
ABELL_2744                  2212   0.00   1.82  1.68  0.21  3.18  9.92  8.82 11.26  0.30  0.18  0.42   5.07e-03   4.91e-03   5.24e-03  0.00  0.00  0.00   0.00e+00   0.00e+00   0.00e+00  0.3080  0.642   74.7   0.90    231
ABELL_3112                  2516   0.00   3.00  0.27  0.00  0.93  4.76  4.62  4.89  0.78  0.72  0.85   2.31e-02   2.27e-02   2.36e-02  0.00  0.00  0.00   0.00e+00   0.00e+00   0.00e+00  0.0720  4.581   88.5   1.17    350
ABELL_3158                  3201   0.00   5.57  0.48  0.00  1.23  5.20  5.03  5.36  0.45  0.40  0.50   2.41e-02   2.37e-02   2.45e-02  0.00  0.00  0.00   0.00e+00   0.00e+00   0.00e+00  0.0580  3.118   89.6   1.18    401
ABELL_3266                   899   0.00   3.80  0.00  0.00  0.64  9.68  9.19 10.13  0.32  0.25  0.40   1.74e-02   1.71e-02   1.76e-02  0.00  0.00  0.00   0.00e+00   0.00e+00   0.00e+00  0.0590  2.128   91.2   1.14    387
ABELL_3558                  1646   0.00   3.03  3.01  2.20  3.84  6.55  6.24  6.89  0.57  0.49  0.66   2.00e-02   1.95e-02   2.05e-02  0.00  0.00  0.00   0.00e+00   0.00e+00   0.00e+00  0.0480  3.769   86.1   1.02    327
ABELL_3562                  4167   0.00   5.41  2.36  1.22  3.51  4.72  4.52  4.94  0.44  0.37  0.51   1.47e-02   1.43e-02   1.51e-02  0.00  0.00  0.00   0.00e+00   0.00e+00   0.00e+00  0.0490  1.819   84.8   1.11    346
ABELL_3571                  4203   0.00   2.17  3.38  2.90  3.85  7.66  7.43  7.91  0.47  0.42  0.51   2.71e-02   2.68e-02   2.74e-02  0.00  0.00  0.00   0.00e+00   0.00e+00   0.00e+00  0.0391  4.790   92.5   1.29    413
ABELL_3667                  5751   0.00   6.11  4.98  4.66  5.30  6.60  6.50  6.71  0.37  0.35  0.39   3.54e-02   3.52e-02   3.57e-02  0.00  0.00  0.00   0.00e+00   0.00e+00   0.00e+00  0.0556  3.892   88.2   1.79    427
ABELL_4038                  4992   0.00   8.00  1.74  1.20  2.28  3.13  3.08  3.18  0.46  0.43  0.48   3.88e-02   3.82e-02   3.95e-02  0.00  0.00  0.00   0.00e+00   0.00e+00   0.00e+00  0.0300  4.787   84.7   1.25    424
AC_114                      1562   0.00   1.54  0.31  0.00  1.69  8.18  7.41  8.95  0.35  0.25  0.46   2.12e-03   2.04e-03   2.19e-03  0.00  0.00  0.00   0.00e+00   0.00e+00   0.00e+00  0.3120  0.285   64.1   1.03    266
CL_0024+17                   929   0.00   1.10  0.00  0.00  2.49  5.65  4.63  6.92  0.55  0.27  0.89   4.92e-04   4.71e-04   5.34e-04  0.00  0.00  0.00   0.00e+00   0.00e+00   0.00e+00  0.3940  0.065   46.4   0.94     75
CL_1221+4918                1662   0.00   1.00  0.00  0.00  3.24  7.21  5.99  8.66  0.24  0.05  0.43   5.11e-04   4.81e-04   5.55e-04  0.00  0.00  0.00   0.00e+00   0.00e+00   0.00e+00  0.7000  0.031   73.8   0.85     76
CL_J0030+2618               5762   0.00   1.45  3.98  0.00 23.13  4.91  2.82  8.13  0.00  0.00  0.30   5.68e-04   4.64e-04   8.81e-04  0.00  0.00  0.00   0.00e+00   0.00e+00   0.00e+00  0.5000  0.031   52.6   0.88     18
CL_J0152-1357                913   0.00   0.58  0.00  0.00 23.34  9.61  3.95 22.75  0.00  0.00  0.87   1.23e-04   1.06e-04   2.03e-04  0.00  0.00  0.00   0.00e+00   0.00e+00   0.00e+00  0.8310  0.007   68.1   3.27      8
CL_J0542.8-4100              914   0.00   1.00  1.02  0.00  7.02  6.64  5.07  8.40  0.14  0.00  0.35   5.31e-04   4.88e-04   6.09e-04  0.00  0.00  0.00   0.00e+00   0.00e+00   0.00e+00  0.6300  0.035   73.6   0.75     61
CL_J0848+4456                927   0.00   0.55  4.69  0.00 17.27  3.63  2.62  5.39  0.73  0.02  2.01   6.41e-05   4.57e-05   8.95e-05  0.00  0.00  0.00   0.00e+00   0.00e+00   0.00e+00  0.5740  0.004   66.7   1.05     18
CL_J1113.1-2615              915   0.00   0.98  6.16  0.00 16.76  3.68  2.71  4.97  0.69  0.24  1.37   2.14e-04   1.77e-04   2.78e-04  0.00  0.00  0.00   0.00e+00   0.00e+00   0.00e+00  0.7300  0.011   62.0   1.08     52
CL_J1213+0253               4934   0.00   0.79  0.00  0.00 19.74  4.20  2.53  7.91  0.49  0.00  3.41   2.13e-04   1.22e-04   2.95e-04  0.00  0.00  0.00   0.00e+00   0.00e+00   0.00e+00  0.4090  0.016   65.7   1.20      9
CL_J1226.9+3332              932   0.00   1.09  6.16  0.00 14.11 10.53  6.65 21.52  0.26  0.00  1.07   1.39e-03   1.13e-03   1.70e-03  0.00  0.00  0.00   0.00e+00   0.00e+00   0.00e+00  0.8900  0.100   52.3   0.58     28
CL_J1641+4001               3575   0.00   0.47  0.00  0.00  8.67  3.96  3.14  4.82  1.69  0.81  3.43   1.41e-04   9.79e-05   1.78e-04  0.00  0.00  0.00   0.00e+00   0.00e+00   0.00e+00  0.4640  0.014   83.0   0.54     18
CL_J2302.8+0844              918   0.00   1.16  0.01  0.00  6.28  6.62  4.54  8.51  0.16  0.00  0.46   2.43e-04   2.25e-04   2.87e-04  0.00  0.00  0.00   0.00e+00   0.00e+00   0.00e+00  0.7300  0.015   57.2   0.89     71
CYGNUS_A                     360   0.00   2.39 30.64 30.13 31.17  5.96  5.83  6.09  0.63  0.60  0.67   3.67e-02   3.63e-02   3.71e-02  0.00  0.00  0.00   0.00e+00   0.00e+00   0.00e+00  0.0561  5.129   88.9   1.88    420
ESO_3060170                 3189   0.00   5.29  0.58  0.00  2.34  2.71  2.57  2.83  0.55  0.46  0.65   9.13e-03   8.71e-03   9.70e-03  0.00  0.00  0.00   0.00e+00   0.00e+00   0.00e+00  0.0358  1.192   79.5   1.01    241
ESO_5520200                 3206   0.00   5.77  1.49  0.00  3.80  2.43  2.27  2.62  0.62  0.51  0.78   4.44e-03   4.07e-03   4.80e-03  0.00  0.00  0.00   0.00e+00   0.00e+00   0.00e+00  0.0314  0.598   61.1   1.16    244
EXO_0422-086                4183   0.00   6.15  9.81  8.45 11.21  3.04  2.93  3.16  0.50  0.44  0.57   2.37e-02   2.28e-02   2.46e-02  0.00  0.00  0.00   0.00e+00   0.00e+00   0.00e+00  0.0397  2.731   86.5   0.99    294
HERCULES_A                  1625   0.00   2.03  1.95  0.20  3.74  4.59  4.23  5.00  0.46  0.34  0.58   4.66e-03   4.42e-03   4.92e-03  0.00  0.00  0.00   0.00e+00   0.00e+00   0.00e+00  0.1541  0.752   73.8   0.96    182
HYDRA_A                     4970   0.00   4.66  3.35  3.05  3.51  3.79  3.77  3.84  0.45  0.44  0.47   4.11e-02   4.07e-02   4.12e-02  0.00  0.00  0.00   0.00e+00   0.00e+00   0.00e+00  0.0549  6.813   81.1   1.70    427
IRAS_09104+4109              509   0.00   1.40  0.00  0.00  1.00 79.90 70.07 79.90  2.87  1.50  5.24   5.21e-03   4.36e-03   5.87e-03  0.00  0.00  0.00   0.00e+00   0.00e+00   0.00e+00  0.4420  0.658   88.4   1.93    129
LYNX_E                      9271   0.00   0.37  0.00  0.00 28.39  4.73  2.04  9.53  0.27  0.00 50.53   4.92e-05   0.00e+00   9.44e-05  0.00  0.00  0.00   0.00e+00   0.00e+00   0.00e+00  1.2600  0.001   66.8   0.88      5
MACS_J0011.7-1523           6105   0.00   1.23  1.32  0.00  3.98  6.26  5.60  6.97  0.34  0.24  0.45   2.64e-03   2.51e-03   2.77e-03  0.00  0.00  0.00   0.00e+00   0.00e+00   0.00e+00  0.3600  0.224   90.6   0.99    178
MACS_J0159.8-0849           6106   0.00   1.53  0.55  0.00  2.56  8.67  7.79  9.55  0.36  0.26  0.46   4.59e-03   4.46e-03   4.76e-03  0.00  0.00  0.00   0.00e+00   0.00e+00   0.00e+00  0.4050  0.393   91.6   1.00    234
MACS_J0242.5-2132           3266   0.00   1.45  0.00  0.00  2.03  4.73  4.39  5.04  0.46  0.34  0.59   6.24e-03   6.04e-03   6.53e-03  0.00  0.00  0.00   0.00e+00   0.00e+00   0.00e+00  0.3140  0.579   95.5   0.98    148
MACS_J0329.6-0211           3582   0.00   1.06  0.00  0.00  1.09  5.65  5.18  6.20  0.46  0.33  0.61   2.87e-03   2.66e-03   2.99e-03  0.00  0.00  0.00   0.00e+00   0.00e+00   0.00e+00  0.4500  0.227   94.9   1.03    124
MACS_J0429.6-0253           3271   0.00   1.29  0.04  0.00  3.18  5.99  5.29  6.51  0.49  0.36  0.63   3.04e-03   2.95e-03   3.24e-03  0.00  0.00  0.00   0.00e+00   0.00e+00   0.00e+00  0.3990  0.269   92.6   1.08    148
MACS_J0547.0-3904           3273   0.00   1.34  0.00  0.00  0.85  3.42  3.16  3.70  0.11  0.01  0.22   2.26e-03   2.13e-03   2.39e-03  0.00  0.00  0.00   0.00e+00   0.00e+00   0.00e+00  0.2100  0.204   90.0   1.36    122
MACS_J0744.9+3927           6111   0.00   1.26  3.94  1.18  6.78  8.86  7.69 10.40  0.31  0.18  0.45   2.11e-03   1.99e-03   2.23e-03  0.00  0.00  0.00   0.00e+00   0.00e+00   0.00e+00  0.6860  0.129   83.5   1.08    167
MACS_J0949+1708             3274   0.00   1.26  0.00  0.00  3.39  9.90  8.22 11.82  0.57  0.33  0.82   2.73e-03   2.62e-03   2.91e-03  0.00  0.00  0.00   0.00e+00   0.00e+00   0.00e+00  0.3820  0.251   93.6   0.84    108
MACS_J1115.8+0129           3275   0.00   2.50  0.00  0.00  1.88  6.74  6.01  7.50  0.06  0.00  0.19   4.59e-03   4.45e-03   4.77e-03  0.00  0.00  0.00   0.00e+00   0.00e+00   0.00e+00  0.1200  0.534   86.0   1.24    179
MACS_J1311.0-0311           6110   0.00   1.14  2.53  0.00  5.38  5.29  4.76  5.90  0.38  0.27  0.49   1.73e-03   1.63e-03   1.84e-03  0.00  0.00  0.00   0.00e+00   0.00e+00   0.00e+00  0.4940  0.121   86.1   0.93    170
MACS_J1319+7003             3278   0.00   1.19  0.00  0.00  3.20  9.00  7.19 11.72  0.25  0.00  0.54   1.50e-03   1.41e-03   1.60e-03  0.00  0.00  0.00   0.00e+00   0.00e+00   0.00e+00  0.3275  0.142   84.0   0.94     69
MACS_J1427.6-2521           3279   0.00   1.46  0.00  0.00  3.61  4.83  4.18  5.49  0.23  0.05  0.44   1.58e-03   1.51e-03   1.71e-03  0.00  0.00  0.00   0.00e+00   0.00e+00   0.00e+00  0.2200  0.161   86.1   1.26     85
MACS_J1621.3+3810           3594   0.00   1.25  0.00  0.00  3.51  6.42  5.15  8.36  0.30  0.01  0.62   1.84e-03   1.69e-03   2.02e-03  0.00  0.00  0.00   0.00e+00   0.00e+00   0.00e+00  0.4610  0.134   86.6   0.67     33
MACS_J1621.6+3810           6109   0.00   1.25  2.65  0.00  6.09  6.00  5.21  7.01  0.32  0.19  0.46   1.90e-03   1.77e-03   2.03e-03  0.00  0.00  0.00   0.00e+00   0.00e+00   0.00e+00  0.4610  0.142   86.1   1.12    142
MACS_J1931.8-2634           3282   0.00   1.47  5.11  2.66  7.65  6.75  6.07  7.57  0.34  0.24  0.45   7.61e-03   7.27e-03   7.98e-03  0.00  0.00  0.00   0.00e+00   0.00e+00   0.00e+00  0.3520  0.648   96.2   0.91    183
MACS_J2228+2036             3285   0.00   1.18  0.00  0.00  2.83  9.36  7.89 10.85  0.46  0.27  0.67   2.33e-03   2.26e-03   2.47e-03  0.00  0.00  0.00   0.00e+00   0.00e+00   0.00e+00  0.4120  0.203   92.7   0.90    122
MACS_J2229.7-2755           3286   0.00   1.33  0.00  0.00  2.27  4.35  4.02  4.62  0.65  0.51  0.81   4.07e-03   3.94e-03   4.29e-03  0.00  0.00  0.00   0.00e+00   0.00e+00   0.00e+00  0.3240  0.388   94.6   1.16    139
MACS_J2311+0338             3288   0.00   0.92  0.03  0.00  4.42  8.77  6.92 10.48  0.57  0.31  0.85   2.42e-03   2.30e-03   2.63e-03  0.00  0.00  0.00   0.00e+00   0.00e+00   0.00e+00  0.2998  0.245   93.0   1.06     90
MKW_04                      3234   0.00   3.83  5.64  4.63  6.67  1.78  1.74  1.81  0.70  0.65  0.76   7.79e-03   7.46e-03   8.13e-03  0.00  0.00  0.00   0.00e+00   0.00e+00   0.00e+00  0.0198  1.574   61.1   1.34    282
MS_0016.9+1609               520   0.00   1.32  0.01  0.00  1.84 11.02  9.77 12.08  0.33  0.22  0.44   2.65e-03   2.60e-03   2.74e-03  0.00  0.00  0.00   0.00e+00   0.00e+00   0.00e+00  0.5410  0.205   89.2   0.92    231
MS_0302.7+1658               525   0.00   0.91 12.16  0.00 29.13  3.25  2.32  5.33  0.48  0.00  1.40   8.62e-04   6.51e-04   1.16e-03  0.00  0.00  0.00   0.00e+00   0.00e+00   0.00e+00  0.4240  0.054   82.6   0.85     17
MS_0440.5+0204              4196   0.00   2.66 12.04  9.22 15.02 79.90 67.32 79.90  7.34  3.87 16.82   3.22e-03   2.06e-03   4.07e-03  0.00  0.00  0.00   0.00e+00   0.00e+00   0.00e+00  0.1900  0.552   14.4   1.69    141
MS_0451.6-0305               902   0.00   1.23  1.80  0.11  3.54 12.02 10.40 14.15  0.50  0.35  0.66   2.83e-03   2.72e-03   2.94e-03  0.00  0.00  0.00   0.00e+00   0.00e+00   0.00e+00  0.5386  0.293   72.5   0.85    199
MS_0735.6+7421              4197   0.00   1.78  0.70  0.00  1.72  5.42  5.16  5.71  0.44  0.38  0.51   5.09e-03   4.96e-03   5.22e-03  0.00  0.00  0.00   0.00e+00   0.00e+00   0.00e+00  0.2160  0.730   78.5   0.95    291
MS_0839.8+2938              2224   0.00   1.61  4.69  3.10  6.39  3.98  3.72  4.25  0.54  0.45  0.65   3.28e-03   3.14e-03   3.45e-03  0.00  0.00  0.00   0.00e+00   0.00e+00   0.00e+00  0.1940  0.493   74.1   1.07    195
MS_0906.5+1110               924   0.00   2.71  0.82  0.00  2.60  6.15  5.65  6.67  0.32  0.22  0.41   4.76e-03   4.60e-03   4.94e-03  0.00  0.00  0.00   0.00e+00   0.00e+00   0.00e+00  0.1630  0.539   83.8   1.25    254
MS_1006.0+1202               925   0.00   1.98  0.00  0.00  2.27  6.76  6.00  7.46  0.29  0.17  0.43   2.53e-03   2.47e-03   2.66e-03  0.00  0.00  0.00   0.00e+00   0.00e+00   0.00e+00  0.2210  0.274   83.1   1.27    181
MS_1008.1-1224               926   0.00   1.63  0.00  0.00  1.64  7.43  6.67  8.24  0.30  0.17  0.43   1.85e-03   1.79e-03   1.93e-03  0.00  0.00  0.00   0.00e+00   0.00e+00   0.00e+00  0.3010  0.182   84.7   1.10    176
MS_1054.5-0321               512   0.00   1.28  2.62  0.00  5.21 10.13  8.21 13.35  0.18  0.00  0.35   1.23e-03   1.15e-03   1.30e-03  0.00  0.00  0.00   0.00e+00   0.00e+00   0.00e+00  0.8300  0.095   51.3   1.05    171
MS_1455.0+2232              4192   0.00   1.41  0.00  0.00  0.30  4.96  4.85  5.07  0.42  0.38  0.46   6.72e-03   6.65e-03   6.80e-03  0.00  0.00  0.00   0.00e+00   0.00e+00   0.00e+00  0.2590  0.614   96.3   1.19    354
MS_1621.5+2640               546   0.00   1.32  4.78  0.00 10.34  5.67  4.60  7.16  0.41  0.19  0.63   9.57e-04   8.62e-04   1.07e-03  0.00  0.00  0.00   0.00e+00   0.00e+00   0.00e+00  0.4260  0.078   75.2   0.94     79
MS_2053.7-0449              1667   0.00   1.28  0.00  0.00  9.19  4.86  3.50  6.18  0.07  0.00  0.41   4.18e-04   3.80e-04   5.20e-04  0.00  0.00  0.00   0.00e+00   0.00e+00   0.00e+00  0.5830  0.024   67.6   0.83     43
MS_2137.3-2353              4974   0.00   1.46  1.87  0.07  3.72  5.36  4.93  5.85  0.42  0.32  0.52   5.23e-03   5.02e-03   5.45e-03  0.00  0.00  0.00   0.00e+00   0.00e+00   0.00e+00  0.3130  0.652   79.3   1.04    186
OPHIUCHUS                   3200   0.00   3.00 33.45 33.17 33.74  8.90  8.75  9.04  0.39  0.37  0.41   1.16e-01   1.15e-01   1.16e-01  0.00  0.00  0.00   0.00e+00   0.00e+00   0.00e+00  0.0280 14.600   93.9   2.90    427
PKS_0745-191                 508   0.00   2.98 32.09 31.24 32.95 79.90 76.88 79.90  5.10  4.11  6.23   6.73e-02   6.24e-02   7.22e-02  0.00  0.00  0.00   0.00e+00   0.00e+00   0.00e+00  0.1028  9.095   91.2   2.04    400
PKS_0745-191                6103   0.00   4.11 38.94 37.66 40.23  7.37  7.02  7.74  0.40  0.35  0.45   5.87e-02   5.76e-02   5.98e-02  0.00  0.00  0.00   0.00e+00   0.00e+00   0.00e+00  0.1028  5.145   95.5   1.06    395
RBS_0797                    2202   0.00   1.36  0.00  0.00  1.77  7.15  6.50  7.76  0.31  0.21  0.41   8.18e-03   8.00e-03   8.50e-03  0.00  0.00  0.00   0.00e+00   0.00e+00   0.00e+00  0.3540  0.762   95.8   0.97    178
RDCS_1252-29                4198   0.00   0.38  0.00  0.00 13.40  5.12  3.37  7.44  1.19  0.44  3.08   7.12e-05   5.90e-05   9.98e-05  0.00  0.00  0.00   0.00e+00   0.00e+00   0.00e+00  1.2370  0.003   63.8   0.95     14
RX_J0439+0520                527   0.00   1.69  7.12  3.49 10.92  4.27  3.80  4.86  0.44  0.29  0.61   4.30e-03   3.98e-03   4.65e-03  0.00  0.00  0.00   0.00e+00   0.00e+00   0.00e+00  0.2080  0.427   90.4   0.83    117
RX_J0439.0+0715             1449   0.00   2.17  4.74  0.61  9.07  7.57  6.01 10.21  0.40  0.10  0.71   5.27e-03   4.89e-03   5.68e-03  0.00  0.00  0.00   0.00e+00   0.00e+00   0.00e+00  0.2400  0.582   88.4   1.33    112
RX_J0647.7+7015             3584   0.00   1.22  6.35  1.70 11.11 11.07  8.63 15.16  0.28  0.04  0.51   2.23e-03   2.06e-03   2.42e-03  0.00  0.00  0.00   0.00e+00   0.00e+00   0.00e+00  0.5840  0.146   88.5   0.92     82
RX_J0819.6+6336             2199   0.00   2.45  4.57  1.69  7.51  3.39  2.99  3.89  0.21  0.09  0.35   3.18e-03   2.89e-03   3.50e-03  0.00  0.00  0.00   0.00e+00   0.00e+00   0.00e+00  0.1190  0.472    6.2   1.16    138
RX_J0820.9+0752             1647   0.00   3.03  0.00  0.00  1.53 79.90 26.91 79.90 10.51  2.50 45.79   3.17e-03   0.00e+00   5.25e-03  0.00  0.00  0.00   0.00e+00   0.00e+00   0.00e+00  0.1100  0.826   26.0   1.21     73
RX_J0910+5422               2227   0.00   0.61  3.02  0.00 25.79  4.45  2.34  8.43  0.25  0.00  1.91   8.41e-05   5.94e-05   1.59e-04  0.00  0.00  0.00   0.00e+00   0.00e+00   0.00e+00  1.1000  0.003   45.6   0.44     12
RX_J1053+5735               4936   0.00   0.35  0.00  0.00 19.22  7.43  4.05 17.96  2.68  0.45  9.67   3.50e-05   0.00e+00   6.07e-05  0.00  0.00  0.00   0.00e+00   0.00e+00   0.00e+00  1.1400  0.003   37.0   0.94      8
RX_J1347.5-1145             3592   0.00   1.53  1.78  0.82  2.73 14.57 13.52 15.80  0.39  0.32  0.46   1.22e-02   1.20e-02   1.24e-02  0.00  0.00  0.00   0.00e+00   0.00e+00   0.00e+00  0.4510  0.987   97.1   1.21    385
RX_J1347.5-1145              507   0.00   1.53  3.62  2.10  5.15 14.38 12.41 17.14  0.56  0.40  0.73   1.26e-02   1.22e-02   1.30e-02  0.00  0.00  0.00   0.00e+00   0.00e+00   0.00e+00  0.4510  1.490   88.0   0.97    222
RX_J1350+6007               2229   0.00   0.50  0.00  0.00  9.98  3.51  2.57  5.42  0.46  0.00  2.08   1.39e-04   1.06e-04   1.86e-04  0.00  0.00  0.00   0.00e+00   0.00e+00   0.00e+00  0.8040  0.006   68.7   1.10     10
RX_J1423.8+2404             1657   0.00   1.02  4.60  0.47  9.03  5.83  4.94  6.93  0.41  0.25  0.58   2.50e-03   2.28e-03   2.76e-03  0.00  0.00  0.00   0.00e+00   0.00e+00   0.00e+00  0.5450  0.171   94.0   1.14     90
RX_J1423.8+2404             4195   0.00   1.02  0.07  0.00  1.28  6.41  6.03  6.68  0.45  0.39  0.52   2.45e-03   2.41e-03   2.52e-03  0.00  0.00  0.00   0.00e+00   0.00e+00   0.00e+00  0.5450  0.243   75.9   0.99    270
RX_J1504.1-0248             5793   0.00   2.28  6.58  5.88  7.27  6.64  6.44  6.85  0.40  0.37  0.43   2.89e-02   2.85e-02   2.92e-02  0.00  0.00  0.00   0.00e+00   0.00e+00   0.00e+00  0.2150  2.817   97.1   1.24    404
RX_J1525+0958               1664   0.00   0.76  0.00  0.00  4.18  4.18  3.51  4.92  0.69  0.37  1.09   3.41e-04   3.07e-04   3.81e-04  0.00  0.00  0.00   0.00e+00   0.00e+00   0.00e+00  0.5160  0.025   82.8   1.70     43
RX_J1532.9+3021             1649   0.00   1.27  0.00  0.00  1.29  5.84  5.40  6.28  0.39  0.28  0.51   7.02e-03   6.80e-03   7.27e-03  0.00  0.00  0.00   0.00e+00   0.00e+00   0.00e+00  0.3450  0.908   88.5   0.98    155
RX_J1532.9+3021             1665   0.00   1.27  0.00  0.00  1.21  5.28  4.93  5.68  0.53  0.40  0.66   6.80e-03   6.57e-03   7.06e-03  0.00  0.00  0.00   0.00e+00   0.00e+00   0.00e+00  0.3450  0.627   97.2   1.08    146
RX_J1716.9+6708              548   0.00   1.11  2.11  0.00  8.91  6.79  5.15  9.04  0.66  0.32  1.08   4.67e-04   4.12e-04   5.52e-04  0.00  0.00  0.00   0.00e+00   0.00e+00   0.00e+00  0.8100  0.029   65.2   0.83     56
RX_J1720.1+2638             4361   0.00   2.23  1.97  0.85  3.11  6.09  5.79  6.42  0.39  0.33  0.44   1.37e-02   1.34e-02   1.40e-02  0.00  0.00  0.00   0.00e+00   0.00e+00   0.00e+00  0.1640  1.529   95.8   1.11    335
RX_J1720.2+3536             3280   0.00   1.20  0.00  0.00  2.34  6.78  6.06  7.46  0.47  0.33  0.62   3.08e-03   2.99e-03   3.23e-03  0.00  0.00  0.00   0.00e+00   0.00e+00   0.00e+00  0.3913  0.275   93.9   1.21    143
RX_J2129.6+0005              552   0.00   2.37  0.00  0.00  1.21  6.38  5.91  6.90  0.47  0.33  0.61   7.18e-03   6.95e-03   7.44e-03  0.00  0.00  0.00   0.00e+00   0.00e+00   0.00e+00  0.2350  0.789   89.9   1.05    172
SERSIC_159-03               1668   0.00   2.93  1.21  0.22  2.23  2.44  2.36  2.52  0.34  0.30  0.38   2.32e-02   2.24e-02   2.41e-02  0.00  0.00  0.00   0.00e+00   0.00e+00   0.00e+00  0.0580  3.836   85.0   1.19    246
V_1121.0+2327               1660   0.00   1.02  0.00  0.00  3.41  4.33  3.65  5.16  0.36  0.11  0.64   3.75e-04   3.42e-04   4.13e-04  0.00  0.00  0.00   0.00e+00   0.00e+00   0.00e+00  0.5600  0.024   74.4   1.14     58
ZWCL_1215                   4184   0.00   3.25  0.00  0.00  1.60  7.09  6.51  7.57  0.35  0.24  0.46   1.11e-02   1.08e-02   1.15e-02  0.00  0.00  0.00   0.00e+00   0.00e+00   0.00e+00  0.0750  1.405   92.2   1.06    262
ZWCL_1358+6245               516   0.00   1.51  0.00  0.00  1.56  8.85  7.88  9.68  0.55  0.40  0.71   2.45e-03   2.40e-03   2.54e-03  0.00  0.00  0.00   0.00e+00   0.00e+00   0.00e+00  0.3280  0.343   69.6   0.98    200
ZWCL_1953                   1659   0.00   1.95  0.00  0.00  2.00  9.79  8.33 11.47  0.15  0.00  0.31   3.10e-03   3.00e-03   3.23e-03  0.00  0.00  0.00   0.00e+00   0.00e+00   0.00e+00  0.3800  0.275   82.7   0.84    161
ZWCL_3146                    909   0.00   2.19  0.00  0.00  0.28  6.96  6.74  7.19  0.34  0.29  0.38   1.13e-02   1.12e-02   1.15e-02  0.00  0.00  0.00   0.00e+00   0.00e+00   0.00e+00  0.2900  1.180   93.6   1.04    367
ZWCL_5247                    539   0.00   2.12  0.00  0.00  4.21  5.37  4.38  6.51  0.22  0.00  0.47   1.88e-03   1.81e-03   2.07e-03  0.00  0.00  0.00   0.00e+00   0.00e+00   0.00e+00  0.2290  0.197   77.8   0.93     62
ZWCL_7160                    543   0.00   2.07  0.52  0.00  3.23  4.69  4.24  5.09  0.40  0.29  0.51   7.00e-03   6.73e-03   7.42e-03  0.00  0.00  0.00   0.00e+00   0.00e+00   0.00e+00  0.2578  0.715   91.3   0.78    152
ZWICKY_2701                 3195   0.00   1.64  2.31  0.75  3.92  4.37  4.10  4.68  0.52  0.42  0.62   4.05e-03   3.88e-03   4.23e-03  0.00  0.00  0.00   0.00e+00   0.00e+00   0.00e+00  0.2100  0.599   76.4   0.88    198
