# Model: wabs(mekal+cutoffpl/b) for r2500-50 spectra; Fit Range = 2.0 - 7.0; Count Rates = 2.0 - 7.0 keV
# Nh frozen = no; Fe frozen = no; Confidence Levels = 2.71; Systematic error = 0.00
# Cluster                  ObsID    Rin   Rout  nh20   nlo   nhi    Tx   Tlo   Thi    Fe  Felo  Fehi       Norm     Normlo     Normhi   Tx2  Tlo2  Thi2      Norm2    Normlo2    Normhi2       z     Cr   Src%  chisq    dof
ABELL_1758                  2213   0.02   2.51  3.12  0.00 18.60  8.51  6.67 10.61  0.34  0.23  0.47   4.56e-03   4.37e-03   5.01e-03  0.00  0.00  0.00   0.00e+00   0.00e+00   0.00e+00  0.2792  0.303   58.3   0.99    282
CL_J0152-1357                913   0.22   1.70  0.00  0.00 20.47  5.02  3.31  6.76  0.10  0.00  0.37   7.91e-04   7.00e-04   1.11e-03  0.00  0.00  0.00   0.00e+00   0.00e+00   0.00e+00  0.8310  0.028   59.9   1.27     47
CL_J1113.1-2615              915   0.01   1.39 49.13 11.08 96.16  1.98  1.50  2.65  1.53  0.53  5.65   2.72e-04   1.00e-04   5.73e-04  0.00  0.00  0.00   0.00e+00   0.00e+00   0.00e+00  0.7300  0.007   55.3   1.10     53
CL_J2302.8+0844              918   0.01   1.64  0.00  0.00 17.94  5.04  3.09  7.33  0.09  0.00  0.41   2.72e-04   2.35e-04   3.68e-04  0.00  0.00  0.00   0.00e+00   0.00e+00   0.00e+00  0.7300  0.010   50.7   0.98     77
IRAS_09104+4109              509   0.01   1.98 21.87  0.00 86.35  5.73  2.56 10.23  0.71  0.31  1.42   3.07e-03   2.25e-03   5.57e-03  0.00  0.00  0.00   0.00e+00   0.00e+00   0.00e+00  0.4420  0.472   82.8   0.89    112
MS_0440.5+0204              4196   0.02   3.02 46.01  0.00 148.39  6.27  2.05 79.90  0.25  0.00  1.18   2.42e-03   1.70e-03   4.94e-03  0.00  0.00  0.00   0.00e+00   0.00e+00   0.00e+00  0.1900  0.325   46.9   1.07    148
RX_J0820.9+0752             1647   0.04   3.03 19.65  0.00 335.95  5.45  1.00 79.90  0.00  0.00  3.29   3.15e-03   2.29e-03   3.10e-02  0.00  0.00  0.00   0.00e+00   0.00e+00   0.00e+00  0.1100  0.283   57.5   0.62     36
