# Model: wabs(mekal+cutoffpl/b) for robs-70 spectra; Fit Range = 0.7 - 7.0; Count Rates = 0.7 - 7.0 keV
# Nh frozen = yes; Fe frozen = no; Confidence Levels = 2.71; Systematic error = 0.00
# Cluster                  ObsID    Rin   Rout  nh20   nlo   nhi    Tx   Tlo   Thi    Fe  Felo  Fehi       Norm     Normlo     Normhi   Tx2  Tlo2  Thi2      Norm2    Normlo2    Normhi2       z     Cr   Src%  chisq    dof
ABELL_1758                  2213   0.02   2.82  1.09  0.00  0.00  6.84  6.22  7.60  0.30  0.21  0.40   4.91e-03   4.81e-03   5.01e-03  0.00  0.00  0.00   0.00e+00   0.00e+00   0.00e+00  0.2792  0.734   54.1   0.92    361
CL_J0152-1357                913   0.01   0.52  1.45  0.00  0.00  5.25  2.14 11.74  0.28  0.00  3.26   1.09e-04   6.23e-05   1.63e-04  0.00  0.00  0.00   0.00e+00   0.00e+00   0.00e+00  0.8310  0.005   70.1   3.52      4
CL_J1113.1-2615              915   0.02   0.48  5.51  0.00  0.00  3.55  2.60  4.90  0.78  0.24  2.36   9.89e-05   6.24e-05   1.19e-04  0.00  0.00  0.00   0.00e+00   0.00e+00   0.00e+00  0.7300  0.005   72.0   0.57     17
CL_J2302.8+0844              918   0.02   0.69  5.05  0.00  0.00  5.36  3.70  6.98  0.19  0.00  0.55   1.59e-04   1.43e-04   1.80e-04  0.00  0.00  0.00   0.00e+00   0.00e+00   0.00e+00  0.7300  0.009   65.4   0.64     38
IRAS_09104+4109              509   0.02   0.90  1.36  0.00  0.00  9.57  6.84 14.78  1.37  0.55  2.49   1.27e-03   1.09e-03   1.45e-03  0.00  0.00  0.00   0.00e+00   0.00e+00   0.00e+00  0.4420  0.253   88.4   1.06     58
MS_0440.5+0204              4196   0.03   0.69  9.10  0.00  0.00  5.14  3.11 12.24  0.44  0.00  1.37   4.79e-04   3.98e-04   5.57e-04  0.00  0.00  0.00   0.00e+00   0.00e+00   0.00e+00  0.1900  0.076   72.3   1.21     31
RX_J0820.9+0752             1647   0.06   1.15  2.37  0.00  0.00  6.77  1.89 12.18  4.97  0.16 54.55   3.87e-04   7.77e-05   7.36e-04  0.00  0.00  0.00   0.00e+00   0.00e+00   0.00e+00  0.1100  0.134   68.7   1.02     13
