# Model: wabs(mekal) for r2500 spectra; Fit Range = 2.0 - 7.0; Count Rates = 2.0 - 7.0 keV
# Nh frozen = yes; Fe frozen = no; Confidence Levels = 2.71; Systematic error = 0.00
# Cluster                  ObsID    Rin   Rout  nh20   nlo   nhi    Tx   Tlo   Thi    Fe  Felo  Fehi       Norm     Normlo     Normhi   Tx2  Tlo2  Thi2      Norm2    Normlo2    Normhi2       z     Cr   Src%  chisq    dof
1RXS_J2129.4-0741           3595   0.00   1.69  4.36  0.00  0.00  9.04  7.41 11.48  0.41  0.19  0.65   2.03e-03   1.88e-03   2.18e-03  0.00  0.00  0.00   0.00e+00   0.00e+00   0.00e+00  0.5700  0.097   71.1   1.02     69
3C_220.1                     839   0.00   1.46  1.91  0.00  0.00  8.33  5.67 13.55  0.00  0.00  0.19   8.72e-04   7.85e-04   9.84e-04  0.00  0.00  0.00   0.00e+00   0.00e+00   0.00e+00  0.6100  0.047   68.3   1.05     39
3C_28.0                     3233   0.00   2.30  5.71  0.00  0.00  5.39  5.00  5.83  0.22  0.15  0.29   4.58e-03   4.43e-03   4.75e-03  0.00  0.00  0.00   0.00e+00   0.00e+00   0.00e+00  0.1952  0.197   83.2   0.94    231
3C_295                      2254   0.00   1.64  1.35  0.00  0.00  5.82  5.30  6.44  0.43  0.33  0.54   1.53e-03   1.47e-03   1.60e-03  0.00  0.00  0.00   0.00e+00   0.00e+00   0.00e+00  0.4641  0.072   85.1   1.22    159
3C_388                      5295   0.00   4.10  6.11  0.00  0.00  3.38  3.06  3.78  0.82  0.56  1.13   2.70e-03   2.45e-03   2.99e-03  0.00  0.00  0.00   0.00e+00   0.00e+00   0.00e+00  0.0917  0.109   73.2   0.97    147
4C_55.16                    4940   0.00   2.02  4.00  0.00  0.00  4.54  4.31  4.78  0.48  0.41  0.55   4.42e-03   4.30e-03   4.54e-03  0.00  0.00  0.00   0.00e+00   0.00e+00   0.00e+00  0.2420  0.215   58.1   0.94    272
ABELL_0068                  3250   0.00   3.01  4.60  0.00  0.00  7.83  6.45  9.80  0.36  0.17  0.57   4.79e-03   4.46e-03   5.15e-03  0.00  0.00  0.00   0.00e+00   0.00e+00   0.00e+00  0.2546  0.234   70.3   0.98     90
ABELL_0085                   904   0.00   4.81  3.65  0.00  0.00  6.34  6.17  6.52  0.49  0.46  0.52   4.74e-02   4.68e-02   4.80e-02  0.00  0.00  0.00   0.00e+00   0.00e+00   0.00e+00  0.0558  2.187   95.3   1.21    345
ABELL_0133                  2203   0.00   2.57  1.56  0.00  0.00  3.77  3.59  3.96  0.66  0.57  0.75   1.17e-02   1.13e-02   1.21e-02  0.00  0.00  0.00   0.00e+00   0.00e+00   0.00e+00  0.0558  0.548   84.4   1.11    263
ABELL_0267                  3580   0.00   2.67  2.74  0.00  0.00  8.40  7.13 10.05  0.30  0.15  0.45   4.33e-03   4.12e-03   4.57e-03  0.00  0.00  0.00   0.00e+00   0.00e+00   0.00e+00  0.2300  0.214   76.1   1.09    136
ABELL_0370                   515   0.00   1.96  3.37  0.00  0.00 19.40 14.69 26.47  0.44  0.23  0.65   2.47e-03   2.38e-03   2.58e-03  0.00  0.00  0.00   0.00e+00   0.00e+00   0.00e+00  0.3747  0.157   75.1   1.07    237
ABELL_0383                  2321   0.00   2.39  4.07  0.00  0.00  4.86  4.44  5.34  0.57  0.44  0.70   6.09e-03   5.81e-03   6.40e-03  0.00  0.00  0.00   0.00e+00   0.00e+00   0.00e+00  0.1871  0.321   71.2   1.04    163
ABELL_0399                  3230   0.00   6.65 11.51  0.00  0.00  7.36  6.98  7.78  0.12  0.07  0.17   2.08e-02   2.05e-02   2.12e-02  0.00  0.00  0.00   0.00e+00   0.00e+00   0.00e+00  0.0716  0.899   73.0   1.31    346
ABELL_0478                  1669   0.00   3.39 30.90  0.00  0.00  7.01  6.85  7.18  0.35  0.33  0.37   6.79e-02   6.73e-02   6.84e-02  0.00  0.00  0.00   0.00e+00   0.00e+00   0.00e+00  0.0883  3.394   89.1   1.16    350
ABELL_0478                  6102   0.00   5.95 30.90  0.00  0.00  7.30  6.93  7.70  0.42  0.37  0.48   6.87e-02   6.74e-02   7.00e-02  0.00  0.00  0.00   0.00e+00   0.00e+00   0.00e+00  0.0883  3.168   89.6   0.93    332
ABELL_0496                  3361   0.00   2.46  4.57  0.00  0.00  4.39  4.15  4.66  0.64  0.55  0.74   3.05e-02   2.94e-02   3.15e-02  0.00  0.00  0.00   0.00e+00   0.00e+00   0.00e+00  0.0328  1.505   93.8   0.93    238
ABELL_0520                  4215   0.00   3.08  7.84  0.00  0.00  8.59  8.01  9.26  0.26  0.19  0.33   7.06e-03   6.92e-03   7.21e-03  0.00  0.00  0.00   0.00e+00   0.00e+00   0.00e+00  0.2020  0.338   79.4   1.11    321
ABELL_0521                   430   0.00   2.48  6.17  0.00  0.00  7.65  6.61  8.98  0.37  0.24  0.52   3.95e-03   3.78e-03   4.14e-03  0.00  0.00  0.00   0.00e+00   0.00e+00   0.00e+00  0.2533  0.222   44.0   1.22    173
ABELL_0576                  3289   0.00   3.85  5.57  0.00  0.00  3.85  3.64  4.08  0.30  0.22  0.39   1.28e-02   1.24e-02   1.33e-02  0.00  0.00  0.00   0.00e+00   0.00e+00   0.00e+00  0.0385  0.523   55.1   0.92    263
ABELL_0586                   530   0.00   3.82  5.40  0.00  0.00  7.51  6.53  8.76  0.53  0.36  0.71   7.70e-03   7.30e-03   8.12e-03  0.00  0.00  0.00   0.00e+00   0.00e+00   0.00e+00  0.1710  0.387   81.4   0.81    133
ABELL_0611                  3194   0.00   2.25  4.99  0.00  0.00  7.85  7.04  8.81  0.35  0.25  0.46   4.01e-03   3.87e-03   4.16e-03  0.00  0.00  0.00   0.00e+00   0.00e+00   0.00e+00  0.2880  0.229   57.8   0.99    192
ABELL_0644                  2211   0.00   6.38  6.31  0.00  0.00  7.37  7.06  7.70  0.31  0.27  0.36   3.96e-02   3.90e-02   4.02e-02  0.00  0.00  0.00   0.00e+00   0.00e+00   0.00e+00  0.0698  1.830   85.5   1.34    342
ABELL_0665                  3586   0.00   3.56  4.24  0.00  0.00  8.57  7.87  9.38  0.24  0.16  0.32   1.01e-02   9.83e-03   1.04e-02  0.00  0.00  0.00   0.00e+00   0.00e+00   0.00e+00  0.1810  0.488   81.9   0.98    277
ABELL_0697                  4217   0.00   2.66  3.34  0.00  0.00 11.63 10.13 13.58  0.36  0.22  0.51   7.30e-03   7.04e-03   7.55e-03  0.00  0.00  0.00   0.00e+00   0.00e+00   0.00e+00  0.2820  0.377   84.4   0.98    194
ABELL_0773                  5006   0.00   3.13  1.46  0.00  0.00  8.67  7.61 10.04  0.32  0.19  0.45   6.29e-03   6.03e-03   6.56e-03  0.00  0.00  0.00   0.00e+00   0.00e+00   0.00e+00  0.2170  0.313   76.6   1.18    183
ABELL_0781                   534   0.00   2.79  1.90  0.00  0.00  5.89  4.59  7.78  0.34  0.09  0.61   2.51e-03   2.25e-03   2.81e-03  0.00  0.00  0.00   0.00e+00   0.00e+00   0.00e+00  0.2984  0.115   69.7   1.54     50
ABELL_0907                  3185   0.00   3.19  5.69  0.00  0.00  5.72  5.43  6.03  0.41  0.35  0.47   8.97e-03   8.76e-03   9.19e-03  0.00  0.00  0.00   0.00e+00   0.00e+00   0.00e+00  0.1527  0.409   84.8   1.10    304
ABELL_0963                   903   0.00   2.87  1.39  0.00  0.00  6.98  6.46  7.57  0.38  0.30  0.46   7.06e-03   6.87e-03   7.27e-03  0.00  0.00  0.00   0.00e+00   0.00e+00   0.00e+00  0.2056  0.398   67.2   1.02    267
ABELL_1060                  2220   0.00   3.66  4.96  0.00  0.00  3.71  3.56  3.88  0.41  0.34  0.47   1.87e-02   1.81e-02   1.92e-02  0.00  0.00  0.00   0.00e+00   0.00e+00   0.00e+00  0.0125  0.650   93.9   1.24    277
ABELL_1068                  1652   0.00   3.05  0.71  0.00  0.00  4.56  4.29  4.87  0.30  0.24  0.37   1.05e-02   1.02e-02   1.09e-02  0.00  0.00  0.00   0.00e+00   0.00e+00   0.00e+00  0.1375  0.500   75.6   0.99    245
ABELL_1201                  4216   0.00   2.75  1.85  0.00  0.00  6.22  5.43  7.21  0.34  0.21  0.47   4.19e-03   3.96e-03   4.42e-03  0.00  0.00  0.00   0.00e+00   0.00e+00   0.00e+00  0.1688  0.226   47.7   1.08    170
ABELL_1204                  2205   0.00   2.52  1.44  0.00  0.00  3.84  3.59  4.13  0.31  0.22  0.42   7.67e-03   7.33e-03   8.04e-03  0.00  0.00  0.00   0.00e+00   0.00e+00   0.00e+00  0.1706  0.285   88.8   1.16    174
ABELL_1361                  2200   0.00   2.94  2.18  0.00  0.00  4.90  3.77  6.82  0.26  0.00  0.56   6.92e-03   6.00e-03   8.01e-03  0.00  0.00  0.00   0.00e+00   0.00e+00   0.00e+00  0.1171  0.336   64.3   0.91     43
ABELL_1413                  5003   0.00   2.79  2.19  0.00  0.00  8.40  8.00  8.85  0.33  0.29  0.38   1.26e-02   1.24e-02   1.28e-02  0.00  0.00  0.00   0.00e+00   0.00e+00   0.00e+00  0.1426  0.540   90.2   0.97    334
ABELL_1423                   538   0.00   3.17  1.60  0.00  0.00  6.32  5.25  7.84  0.36  0.17  0.57   4.26e-03   3.93e-03   4.61e-03  0.00  0.00  0.00   0.00e+00   0.00e+00   0.00e+00  0.2130  0.199   77.6   0.77     77
ABELL_1650                  4178   0.00   2.94  1.62  0.00  0.00  6.11  5.80  6.47  0.39  0.33  0.45   1.81e-02   1.77e-02   1.86e-02  0.00  0.00  0.00   0.00e+00   0.00e+00   0.00e+00  0.0843  0.937   79.7   0.96    296
ABELL_1651                  4185   0.00   6.31  2.02  0.00  0.00  6.74  6.16  7.44  0.32  0.23  0.42   2.46e-02   2.38e-02   2.54e-02  0.00  0.00  0.00   0.00e+00   0.00e+00   0.00e+00  0.0840  1.149   81.1   1.22    257
ABELL_1664                  1648   0.00   2.94  8.47  0.00  0.00  4.10  3.68  4.59  0.21  0.10  0.34   9.26e-03   8.68e-03   9.91e-03  0.00  0.00  0.00   0.00e+00   0.00e+00   0.00e+00  0.1276  0.400   61.0   1.06    123
ABELL_1682                  3244   0.00   3.10  1.10  0.00  0.00  8.28  5.52 14.27  0.40  0.00  0.93   3.34e-03   2.91e-03   3.85e-03  0.00  0.00  0.00   0.00e+00   0.00e+00   0.00e+00  0.2260  0.167   46.7   1.28     49
ABELL_1689                  5004   0.00   3.87  1.87  0.00  0.00 11.49 10.53 12.66  0.41  0.32  0.51   1.88e-02   1.84e-02   1.92e-02  0.00  0.00  0.00   0.00e+00   0.00e+00   0.00e+00  0.1843  0.979   88.3   1.12    307
ABELL_1758                  2213   0.00   2.51  1.09  0.00  0.00 17.31 14.07 22.11  0.47  0.27  0.64   4.85e-03   4.70e-03   5.03e-03  0.00  0.00  0.00   0.00e+00   0.00e+00   0.00e+00  0.2792  0.296   47.4   1.12    285
ABELL_1763                  3591   0.00   3.17  0.82  0.00  0.00  9.77  8.33 11.75  0.18  0.03  0.32   5.90e-03   5.66e-03   6.15e-03  0.00  0.00  0.00   0.00e+00   0.00e+00   0.00e+00  0.1866  0.292   77.5   0.98    176
ABELL_1795                  5289   0.00   6.58  1.22  0.00  0.00  6.28  6.02  6.56  0.34  0.30  0.39   5.94e-02   5.84e-02   6.05e-02  0.00  0.00  0.00   0.00e+00   0.00e+00   0.00e+00  0.0625  2.694   94.2   1.11    332
ABELL_1835                   495   0.00   2.64  2.36  0.00  0.00  8.93  8.33  9.63  0.30  0.24  0.36   1.80e-02   1.76e-02   1.83e-02  0.00  0.00  0.00   0.00e+00   0.00e+00   0.00e+00  0.2532  1.048   89.3   1.04    286
ABELL_1914                  3593   0.00   4.00  0.97  0.00  0.00 11.38 10.38 12.57  0.36  0.27  0.45   1.89e-02   1.85e-02   1.93e-02  0.00  0.00  0.00   0.00e+00   0.00e+00   0.00e+00  0.1712  0.976   92.5   1.00    290
ABELL_1942                  3290   0.00   2.37  2.75  0.00  0.00  4.48  3.94  5.15  0.24  0.09  0.40   1.50e-03   1.40e-03   1.63e-03  0.00  0.00  0.00   0.00e+00   0.00e+00   0.00e+00  0.2240  0.057   55.9   1.22    128
ABELL_1991                  3193   0.00   2.88  2.43  0.00  0.00  2.36  2.27  2.45  0.58  0.46  0.71   8.75e-03   8.25e-03   9.29e-03  0.00  0.00  0.00   0.00e+00   0.00e+00   0.00e+00  0.0565  0.293   67.9   1.25    227
ABELL_2029                  4977   0.00   3.00  3.26  0.00  0.00  7.46  7.33  7.60  0.43  0.41  0.45   5.76e-02   5.73e-02   5.80e-02  0.00  0.00  0.00   0.00e+00   0.00e+00   0.00e+00  0.0765  3.153   92.1   2.66    348
ABELL_2029                  6101   0.00   6.68  3.26  0.00  0.00  9.01  8.48  9.62  0.39  0.33  0.46   6.78e-02   6.67e-02   6.90e-02  0.00  0.00  0.00   0.00e+00   0.00e+00   0.00e+00  0.0765  3.373   89.8   1.05    334
ABELL_2034                  2204   0.00   4.91  1.58  0.00  0.00  8.45  7.88  9.09  0.16  0.10  0.23   1.15e-02   1.13e-02   1.17e-02  0.00  0.00  0.00   0.00e+00   0.00e+00   0.00e+00  0.1130  0.538   76.7   1.12    339
ABELL_2069                  4965   0.00   4.95  1.97  0.00  0.00  8.59  7.76  9.61  0.26  0.16  0.36   6.77e-03   6.57e-03   6.98e-03  0.00  0.00  0.00   0.00e+00   0.00e+00   0.00e+00  0.1160  0.308   71.6   0.94    314
ABELL_2104                   895   0.00   2.45 14.93  0.00  0.00  8.49  7.91  9.17  0.39  0.32  0.47   7.43e-03   7.27e-03   7.59e-03  0.00  0.00  0.00   0.00e+00   0.00e+00   0.00e+00  0.1554  0.425   70.4   1.03    300
ABELL_2111                   544   0.00   2.90  2.20  0.00  0.00  8.74  6.36 12.79  0.00  0.00  0.27   2.68e-03   2.45e-03   2.93e-03  0.00  0.00  0.00   0.00e+00   0.00e+00   0.00e+00  0.2300  0.123   73.0   0.91     56
ABELL_2124                  3238   0.00   2.77  1.71  0.00  0.00  4.66  4.01  5.57  0.36  0.17  0.57   3.41e-03   3.15e-03   3.70e-03  0.00  0.00  0.00   0.00e+00   0.00e+00   0.00e+00  0.0658  0.165   45.3   1.38    122
ABELL_2125                  2207   0.00   1.60  2.75  0.00  0.00  3.73  3.11  4.63  0.30  0.05  0.61   4.95e-04   4.36e-04   5.61e-04  0.00  0.00  0.00   0.00e+00   0.00e+00   0.00e+00  0.2465  0.018   62.7   1.25     73
ABELL_2147                  3211   0.00   7.77  3.38  0.00  0.00  4.39  4.08  4.74  0.09  0.01  0.18   1.86e-02   1.79e-02   1.95e-02  0.00  0.00  0.00   0.00e+00   0.00e+00   0.00e+00  0.0356  0.653   66.9   1.09    287
ABELL_2163                  1653   0.00   4.54 12.04  0.00  0.00 18.39 17.20 19.73  0.02  0.00  0.07   2.76e-02   2.73e-02   2.77e-02  0.00  0.00  0.00   0.00e+00   0.00e+00   0.00e+00  0.1695  1.275   84.6   1.36    358
ABELL_2199                   497   0.00   2.89  0.88  0.00  0.00  4.13  4.00  4.27  0.37  0.32  0.41   4.76e-02   4.67e-02   4.86e-02  0.00  0.00  0.00   0.00e+00   0.00e+00   0.00e+00  0.0300  2.149   92.7   1.50    305
ABELL_2204                   499   0.00   3.09  5.84  0.00  0.00  7.35  6.89  7.85  0.40  0.33  0.47   3.15e-02   3.08e-02   3.22e-02  0.00  0.00  0.00   0.00e+00   0.00e+00   0.00e+00  0.1524  1.792   88.2   1.07    264
ABELL_2204                  6104   0.00   4.27  5.84  0.00  0.00  8.01  7.43  8.69  0.44  0.36  0.52   3.00e-02   2.92e-02   3.08e-02  0.00  0.00  0.00   0.00e+00   0.00e+00   0.00e+00  0.1524  1.525   92.9   0.99    272
ABELL_2218                  1666   0.00   3.34  3.12  0.00  0.00  8.55  7.84  9.43  0.11  0.03  0.18   7.21e-03   7.02e-03   7.39e-03  0.00  0.00  0.00   0.00e+00   0.00e+00   0.00e+00  0.1713  0.339   81.4   0.93    282
ABELL_2219                   896   0.00   2.99  1.76  0.00  0.00 12.45 11.54 13.52  0.28  0.21  0.35   1.44e-02   1.42e-02   1.47e-02  0.00  0.00  0.00   0.00e+00   0.00e+00   0.00e+00  0.2256  0.866   75.8   1.00    334
ABELL_2244                  4179   0.00   2.96  2.09  0.00  0.00  5.63  5.44  5.83  0.32  0.28  0.36   1.82e-02   1.79e-02   1.85e-02  0.00  0.00  0.00   0.00e+00   0.00e+00   0.00e+00  0.0967  0.912   77.3   1.07    333
ABELL_2255                   894   0.00   6.29  2.53  0.00  0.00 18.48 16.18 21.79  1.85  1.65  2.12   1.35e-02   1.31e-02   1.38e-02  0.00  0.00  0.00   0.00e+00   0.00e+00   0.00e+00  0.0805  0.832  100.0   2.24    343
ABELL_2259                  3245   0.00   2.97  3.70  0.00  0.00  5.44  4.75  6.34  0.29  0.15  0.44   6.20e-03   5.78e-03   6.66e-03  0.00  0.00  0.00   0.00e+00   0.00e+00   0.00e+00  0.1640  0.269   79.4   1.04     97
ABELL_2261                  5007   0.00   2.88  3.31  0.00  0.00  8.38  7.68  9.22  0.37  0.29  0.46   9.39e-03   9.13e-03   9.66e-03  0.00  0.00  0.00   0.00e+00   0.00e+00   0.00e+00  0.2240  0.467   86.7   0.93    251
ABELL_2294                  3246   0.00   3.34  6.10  0.00  0.00  8.88  7.49 10.95  0.39  0.21  0.58   7.15e-03   6.76e-03   7.55e-03  0.00  0.00  0.00   0.00e+00   0.00e+00   0.00e+00  0.1780  0.359   75.2   0.95    126
ABELL_2319                  3231   0.00   7.77  9.05  0.00  0.00 11.35 10.63 12.15  0.24  0.18  0.30   7.81e-02   7.71e-02   7.92e-02  0.00  0.00  0.00   0.00e+00   0.00e+00   0.00e+00  0.0562  3.731   89.1   1.25    342
ABELL_2384                  4202   0.00   4.19  2.99  0.00  0.00  4.78  4.42  5.20  0.12  0.05  0.21   7.54e-03   7.23e-03   7.86e-03  0.00  0.00  0.00   0.00e+00   0.00e+00   0.00e+00  0.0945  0.291   75.2   1.07    243
ABELL_2390                  4193   0.00   2.87  6.71  0.00  0.00  9.73  9.36 10.12  0.36  0.32  0.40   1.59e-02   1.57e-02   1.60e-02  0.00  0.00  0.00   0.00e+00   0.00e+00   0.00e+00  0.2301  0.911   70.5   1.06    363
ABELL_2409                  3247   0.00   3.42  6.72  0.00  0.00  5.92  5.29  6.70  0.42  0.29  0.55   9.33e-03   8.84e-03   9.83e-03  0.00  0.00  0.00   0.00e+00   0.00e+00   0.00e+00  0.1479  0.416   83.3   0.99    137
ABELL_2537                  4962   0.00   2.11  4.26  0.00  0.00  7.54  6.74  8.54  0.43  0.32  0.55   3.24e-03   3.11e-03   3.37e-03  0.00  0.00  0.00   0.00e+00   0.00e+00   0.00e+00  0.2950  0.186   49.2   0.97    188
ABELL_2550                  2225   0.00   2.26  2.03  0.00  0.00  1.95  1.73  2.26  0.08  0.00  0.29   1.77e-03   1.50e-03   2.08e-03  0.00  0.00  0.00   0.00e+00   0.00e+00   0.00e+00  0.1543  0.037   26.6   1.13    121
ABELL_2554                  1696   0.00   3.69  2.04  0.00  0.00  5.27  4.53  6.29  0.07  0.00  0.24   4.10e-03   3.81e-03   4.40e-03  0.00  0.00  0.00   0.00e+00   0.00e+00   0.00e+00  0.1103  0.187   22.8   1.18    164
ABELL_2556                  2226   0.00   3.90  2.02  0.00  0.00  3.29  3.05  3.56  0.39  0.26  0.53   9.68e-03   9.16e-03   1.02e-02  0.00  0.00  0.00   0.00e+00   0.00e+00   0.00e+00  0.0862  0.366   50.3   1.08    212
ABELL_2589                  3210   0.00   2.38  3.98  0.00  0.00 11.30  8.99 15.32  2.42  1.51  3.81   8.16e-03   7.02e-03   9.26e-03  0.00  0.00  0.00   0.00e+00   0.00e+00   0.00e+00  0.0415  0.651   75.5   1.68     58
ABELL_2597                   922   0.00   1.13  2.51  0.00  0.00  3.75  3.57  3.95  0.39  0.32  0.46   1.46e-02   1.41e-02   1.51e-02  0.00  0.00  0.00   0.00e+00   0.00e+00   0.00e+00  0.0854  0.635   96.8   0.93    223
ABELL_2626                  3192   0.00   3.10  4.30  0.00  0.00  2.78  2.65  2.93  0.57  0.45  0.72   1.02e-02   9.59e-03   1.08e-02  0.00  0.00  0.00   0.00e+00   0.00e+00   0.00e+00  0.0573  0.385   51.9   0.96    209
ABELL_2634                  4816   0.00   2.21  5.07  0.00  0.00  3.21  2.91  3.58  0.52  0.32  0.76   2.06e-03   1.89e-03   2.26e-03  0.00  0.00  0.00   0.00e+00   0.00e+00   0.00e+00  0.0314  0.085   41.1   0.87    165
ABELL_2667                  2214   0.00   2.58  1.64  0.00  0.00  6.43  5.80  7.20  0.34  0.24  0.44   1.15e-02   1.10e-02   1.20e-02  0.00  0.00  0.00   0.00e+00   0.00e+00   0.00e+00  0.2300  0.630   74.3   0.99    161
ABELL_2670                  4959   0.00   5.20  2.88  0.00  0.00  3.59  3.37  3.85  0.12  0.03  0.22   9.05e-03   8.64e-03   9.49e-03  0.00  0.00  0.00   0.00e+00   0.00e+00   0.00e+00  0.0763  0.293   58.1   1.41    288
ABELL_2744                  2212   0.00   2.57  1.82  0.00  0.00  9.15  8.22 10.26  0.21  0.12  0.31   7.02e-03   6.81e-03   7.24e-03  0.00  0.00  0.00   0.00e+00   0.00e+00   0.00e+00  0.3080  0.389   58.6   1.02    217
ABELL_3112                  2516   0.00   3.00  2.50  0.00  0.00  5.10  4.82  5.40  0.62  0.54  0.70   2.33e-02   2.26e-02   2.40e-02  0.00  0.00  0.00   0.00e+00   0.00e+00   0.00e+00  0.0720  1.222   85.4   1.10    271
ABELL_3158                  3201   0.00   7.08  1.60  0.00  0.00  5.17  4.93  5.44  0.25  0.19  0.30   2.80e-02   2.73e-02   2.87e-02  0.00  0.00  0.00   0.00e+00   0.00e+00   0.00e+00  0.0580  1.136   78.3   1.24    333
ABELL_3266                   899   0.00   3.80  1.72  0.00  0.00 14.76 13.29 16.74  0.58  0.47  0.70   1.70e-02   1.67e-02   1.74e-02  0.00  0.00  0.00   0.00e+00   0.00e+00   0.00e+00  0.0590  0.826  100.0   1.11    304
ABELL_3558                  1646   0.00   3.03  3.84  0.00  0.00  6.72  6.19  7.31  0.49  0.39  0.59   2.00e-02   1.93e-02   2.07e-02  0.00  0.00  0.00   0.00e+00   0.00e+00   0.00e+00  0.0480  1.090   82.2   1.02    245
ABELL_3562                  4167   0.00   5.41  3.90  0.00  0.00  4.65  4.34  5.00  0.22  0.14  0.31   1.50e-02   1.44e-02   1.56e-02  0.00  0.00  0.00   0.00e+00   0.00e+00   0.00e+00  0.0490  0.574   76.7   1.25    264
ABELL_3571                  4203   0.00   2.17  4.66  0.00  0.00  7.58  7.26  7.93  0.41  0.37  0.46   2.74e-02   2.70e-02   2.78e-02  0.00  0.00  0.00   0.00e+00   0.00e+00   0.00e+00  0.0391  1.521   90.5   1.25    330
ABELL_3667                  5751   0.00   6.11  5.45  0.00  0.00  7.58  7.39  7.77  0.35  0.32  0.38   3.42e-02   3.39e-02   3.45e-02  0.00  0.00  0.00   0.00e+00   0.00e+00   0.00e+00  0.0556  1.458   88.2   1.04    346
ABELL_4038                  4992   0.00   8.00  1.57  0.00  0.00  2.87  2.80  2.95  0.24  0.19  0.29   4.25e-02   4.14e-02   4.37e-02  0.00  0.00  0.00   0.00e+00   0.00e+00   0.00e+00  0.0300  1.214   76.5   1.82    340
AC_114                      1562   0.00   2.18  1.44  0.00  0.00  8.44  7.59  9.48  0.25  0.16  0.35   2.93e-03   2.84e-03   3.03e-03  0.00  0.00  0.00   0.00e+00   0.00e+00   0.00e+00  0.3120  0.164   56.5   1.07    264
CL_0024+17                   929   0.00   1.55  4.36  0.00  0.00 16.65 10.37 40.47  1.22  0.38  3.11   4.99e-04   4.23e-04   5.71e-04  0.00  0.00  0.00   0.00e+00   0.00e+00   0.00e+00  0.3940  0.035   38.6   0.99     63
CL_1221+4918                1662   0.00   1.41  1.44  0.00  0.00  5.35  4.44  6.54  0.31  0.14  0.50   6.35e-04   5.81e-04   6.98e-04  0.00  0.00  0.00   0.00e+00   0.00e+00   0.00e+00  0.7000  0.024   43.0   0.97     77
CL_J0030+2618               5762   0.00   2.06  4.10  0.00  0.00  6.92  3.30 15.59  0.00  0.00  1.18   5.26e-04   4.28e-04   6.87e-04  0.00  0.00  0.00   0.00e+00   0.00e+00   0.00e+00  0.5000  0.021   38.7   1.32     20
CL_J0152-1357                913   0.00   1.70  1.45  0.00  0.00  5.25  3.90  6.78  0.00  0.00  0.23   8.31e-04   7.40e-04   9.57e-04  0.00  0.00  0.00   0.00e+00   0.00e+00   0.00e+00  0.8310  0.029   60.0   1.11     49
CL_J0542.8-4100              914   0.00   1.42  3.59  0.00  0.00  6.37  5.01  8.31  0.22  0.00  0.45   6.29e-04   5.72e-04   6.92e-04  0.00  0.00  0.00   0.00e+00   0.00e+00   0.00e+00  0.6300  0.027   67.3   0.87     56
CL_J0848+4456                927   0.00   0.78  2.53  0.00  0.00  3.70  2.63  5.38  0.00  0.00  0.44   1.07e-04   8.56e-05   1.38e-04  0.00  0.00  0.00   0.00e+00   0.00e+00   0.00e+00  0.5740  0.003   59.8   0.48     19
CL_J1113.1-2615              915   0.00   1.39  5.51  0.00  0.00  3.78  2.83  5.23  0.71  0.28  1.18   2.31e-04   1.91e-04   2.71e-04  0.00  0.00  0.00   0.00e+00   0.00e+00   0.00e+00  0.7300  0.009   61.0   1.22     59
CL_J1213+0253               4934   0.00   1.11  1.78  0.00  0.00  4.88  2.52 12.46  0.00  0.00  1.01   2.87e-04   2.08e-04   4.45e-04  0.00  0.00  0.00   0.00e+00   0.00e+00   0.00e+00  0.4090  0.009   53.3   1.26      7
CL_J1226.9+3332              932   0.00   1.53  1.37  0.00  0.00  7.78  5.26 12.40  0.25  0.00  0.77   1.48e-03   1.26e-03   1.70e-03  0.00  0.00  0.00   0.00e+00   0.00e+00   0.00e+00  0.8900  0.070   28.1   0.66     23
CL_J1641+4001               3575   0.00   0.66  1.09  0.00  0.00  5.23  3.62  8.57  0.21  0.00  0.67   2.42e-04   2.00e-04   2.91e-04  0.00  0.00  0.00   0.00e+00   0.00e+00   0.00e+00  0.4640  0.010   76.9   0.91     15
CL_J2302.8+0844              918   0.00   1.64  5.05  0.00  0.00 79.90 73.52 79.90  0.54  0.00  1.90   5.30e-04   4.62e-04   5.77e-04  0.00  0.00  0.00   0.00e+00   0.00e+00   0.00e+00  0.7300  0.025  100.0   3.30     79
CYGNUS_A                     360   0.00   2.39 35.23  0.00  0.00  6.40  6.18  6.61  0.56  0.52  0.60   3.67e-02   3.62e-02   3.72e-02  0.00  0.00  0.00   0.00e+00   0.00e+00   0.00e+00  0.0561  1.932   88.9   1.82    339
ESO_3060170                 3189   0.00   5.29  3.43  0.00  0.00  2.45  2.26  2.68  0.20  0.03  0.38   1.06e-02   9.49e-03   1.18e-02  0.00  0.00  0.00   0.00e+00   0.00e+00   0.00e+00  0.0358  0.257   67.9   1.28    157
ESO_5520200                 3206   0.00   5.77  4.29  0.00  0.00  1.91  1.73  2.13  0.23  0.03  0.51   5.95e-03   4.84e-03   7.25e-03  0.00  0.00  0.00   0.00e+00   0.00e+00   0.00e+00  0.0314  0.112   40.3   1.73    160
EXO_0422-086                4183   0.00   7.87  6.22  0.00  0.00  2.82  2.67  3.00  0.27  0.15  0.39   2.75e-02   2.59e-02   2.93e-02  0.00  0.00  0.00   0.00e+00   0.00e+00   0.00e+00  0.0397  0.796   70.4   1.05    229
HERCULES_A                  1625   0.00   2.32  6.27  0.00  0.00  3.92  3.52  4.39  0.42  0.27  0.59   5.22e-03   4.87e-03   5.60e-03  0.00  0.00  0.00   0.00e+00   0.00e+00   0.00e+00  0.1541  0.239   62.2   0.83    115
HYDRA_A                     4970   0.00   4.66  4.82  0.00  0.00  4.14  4.07  4.21  0.34  0.32  0.36   4.07e-02   4.03e-02   4.11e-02  0.00  0.00  0.00   0.00e+00   0.00e+00   0.00e+00  0.0549  1.759   81.1   1.10    346
IRAS_09104+4109              509   0.00   1.98  1.36  0.00  0.00 79.90 76.02 79.90  3.54  2.10  5.42   7.11e-03   6.18e-03   8.04e-03  0.00  0.00  0.00   0.00e+00   0.00e+00   0.00e+00  0.4420  0.552   85.2   3.16    128
LYNX_E                      9271   0.00   0.52  2.53  0.00  0.00  7.43  4.42 23.05  1.42  0.00  3.95   4.60e-05   3.00e-05   6.18e-05  0.00  0.00  0.00   0.00e+00   0.00e+00   0.00e+00  1.2600  0.002   62.3   0.77     10
MACS_J0011.7-1523           6105   0.00   1.74  2.08  0.00  0.00  6.33  5.68  7.09  0.38  0.26  0.49   2.86e-03   2.73e-03   3.00e-03  0.00  0.00  0.00   0.00e+00   0.00e+00   0.00e+00  0.3600  0.133   84.3   0.98    141
MACS_J0159.8-0849           6106   0.00   2.15  2.01  0.00  0.00  8.35  7.57  9.29  0.34  0.25  0.44   5.03e-03   4.87e-03   5.19e-03  0.00  0.00  0.00   0.00e+00   0.00e+00   0.00e+00  0.4050  0.249   86.2   1.09    205
MACS_J0242.5-2132           3266   0.00   2.04  2.71  0.00  0.00  4.68  4.21  5.23  0.46  0.33  0.60   6.65e-03   6.28e-03   7.06e-03  0.00  0.00  0.00   0.00e+00   0.00e+00   0.00e+00  0.3140  0.285   92.0   0.99     99
MACS_J0329.6-0211           3582   0.00   1.50  6.21  0.00  0.00  5.62  4.99  6.37  0.45  0.31  0.60   3.16e-03   2.97e-03   3.36e-03  0.00  0.00  0.00   0.00e+00   0.00e+00   0.00e+00  0.4500  0.141   91.0   1.31     88
MACS_J0429.6-0253           3271   0.00   1.83  5.70  0.00  0.00  6.11  5.44  6.91  0.44  0.32  0.58   3.34e-03   3.17e-03   3.54e-03  0.00  0.00  0.00   0.00e+00   0.00e+00   0.00e+00  0.3990  0.157   87.4   0.85    107
MACS_J0547.0-3904           3273   0.00   1.89  4.08  0.00  0.00  4.40  3.76  5.29  0.07  0.00  0.21   2.16e-03   1.95e-03   2.37e-03  0.00  0.00  0.00   0.00e+00   0.00e+00   0.00e+00  0.2100  0.082   83.5   1.32     68
MACS_J0744.9+3927           6111   0.00   1.79  4.66  0.00  0.00  8.32  7.36  9.48  0.39  0.26  0.53   2.26e-03   2.16e-03   2.35e-03  0.00  0.00  0.00   0.00e+00   0.00e+00   0.00e+00  0.6860  0.102   73.8   1.26    151
MACS_J0949+1708             3274   0.00   1.78  3.17  0.00  0.00  9.64  7.99 12.31  0.42  0.21  0.63   3.39e-03   3.19e-03   3.59e-03  0.00  0.00  0.00   0.00e+00   0.00e+00   0.00e+00  0.3820  0.172   89.7   0.83     81
MACS_J1115.8+0129           3275   0.00   3.53  4.36  0.00  0.00  8.34  6.68 10.50  0.00  0.00  0.16   4.56e-03   4.32e-03   4.86e-03  0.00  0.00  0.00   0.00e+00   0.00e+00   0.00e+00  0.1200  0.215   77.3   0.98    119
MACS_J1311.0-0311           6110   0.00   1.61  2.18  0.00  0.00  5.31  4.81  5.89  0.39  0.27  0.51   1.78e-03   1.70e-03   1.87e-03  0.00  0.00  0.00   0.00e+00   0.00e+00   0.00e+00  0.4940  0.076   76.4   0.94    140
MACS_J1319+7003             3278   0.00   1.68  1.53  0.00  0.00  9.79  7.15 16.35  0.25  0.00  0.55   1.76e-03   1.62e-03   1.92e-03  0.00  0.00  0.00   0.00e+00   0.00e+00   0.00e+00  0.3275  0.090   76.1   1.23     53
MACS_J1427.6-2521           3279   0.00   2.07  6.11  0.00  0.00  6.48  5.02  9.31  0.19  0.00  0.44   1.53e-03   1.38e-03   1.68e-03  0.00  0.00  0.00   0.00e+00   0.00e+00   0.00e+00  0.2200  0.072   77.5   1.71     48
MACS_J1621.3+3810           3594   0.00   1.77  1.07  0.00  0.00  6.34  4.71  9.05  0.60  0.21  1.05   1.82e-03   1.60e-03   2.08e-03  0.00  0.00  0.00   0.00e+00   0.00e+00   0.00e+00  0.4610  0.086   78.3   0.71     25
MACS_J1621.6+3810           6109   0.00   1.77  1.07  0.00  0.00  6.42  5.59  7.44  0.27  0.14  0.41   2.04e-03   1.93e-03   2.16e-03  0.00  0.00  0.00   0.00e+00   0.00e+00   0.00e+00  0.4610  0.094   77.3   1.15    112
MACS_J1931.8-2634           3282   0.00   2.08  9.13  0.00  0.00  6.75  6.11  7.52  0.35  0.25  0.46   8.11e-03   7.78e-03   8.47e-03  0.00  0.00  0.00   0.00e+00   0.00e+00   0.00e+00  0.3520  0.378   93.2   1.02    138
MACS_J2228+2036             3285   0.00   1.67  4.52  0.00  0.00  9.26  7.81 11.32  0.43  0.26  0.62   2.95e-03   2.79e-03   3.11e-03  0.00  0.00  0.00   0.00e+00   0.00e+00   0.00e+00  0.4120  0.148   88.7   0.95     97
MACS_J2229.7-2755           3286   0.00   1.88  1.34  0.00  0.00  4.61  4.14  5.17  0.56  0.41  0.72   4.29e-03   4.03e-03   4.58e-03  0.00  0.00  0.00   0.00e+00   0.00e+00   0.00e+00  0.3240  0.191   90.5   1.01     91
MACS_J2311+0338             3288   0.00   1.30  5.23  0.00  0.00 11.20  8.74 14.96  0.51  0.24  0.84   3.10e-03   2.89e-03   3.33e-03  0.00  0.00  0.00   0.00e+00   0.00e+00   0.00e+00  0.2998  0.165   89.6   0.93     69
MKW_04                      3234   0.00   3.83  1.90  0.00  0.00  1.90  1.81  2.00  0.91  0.69  1.19   6.65e-03   5.82e-03   7.53e-03  0.00  0.00  0.00   0.00e+00   0.00e+00   0.00e+00  0.0198  0.212   61.1   1.04    196
MS_0016.9+1609               520   0.00   1.86  4.06  0.00  0.00  8.92  8.18  9.80  0.31  0.23  0.40   3.18e-03   3.09e-03   3.27e-03  0.00  0.00  0.00   0.00e+00   0.00e+00   0.00e+00  0.5410  0.151   82.5   0.93    213
MS_0302.7+1658               525   0.00   1.28 10.95  0.00  0.00  2.56  2.06  3.58  1.34  0.23  6.36   8.23e-04   3.15e-04   1.25e-03  0.00  0.00  0.00   0.00e+00   0.00e+00   0.00e+00  0.4240  0.029   71.1   1.02     10
MS_0440.5+0204              4196   0.00   3.02  9.10  0.00  0.00 79.90 69.70 79.90  9.00  4.79 20.75   3.36e-03   2.06e-03   4.36e-03  0.00  0.00  0.00   0.00e+00   0.00e+00   0.00e+00  0.1900  0.338  -20.2   2.10    101
MS_0451.6-0305               902   0.00   1.74  5.68  0.00  0.00 10.73  9.45 12.35  0.40  0.27  0.53   3.32e-03   3.20e-03   3.43e-03  0.00  0.00  0.00   0.00e+00   0.00e+00   0.00e+00  0.5386  0.185   61.6   0.93    187
MS_0735.6+7421              4197   0.00   2.51  3.40  0.00  0.00  5.32  4.99  5.68  0.37  0.30  0.44   5.78e-03   5.61e-03   5.95e-03  0.00  0.00  0.00   0.00e+00   0.00e+00   0.00e+00  0.2160  0.295   59.6   0.95    256
MS_0839.8+2938              2224   0.00   2.28  3.92  0.00  0.00  4.48  4.03  5.02  0.43  0.30  0.57   3.54e-03   3.35e-03   3.76e-03  0.00  0.00  0.00   0.00e+00   0.00e+00   0.00e+00  0.1940  0.176   65.3   0.99    151
MS_0906.5+1110               924   0.00   3.83  3.60  0.00  0.00  5.73  5.17  6.40  0.17  0.08  0.27   5.43e-03   5.18e-03   5.68e-03  0.00  0.00  0.00   0.00e+00   0.00e+00   0.00e+00  0.1630  0.230   73.7   1.30    212
MS_1006.0+1202               925   0.00   2.80  3.63  0.00  0.00 19.86 14.51 30.12  0.79  0.48  1.14   2.92e-03   2.78e-03   3.08e-03  0.00  0.00  0.00   0.00e+00   0.00e+00   0.00e+00  0.2210  0.164  100.0   1.92    137
MS_1008.1-1224               926   0.00   2.31  6.71  0.00  0.00 20.10 14.96 28.26  0.86  0.55  1.21   2.28e-03   2.17e-03   2.39e-03  0.00  0.00  0.00   0.00e+00   0.00e+00   0.00e+00  0.3010  0.126  100.0   1.50    136
MS_1054.5-0321               512   0.00   1.80  3.69  0.00  0.00  9.57  7.88 12.00  0.13  0.00  0.31   1.35e-03   1.29e-03   1.41e-03  0.00  0.00  0.00   0.00e+00   0.00e+00   0.00e+00  0.8300  0.069   41.7   0.99    179
MS_1455.0+2232              4192   0.00   1.99  3.35  0.00  0.00  4.97  4.78  5.16  0.40  0.36  0.45   6.96e-03   6.81e-03   7.10e-03  0.00  0.00  0.00   0.00e+00   0.00e+00   0.00e+00  0.2590  0.281   89.5   1.18    304
MS_1621.5+2640               546   0.00   1.86  3.59  0.00  0.00  6.80  5.55  8.60  0.44  0.22  0.68   1.12e-03   1.03e-03   1.22e-03  0.00  0.00  0.00   0.00e+00   0.00e+00   0.00e+00  0.4260  0.054   68.3   1.05     72
MS_2053.7-0449              1667   0.00   1.81  5.16  0.00  0.00  2.86  2.10  3.69  0.00  0.00  0.40   5.50e-04   4.49e-04   7.24e-04  0.00  0.00  0.00   0.00e+00   0.00e+00   0.00e+00  0.5830  0.012   37.5   1.11     42
MS_2137.3-2353              4974   0.00   2.06  3.40  0.00  0.00  6.02  5.46  6.71  0.40  0.29  0.51   5.30e-03   5.07e-03   5.54e-03  0.00  0.00  0.00   0.00e+00   0.00e+00   0.00e+00  0.3130  0.288   67.3   1.10    145
OPHIUCHUS                   3200   0.00   3.00 36.00  0.00  0.00  8.62  8.45  8.79  0.37  0.35  0.39   1.17e-01   1.16e-01   1.18e-01  0.00  0.00  0.00   0.00e+00   0.00e+00   0.00e+00  0.0280  6.050   93.9   2.86    342
PKS_0745-191                 508   0.00   2.98 40.82  0.00  0.00 79.90 75.09 79.90  5.01  4.03  6.15   7.00e-02   6.49e-02   7.52e-02  0.00  0.00  0.00   0.00e+00   0.00e+00   0.00e+00  0.1028  4.786   91.2   2.05    324
PKS_0745-191                6103   0.00   5.81 40.80  0.00  0.00  7.69  7.27  8.14  0.33  0.28  0.38   6.18e-02   6.06e-02   6.30e-02  0.00  0.00  0.00   0.00e+00   0.00e+00   0.00e+00  0.1028  2.766   87.6   0.97    327
RBS_0797                    2202   0.00   1.92  2.22  0.00  0.00  7.38  6.61  8.34  0.33  0.22  0.44   8.19e-03   7.83e-03   8.57e-03  0.00  0.00  0.00   0.00e+00   0.00e+00   0.00e+00  0.3540  0.394   92.1   0.88    127
RDCS_1252-29                4198   0.00   0.53  6.06  0.00  0.00  4.76  3.50  6.83  0.51  0.06  1.12   1.17e-04   9.50e-05   1.44e-04  0.00  0.00  0.00   0.00e+00   0.00e+00   0.00e+00  1.2370  0.003   53.3   0.85     20
RX_J0439+0520                527   0.00   2.38 10.02  0.00  0.00  4.41  3.82  5.18  0.49  0.29  0.71   4.39e-03   4.03e-03   4.79e-03  0.00  0.00  0.00   0.00e+00   0.00e+00   0.00e+00  0.2080  0.181   84.1   1.02     65
RX_J0439.0+0715             1449   0.00   3.06  1.10  0.00  0.00 25.56 15.33 56.78  1.59  0.67  3.26   5.58e-03   4.91e-03   6.46e-03  0.00  0.00  0.00   0.00e+00   0.00e+00   0.00e+00  0.2400  0.334  100.0   1.16     68
RX_J0647.7+7015             3584   0.00   1.72  5.18  0.00  0.00  9.42  7.76 11.78  0.31  0.10  0.51   2.45e-03   2.30e-03   2.61e-03  0.00  0.00  0.00   0.00e+00   0.00e+00   0.00e+00  0.5840  0.113   69.7   1.02     75
RX_J0819.6+6336             2199   0.00   2.98  4.11  0.00  0.00  3.65  2.98  4.63  0.11  0.00  0.38   3.42e-03   2.99e-03   3.96e-03  0.00  0.00  0.00   0.00e+00   0.00e+00   0.00e+00  0.1190  0.138  -17.5   1.09     75
RX_J0820.9+0752             1647   0.00   3.03  2.37  0.00  0.00 79.89 53.80 79.90  6.49  0.88 29.58   3.82e-03   0.00e+00   5.89e-03  0.00  0.00  0.00   0.00e+00   0.00e+00   0.00e+00  0.1100  0.326   26.0   1.37     35
RX_J0910+5422               2227   0.00   0.86  2.07  0.00  0.00  5.52  3.23 10.85  0.00  0.00  0.54   9.31e-05   7.25e-05   1.27e-04  0.00  0.00  0.00   0.00e+00   0.00e+00   0.00e+00  1.1000  0.003   33.8   0.47     19
RX_J1053+5735               4936   0.00   0.49  0.59  0.00  0.00 10.83  5.61 38.31  0.87  0.00  4.47   6.55e-05   4.34e-05   8.38e-05  0.00  0.00  0.00   0.00e+00   0.00e+00   0.00e+00  1.1400  0.004   35.1   1.00     15
RX_J1347.5-1145             3592   0.00   2.15  4.89  0.00  0.00 13.03 12.30 13.85  0.37  0.31  0.43   1.29e-02   1.28e-02   1.31e-02  0.00  0.00  0.00   0.00e+00   0.00e+00   0.00e+00  0.4510  0.660   92.0   1.22    343
RX_J1347.5-1145              507   0.00   2.15  4.89  0.00  0.00 13.90 12.18 16.38  0.55  0.39  0.72   1.33e-02   1.28e-02   1.37e-02  0.00  0.00  0.00   0.00e+00   0.00e+00   0.00e+00  0.4510  0.833   80.2   0.95    184
RX_J1350+6007               2229   0.00   0.71  1.77  0.00  0.00  4.18  2.73  7.00  0.29  0.00  1.53   1.74e-04   1.38e-04   2.21e-04  0.00  0.00  0.00   0.00e+00   0.00e+00   0.00e+00  0.8040  0.006   59.3   1.04     13
RX_J1423.8+2404             1657   0.00   1.44  2.65  0.00  0.00  5.77  4.99  6.73  0.37  0.22  0.54   2.67e-03   2.48e-03   2.86e-03  0.00  0.00  0.00   0.00e+00   0.00e+00   0.00e+00  0.5450  0.115   85.1   0.97     66
RX_J1423.8+2404             4195   0.00   1.44  2.65  0.00  0.00  5.63  5.32  5.96  0.43  0.37  0.49   2.75e-03   2.68e-03   2.82e-03  0.00  0.00  0.00   0.00e+00   0.00e+00   0.00e+00  0.5450  0.139   53.9   1.06    254
RX_J1504.1-0248             5793   0.00   3.22  6.27  0.00  0.00  7.44  7.18  7.72  0.41  0.37  0.44   2.86e-02   2.82e-02   2.89e-02  0.00  0.00  0.00   0.00e+00   0.00e+00   0.00e+00  0.2150  1.384   94.8   1.15    347
RX_J1525+0958               1664   0.00   1.08  2.96  0.00  0.00  5.81  4.47  7.81  0.27  0.01  0.56   4.52e-04   4.05e-04   5.09e-04  0.00  0.00  0.00   0.00e+00   0.00e+00   0.00e+00  0.5160  0.019   78.3   1.34     38
RX_J1532.9+3021             1649   0.00   1.80  2.21  0.00  0.00  6.17  5.48  7.01  0.33  0.21  0.46   7.28e-03   6.92e-03   7.66e-03  0.00  0.00  0.00   0.00e+00   0.00e+00   0.00e+00  0.3450  0.398   75.4   1.00    107
RX_J1532.9+3021             1665   0.00   1.80  2.21  0.00  0.00  5.77  5.13  6.54  0.44  0.31  0.58   6.95e-03   6.57e-03   7.34e-03  0.00  0.00  0.00   0.00e+00   0.00e+00   0.00e+00  0.3450  0.324   92.1   1.30     99
RX_J1716.9+6708              548   0.00   1.57  3.71  0.00  0.00  5.57  4.41  7.29  0.60  0.29  1.00   5.43e-04   4.83e-04   6.13e-04  0.00  0.00  0.00   0.00e+00   0.00e+00   0.00e+00  0.8100  0.022   56.5   0.76     61
RX_J1720.1+2638             4361   0.00   3.15  4.02  0.00  0.00  6.55  6.16  7.00  0.33  0.27  0.40   1.43e-02   1.40e-02   1.47e-02  0.00  0.00  0.00   0.00e+00   0.00e+00   0.00e+00  0.1640  0.677   89.1   1.07    284
RX_J1720.2+3536             3280   0.00   1.69  3.35  0.00  0.00  6.37  5.63  7.27  0.50  0.35  0.65   3.37e-03   3.19e-03   3.56e-03  0.00  0.00  0.00   0.00e+00   0.00e+00   0.00e+00  0.3913  0.162   84.1   0.86    102
RX_J2129.6+0005              552   0.00   3.35  4.30  0.00  0.00  5.80  5.13  6.61  0.42  0.28  0.56   7.82e-03   7.38e-03   8.28e-03  0.00  0.00  0.00   0.00e+00   0.00e+00   0.00e+00  0.2350  0.363   82.2   1.02    120
SERSIC_159-03               1668   0.00   2.93  1.89  0.00  0.00  2.32  2.21  2.44  0.31  0.21  0.41   2.42e-02   2.28e-02   2.58e-02  0.00  0.00  0.00   0.00e+00   0.00e+00   0.00e+00  0.0580  0.720   80.8   1.09    165
V_1121.0+2327               1660   0.00   1.44  1.30  0.00  0.00  3.28  2.72  4.06  0.27  0.00  0.62   4.71e-04   4.08e-04   5.51e-04  0.00  0.00  0.00   0.00e+00   0.00e+00   0.00e+00  0.5600  0.014   49.0   1.67     52
ZWCL_1215                   4184   0.00   4.59  1.76  0.00  0.00  8.53  7.53  9.76  0.33  0.22  0.45   1.46e-02   1.40e-02   1.51e-02  0.00  0.00  0.00   0.00e+00   0.00e+00   0.00e+00  0.0750  0.706   88.9   1.04    224
ZWCL_1358+6245               516   0.00   2.14  1.94  0.00  0.00 10.35  8.85 12.68  0.49  0.32  0.67   2.77e-03   2.66e-03   2.88e-03  0.00  0.00  0.00   0.00e+00   0.00e+00   0.00e+00  0.3280  0.170   58.9   0.95    172
ZWCL_1953                   1659   0.00   2.76  3.10  0.00  0.00 10.54  8.30 13.81  0.11  0.00  0.30   3.34e-03   3.19e-03   3.50e-03  0.00  0.00  0.00   0.00e+00   0.00e+00   0.00e+00  0.3800  0.163   74.8   0.81    128
ZWCL_3146                    909   0.00   3.10  2.70  0.00  0.00 10.75 10.04 11.56  0.43  0.36  0.49   1.16e-02   1.15e-02   1.18e-02  0.00  0.00  0.00   0.00e+00   0.00e+00   0.00e+00  0.2900  0.624  100.0   1.46    322
ZWCL_5247                    539   0.00   3.00  1.70  0.00  0.00  4.86  3.91  6.27  0.09  0.00  0.34   2.91e-03   2.57e-03   3.29e-03  0.00  0.00  0.00   0.00e+00   0.00e+00   0.00e+00  0.2290  0.109   70.3   1.05     46
ZWCL_7160                    543   0.00   2.92  3.10  0.00  0.00  5.09  4.50  5.81  0.37  0.25  0.51   7.04e-03   6.60e-03   7.52e-03  0.00  0.00  0.00   0.00e+00   0.00e+00   0.00e+00  0.2578  0.306   85.4   0.74    101
ZWICKY_2701                 3195   0.00   2.32  0.83  0.00  0.00  4.63  4.18  5.15  0.45  0.32  0.58   4.25e-03   4.04e-03   4.47e-03  0.00  0.00  0.00   0.00e+00   0.00e+00   0.00e+00  0.2100  0.212   55.0   0.99    157
