# Model: wabs(mekal) for r2500-50 spectra; Fit Range = 0.7 - 7.0; Count Rates = 0.7 - 7.0 keV
# Nh frozen = yes; Fe frozen = no; Confidence Levels = 2.71; Systematic error = 0.00
# Cluster                       ObsID    Rin   Rout  nh20   nlo   nhi    Tx   Tlo   Thi    Fe  Felo  Fehi       Norm     Normlo     Normhi   Tx2  Tlo2  Thi2      Norm2    Normlo2    Normhi2       z     Cr   Src%  chisq    dof
1RXS_J2129.4-0741            3199+3595   0.01   1.29  4.36  0.00  0.00  8.22  7.27  9.40  0.43  0.26  0.61   1.86e-03   1.76e-03   1.96e-03  0.00  0.00  0.00   0.00e+00   0.00e+00   0.00e+00  0.5700  0.131   80.0   1.07    146
MACS_J1621.3+3810  6109+6172+3254+3594   0.01   1.77  1.07  0.00  0.00  7.12  6.57  7.77  0.34  0.23  0.45   1.50e-03   1.45e-03   1.56e-03  0.00  0.00  0.00   0.00e+00   0.00e+00   0.00e+00  0.4650  0.118   91.5   0.93    317
RX_J0647.7+7015             3196+3584   0.01   1.30  5.18  0.00  0.00 11.28  9.83 13.13  0.20  0.03  0.37   2.04e-03   1.95e-03   2.13e-03  0.00  0.00  0.00   0.00e+00   0.00e+00   0.00e+00  0.5840  0.138   80.7   1.02    181
RX_J1720.2+3536        7225+3280+6107   0.01   1.43  3.35  0.00  0.00  7.21  6.75  7.74  0.41  0.31  0.51   2.37e-03   2.16e-03   2.58e-03  0.00  0.00  0.00   0.00e+00   0.00e+00   0.00e+00  0.3913  0.204   92.5   1.12    326
MACS_J0159.8-0849            6106+3265   0.01   2.15  2.01  0.00  0.00  9.16  8.53  9.87  0.30  0.21  0.39   3.95e-03   3.86e-03   4.04e-03  0.00  0.00  0.00   0.00e+00   0.00e+00   0.00e+00  0.4050  0.332   90.6   1.08    387
MACS_J0329.6-0211       6108+3582+3257   0.01   1.22  6.21  0.00  0.00  6.30  5.89  6.77  0.41  0.32  0.51   2.08e-03   2.01e-03   2.14e-03  0.00  0.00  0.00   0.00e+00   0.00e+00   0.00e+00  0.4500  0.156   93.3   1.10    330
MACS_J0717.5+3745            4200+1655   0.01   1.47  6.75  0.00  0.00 12.77 11.77 13.93  0.30  0.19  0.40   3.68e-03   3.60e-03   3.76e-03  0.00  0.00  0.00   0.00e+00   0.00e+00   0.00e+00  0.5480  0.258   88.1   0.93    404
MACS_J0744.8+3927            3585+3197   0.01   1.27  4.66  0.00  0.00  8.20  7.23  9.41  0.26  0.11  0.42   1.75e-03   1.66e-03   1.84e-03  0.00  0.00  0.00   0.00e+00   0.00e+00   0.00e+00  0.6860  0.103   83.6   1.16    132
MACS_J1149.5+2223            3589+1656   0.02   3.48  2.32  0.00  0.00  6.20  5.63  6.91  0.21  0.07  0.35   2.22e-03   2.13e-03   2.31e-03  0.00  0.00  0.00   0.00e+00   0.00e+00   0.00e+00  0.1761  0.233   71.6   1.05    317
