# Model: wabs(mekal) for total spectra; Fit Range = 0.5 - 7.0; Count Rates = 0.5 - 7.0 keV
# Nh frozen = yes; Fe frozen = yes; Confidence Levels = 2.71; Systematic error = 0.00
# Cluster                  ObsID    Rin   Rout  nh20   nlo   nhi    Tx   Tlo   Thi    Fe  Felo  Fehi       Norm     Normlo     Normhi   Tx2  Tlo2  Thi2      Norm2    Normlo2    Normhi2       z     Cr  chisq    dof
1RXS_J2129.4-0741           3595   0.16   4.10  4.36  0.00  0.00  9.79  7.97 12.66  0.52  0.52  0.52   2.19e-03   2.10e-03   2.28e-03  0.00  0.00  0.00   0.00e+00   0.00e+00   0.00e+00  0.5700  0.146   1.12    144
3C_220.1                     839   0.16   2.38  1.91  0.00  0.00  2.98  1.97  5.66  0.30  0.30  0.30   2.77e-04   2.35e-04   3.32e-04  0.00  0.00  0.00   0.00e+00   0.00e+00   0.00e+00  0.6100  0.027   0.88     50
3C_28.0                     3233   0.43   4.10  5.71  0.00  0.00  6.76  6.43  7.11  0.12  0.12  0.12   6.05e-03   5.98e-03   6.12e-03  0.00  0.00  0.00   0.00e+00   0.00e+00   0.00e+00  0.1952  0.554   1.14    364
3C_346                      3129   0.52   0.98  5.67  0.00  0.00  2.43  2.04  3.01  0.35  0.35  0.35   2.06e-04   1.90e-04   2.22e-04  0.00  0.00  0.00   0.00e+00   0.00e+00   0.00e+00  0.1620  0.029   0.96     27
4C_55.16                    4940   0.35   2.95  4.00  0.00  0.00  4.74  4.53  4.96  0.29  0.29  0.29   3.00e-03   2.97e-03   3.04e-03  0.00  0.00  0.00   0.00e+00   0.00e+00   0.00e+00  0.2420  0.385   1.50    343
ABELL_0133                  2203   1.46   2.57  1.56  0.00  0.00  4.48  4.33  4.65  0.64  0.64  0.64   4.17e-03   4.13e-03   4.21e-03  0.00  0.00  0.00   0.00e+00   0.00e+00   0.00e+00  0.0558  0.887   1.19    285
ABELL_0267                  3580   0.37   4.10  2.74  0.00  0.00  7.92  7.14  8.84  0.26  0.26  0.26   4.84e-03   4.75e-03   4.94e-03  0.00  0.00  0.00   0.00e+00   0.00e+00   0.00e+00  0.2300  0.459   1.18    234
ABELL_0370                   515   0.24   2.38  3.37  0.00  0.00  7.27  6.77  7.82  0.39  0.39  0.39   2.90e-03   2.86e-03   2.94e-03  0.00  0.00  0.00   0.00e+00   0.00e+00   0.00e+00  0.3747  0.412   1.61    307
ABELL_0383                  2321   0.45   2.94  4.07  0.00  0.00  4.98  4.64  5.36  0.38  0.38  0.38   4.05e-03   3.97e-03   4.12e-03  0.00  0.00  0.00   0.00e+00   0.00e+00   0.00e+00  0.1871  0.638   1.03    205
ABELL_0399                  3230   1.14   4.10 11.51  0.00  0.00  7.09  6.87  7.34  0.23  0.23  0.23   1.25e-02   1.24e-02   1.26e-02  0.00  0.00  0.00   0.00e+00   0.00e+00   0.00e+00  0.0716  1.309   1.23    417
ABELL_0401                   518   1.10   4.10 12.48  0.00  0.00  8.00  7.70  8.32  0.46  0.46  0.46   2.73e-02   2.71e-02   2.75e-02  0.00  0.00  0.00   0.00e+00   0.00e+00   0.00e+00  0.0745  3.333   1.66    388
ABELL_0478                  1669   0.93   3.39 15.48  0.00  0.00 28.23  0.00  0.00  0.31  0.31  0.31   3.81e-02   0.00e+00   0.00e+00  0.00  0.00  0.00   0.00e+00   0.00e+00   0.00e+00  0.0883  4.887  14.89    440
ABELL_0478                  6102   0.93   4.10 15.48  0.00  0.00 19.21 17.54 21.04  0.31  0.31  0.31   3.63e-02   3.58e-02   3.68e-02  0.00  0.00  0.00   0.00e+00   0.00e+00   0.00e+00  0.0883  3.538   2.58    376
ABELL_0520                  4215   0.42   3.84  7.84  0.00  0.00  7.29  7.02  7.58  0.25  0.25  0.25   8.69e-03   8.62e-03   8.76e-03  0.00  0.00  0.00   0.00e+00   0.00e+00   0.00e+00  0.2020  0.777   1.17    409
ABELL_0521                   430   0.34   3.47  6.17  0.00  0.00  5.87  5.51  6.27  0.19  0.19  0.19   6.14e-03   6.05e-03   6.22e-03  0.00  0.00  0.00   0.00e+00   0.00e+00   0.00e+00  0.2533  0.811   1.27    285
ABELL_0576                  3289   2.10   3.85  5.57  0.00  0.00  4.19  4.04  4.34  0.46  0.46  0.46   6.33e-03   6.26e-03   6.39e-03  0.00  0.00  0.00   0.00e+00   0.00e+00   0.00e+00  0.0385  1.095   1.15    310
ABELL_0644                  2211   1.17   4.10  6.31  0.00  0.00  8.71  8.43  9.00  0.29  0.29  0.29   2.40e-02   2.39e-02   2.41e-02  0.00  0.00  0.00   0.00e+00   0.00e+00   0.00e+00  0.0698  2.786   1.37    424
ABELL_0665                  3586   0.46   4.10  4.24  0.00  0.00  8.07  7.68  8.50  0.19  0.19  0.19   1.12e-02   1.11e-02   1.13e-02  0.00  0.00  0.00   0.00e+00   0.00e+00   0.00e+00  0.1810  1.084   0.90    364
ABELL_0697                  4217   0.30   4.10  3.34  0.00  0.00  9.89  9.10 10.79  0.23  0.23  0.23   8.91e-03   8.78e-03   9.04e-03  0.00  0.00  0.00   0.00e+00   0.00e+00   0.00e+00  0.2820  0.783   1.18    287
ABELL_0773                  5006   0.39   4.10  1.46  0.00  0.00  8.91  8.20  9.74  0.34  0.34  0.34   6.98e-03   6.87e-03   7.09e-03  0.00  0.00  0.00   0.00e+00   0.00e+00   0.00e+00  0.2170  0.680   1.01    273
ABELL_0907                  3185   0.54   4.10  5.69  0.00  0.00  5.78  5.56  6.01  0.25  0.25  0.25   7.29e-03   7.21e-03   7.36e-03  0.00  0.00  0.00   0.00e+00   0.00e+00   0.00e+00  0.1527  0.722   1.14    380
ABELL_0963                   903   0.41   2.98  1.39  0.00  0.00  6.46  6.15  6.76  0.34  0.34  0.34   6.04e-03   5.99e-03   6.10e-03  0.00  0.00  0.00   0.00e+00   0.00e+00   0.00e+00  0.2056  0.980   1.14    328
ABELL_1068                  1652   0.61   3.08  0.71  0.00  0.00  4.70  4.51  4.91  0.42  0.42  0.42   5.38e-03   5.32e-03   5.44e-03  0.00  0.00  0.00   0.00e+00   0.00e+00   0.00e+00  0.1375  0.960   1.14    281
ABELL_1204                  2205   0.49   4.81  1.44  0.00  0.00  3.62  3.41  3.85  0.35  0.35  0.35   3.74e-03   3.66e-03   3.82e-03  0.00  0.00  0.00   0.00e+00   0.00e+00   0.00e+00  0.1706  0.370   1.52    230
ABELL_1361                  2200   0.71   2.94  2.18  0.00  0.00  7.10  5.97  8.80  0.61  0.61  0.61   3.84e-03   3.71e-03   3.98e-03  0.00  0.00  0.00   0.00e+00   0.00e+00   0.00e+00  0.1171  0.749   1.34    105
ABELL_1413                  5003   0.58   2.79  2.19  0.00  0.00  7.82  7.55  8.11  0.21  0.21  0.21   1.06e-02   1.05e-02   1.07e-02  0.00  0.00  0.00   0.00e+00   0.00e+00   0.00e+00  0.1426  0.955   1.05    398
ABELL_1650                  4178   0.97   2.94  1.62  0.00  0.00  5.80  5.62  5.99  0.40  0.40  0.40   1.19e-02   1.18e-02   1.20e-02  0.00  0.00  0.00   0.00e+00   0.00e+00   0.00e+00  0.0843  2.043   1.19    355
ABELL_1651                  4185   0.98   4.10  2.02  0.00  0.00  6.46  6.13  6.83  0.32  0.32  0.32   1.64e-02   1.62e-02   1.66e-02  0.00  0.00  0.00   0.00e+00   0.00e+00   0.00e+00  0.0840  1.929   1.11    287
ABELL_1664                  1648   0.65   2.94  8.47  0.00  0.00  4.62  4.25  5.04  0.11  0.11  0.11   5.66e-03   5.53e-03   5.80e-03  0.00  0.00  0.00   0.00e+00   0.00e+00   0.00e+00  0.1276  0.790   0.88    165
ABELL_1689                  5004   0.45   4.10  1.87  0.00  0.00  9.84  9.30 10.45  0.25  0.25  0.25   1.60e-02   1.59e-02   1.62e-02  0.00  0.00  0.00   0.00e+00   0.00e+00   0.00e+00  0.1843  1.600   1.07    369
ABELL_1758                  2213   0.31   3.78  1.09  0.00  0.00 18.88 17.12 20.93  0.20  0.20  0.20   7.35e-03   7.24e-03   7.48e-03  0.00  0.00  0.00   0.00e+00   0.00e+00   0.00e+00  0.2792  0.966   1.47    407
ABELL_1763                  3591   0.45   4.10  0.82  0.00  0.00  7.56  6.98  8.20  0.16  0.16  0.16   6.91e-03   6.80e-03   7.02e-03  0.00  0.00  0.00   0.00e+00   0.00e+00   0.00e+00  0.1866  0.687   1.20    270
ABELL_1835                   495   0.34   2.91  2.36  0.00  0.00 10.94 10.30 11.65  0.36  0.36  0.36   1.23e-02   1.22e-02   1.25e-02  0.00  0.00  0.00   0.00e+00   0.00e+00   0.00e+00  0.2532  1.940   0.99    335
ABELL_1942                  3290   0.38   4.32  2.75  0.00  0.00  3.99  3.69  4.33  0.27  0.27  0.27   2.03e-03   1.98e-03   2.09e-03  0.00  0.00  0.00   0.00e+00   0.00e+00   0.00e+00  0.2240  0.170   1.35    258
ABELL_1991                  3193   1.44   2.88  2.43  0.00  0.00  2.43  2.35  2.52  0.30  0.30  0.30   3.11e-03   3.06e-03   3.15e-03  0.00  0.00  0.00   0.00e+00   0.00e+00   0.00e+00  0.0565  0.509   1.31    228
ABELL_2029                  4977   1.07   3.00  3.26  0.00  0.00  8.18  8.06  8.29  0.42  0.42  0.42   3.15e-02   3.15e-02   3.16e-02  0.00  0.00  0.00   0.00e+00   0.00e+00   0.00e+00  0.0765  5.278   2.09    442
ABELL_2029                  6101   1.07   4.10  3.26  0.00  0.00  9.03  8.61  9.49  0.42  0.42  0.42   3.56e-02   3.53e-02   3.59e-02  0.00  0.00  0.00   0.00e+00   0.00e+00   0.00e+00  0.0765  4.205   1.06    371
ABELL_2034                  2204   0.73   4.10  1.58  0.00  0.00  7.38  7.14  7.64  0.29  0.29  0.29   1.06e-02   1.05e-02   1.07e-02  0.00  0.00  0.00   0.00e+00   0.00e+00   0.00e+00  0.1130  1.238   1.08    418
ABELL_2104                   895   0.53   2.45  9.04  0.00  0.00 13.68 12.76 14.67  0.32  0.32  0.32   6.38e-03   6.31e-03   6.45e-03  0.00  0.00  0.00   0.00e+00   0.00e+00   0.00e+00  0.1554  0.952   2.07    371
ABELL_2124                  3238   1.24   2.77  1.71  0.00  0.00  3.98  3.67  4.33  0.30  0.30  0.30   2.31e-03   2.26e-03   2.36e-03  0.00  0.00  0.00   0.00e+00   0.00e+00   0.00e+00  0.0658  0.411   1.05    173
ABELL_2147                  3211   2.27   4.10  3.38  0.00  0.00  3.99  3.78  4.21  0.35  0.35  0.35   5.49e-03   5.39e-03   5.58e-03  0.00  0.00  0.00   0.00e+00   0.00e+00   0.00e+00  0.0356  0.655   1.06    223
ABELL_2163                  1653   0.49   4.10 12.04  0.00  0.00 21.86 20.85 22.99  0.22  0.22  0.22   2.62e-02   2.60e-02   2.64e-02  0.00  0.00  0.00   0.00e+00   0.00e+00   0.00e+00  0.1695  2.256   1.90    442
ABELL_2199                   497   2.70   2.89  0.88  0.00  0.00  5.05  4.73  5.39  0.43  0.43  0.43   2.89e-03   2.84e-03   2.93e-03  0.00  0.00  0.00   0.00e+00   0.00e+00   0.00e+00  0.0300  0.635   1.18    178
ABELL_2204                   499   0.55   2.89  5.84  0.00  0.00  8.77  8.26  9.34  0.38  0.38  0.38   1.71e-02   1.69e-02   1.73e-02  0.00  0.00  0.00   0.00e+00   0.00e+00   0.00e+00  0.1524  2.763   1.23    297
ABELL_2204                  6104   0.55   4.10  5.84  0.00  0.00  9.77  9.06 10.58  0.30  0.30  0.30   1.83e-02   1.80e-02   1.85e-02  0.00  0.00  0.00   0.00e+00   0.00e+00   0.00e+00  0.1524  1.885   0.99    299
ABELL_2218                  1666   0.49   6.38  3.12  0.00  0.00  7.09  6.67  7.56  0.30  0.30  0.30   8.63e-03   8.52e-03   8.73e-03  0.00  0.00  0.00   0.00e+00   0.00e+00   0.00e+00  0.1713  0.884   1.26    382
ABELL_2219                   896   0.38   2.99  1.76  0.00  0.00 12.30 11.79 12.87  0.27  0.27  0.27   1.43e-02   1.42e-02   1.44e-02  0.00  0.00  0.00   0.00e+00   0.00e+00   0.00e+00  0.2256  2.250   1.17    409
ABELL_2244                  4179   0.85   2.96  2.09  0.00  0.00  5.48  5.37  5.60  0.29  0.29  0.29   1.27e-02   1.27e-02   1.28e-02  0.00  0.00  0.00   0.00e+00   0.00e+00   0.00e+00  0.0967  2.074   1.53    409
ABELL_2255                   894   1.02   4.10  2.53  0.00  0.00 10.09  9.59 10.62  0.25  0.25  0.25   9.83e-03   9.75e-03   9.90e-03  0.00  0.00  0.00   0.00e+00   0.00e+00   0.00e+00  0.0805  1.203   1.77    382
ABELL_2259                  3245   0.51   4.10  3.70  0.00  0.00  5.06  4.65  5.54  0.30  0.30  0.30   6.27e-03   6.12e-03   6.43e-03  0.00  0.00  0.00   0.00e+00   0.00e+00   0.00e+00  0.1640  0.619   1.04    177
ABELL_2261                  5007   0.38   4.10  3.31  0.00  0.00  7.57  7.13  8.05  0.30  0.30  0.30   9.11e-03   9.00e-03   9.23e-03  0.00  0.00  0.00   0.00e+00   0.00e+00   0.00e+00  0.2240  0.848   1.07    320
ABELL_2319                  3231   1.44   4.10  9.05  0.00  0.00 10.22  9.78 10.71  0.25  0.25  0.25   3.52e-02   3.49e-02   3.54e-02  0.00  0.00  0.00   0.00e+00   0.00e+00   0.00e+00  0.0562  3.945   1.12    405
ABELL_2384                  4202   0.87   4.10  2.99  0.00  0.00  4.84  4.62  5.09  0.30  0.30  0.30   5.55e-03   5.48e-03   5.63e-03  0.00  0.00  0.00   0.00e+00   0.00e+00   0.00e+00  0.0945  0.613   0.98    309
ABELL_2390                  4193   0.37   2.87  6.71  0.00  0.00 12.08 11.71 12.49  0.25  0.25  0.25   1.34e-02   1.33e-02   1.35e-02  0.00  0.00  0.00   0.00e+00   0.00e+00   0.00e+00  0.2301  1.699   1.76    438
ABELL_2409                  3247   0.57   3.85  6.72  0.00  0.00  5.96  5.54  6.43  0.30  0.30  0.30   8.88e-03   8.70e-03   9.05e-03  0.00  0.00  0.00   0.00e+00   0.00e+00   0.00e+00  0.1479  0.871   1.25    207
ABELL_2550                  2225   0.54   3.94  2.03  0.00  0.00  1.66  1.60  1.74  0.30  0.30  0.30   1.14e-03   1.11e-03   1.18e-03  0.00  0.00  0.00   0.00e+00   0.00e+00   0.00e+00  0.1543  0.145   1.98    246
ABELL_2554                  1696   0.75   3.69  2.04  0.00  0.00  5.15  4.74  5.64  0.44  0.44  0.44   3.36e-03   3.30e-03   3.43e-03  0.00  0.00  0.00   0.00e+00   0.00e+00   0.00e+00  0.1103  0.588   1.04    220
ABELL_2556                  2226   0.95   3.90  2.02  0.00  0.00  3.31  3.16  3.48  0.34  0.34  0.34   5.22e-03   5.15e-03   5.30e-03  0.00  0.00  0.00   0.00e+00   0.00e+00   0.00e+00  0.0862  0.896   1.11    251
ABELL_2589                  3210   1.95   2.38  3.98  0.00  0.00 18.61 11.07 37.08  0.30  0.30  0.30   3.00e-03   2.76e-03   3.41e-03  0.00  0.00  0.00   0.00e+00   0.00e+00   0.00e+00  0.0415  0.504   1.33     46
ABELL_2597                   922   0.96   1.13  2.51  0.00  0.00  3.89  3.61  4.20  0.37  0.37  0.37   1.31e-03   1.28e-03   1.34e-03  0.00  0.00  0.00   0.00e+00   0.00e+00   0.00e+00  0.0854  0.249   0.84    122
ABELL_2626                  3192   1.42   3.10  4.30  0.00  0.00  3.05  2.93  3.18  0.30  0.30  0.30   5.12e-03   5.05e-03   5.19e-03  0.00  0.00  0.00   0.00e+00   0.00e+00   0.00e+00  0.0573  0.824   1.25    235
ABELL_2667                  2214   0.37   3.01  1.64  0.00  0.00  6.36  5.93  6.84  0.31  0.31  0.31   9.19e-03   9.05e-03   9.33e-03  0.00  0.00  0.00   0.00e+00   0.00e+00   0.00e+00  0.2300  1.392   1.29    209
ABELL_2670                  4959   1.07   4.10  2.88  0.00  0.00  4.44  4.26  4.63  0.25  0.25  0.25   5.91e-03   5.83e-03   5.98e-03  0.00  0.00  0.00   0.00e+00   0.00e+00   0.00e+00  0.0763  0.650   1.27    333
ABELL_2744                  2212   0.28   3.77  1.82  0.00  0.00  7.35  6.93  7.82  0.19  0.19  0.19   9.16e-03   9.06e-03   9.27e-03  0.00  0.00  0.00   0.00e+00   0.00e+00   0.00e+00  0.3080  1.177   1.26    308
ABELL_3112                  2516   1.13   3.00  2.50  0.00  0.00  4.93  4.76  5.12  0.51  0.51  0.51   1.14e-02   1.13e-02   1.15e-02  0.00  0.00  0.00   0.00e+00   0.00e+00   0.00e+00  0.0720  2.145   1.30    292
ABELL_3158                  3201   1.40   4.10  1.60  0.00  0.00  5.17  5.02  5.32  0.30  0.30  0.30   1.58e-02   1.57e-02   1.59e-02  0.00  0.00  0.00   0.00e+00   0.00e+00   0.00e+00  0.0580  1.904   1.05    371
ABELL_3266                   899   1.38   3.80  1.72  0.00  0.00 11.82 11.21 12.50  0.32  0.32  0.32   1.47e-02   1.46e-02   1.48e-02  0.00  0.00  0.00   0.00e+00   0.00e+00   0.00e+00  0.0590  1.695   1.15    384
ABELL_3558                  1646   1.69   3.03  3.84  0.00  0.00  6.11  5.80  6.45  0.33  0.33  0.33   1.13e-02   1.12e-02   1.14e-02  0.00  0.00  0.00   0.00e+00   0.00e+00   0.00e+00  0.0480  2.082   0.95    272
ABELL_3562                  4167   1.66   4.10  3.90  0.00  0.00  4.84  4.62  5.08  0.30  0.30  0.30   8.34e-03   8.23e-03   8.45e-03  0.00  0.00  0.00   0.00e+00   0.00e+00   0.00e+00  0.0490  0.957   0.98    279
ABELL_3571                  4203   2.07   2.17  4.66  0.00  0.00  7.33  6.69  8.09  0.30  0.30  0.30   1.75e-03   1.72e-03   1.78e-03  0.00  0.00  0.00   0.00e+00   0.00e+00   0.00e+00  0.0391  0.303   1.17    181
ABELL_4038                  4992   2.70   4.10  1.57  0.00  0.00  3.21  3.13  3.29  0.30  0.30  0.30   8.40e-03   8.32e-03   8.49e-03  0.00  0.00  0.00   0.00e+00   0.00e+00   0.00e+00  0.0300  0.973   1.28    313
AC_114                      1562   0.28   3.62  1.44  0.00  0.00  7.08  6.70  7.49  0.30  0.30  0.30   4.43e-03   4.38e-03   4.47e-03  0.00  0.00  0.00   0.00e+00   0.00e+00   0.00e+00  0.3120  0.612   1.07    398
CL_1221+4918                1662   0.14   1.86  1.44  0.00  0.00  6.31  5.37  7.54  0.30  0.30  0.30   6.87e-04   6.50e-04   7.18e-04  0.00  0.00  0.00   0.00e+00   0.00e+00   0.00e+00  0.7000  0.039   1.39    128
CL_1416+4446                 541   0.22   2.15  1.24  0.00  0.00 21.80 15.37 37.69  0.30  0.30  0.30   1.08e-03   1.02e-03   1.17e-03  0.00  0.00  0.00   0.00e+00   0.00e+00   0.00e+00  0.4000  0.102   3.06     82
CYGNUS_A                     360   1.45   2.39 35.23  0.00  0.00  6.61  6.36  6.87  0.72  0.72  0.72   8.77e-03   8.70e-03   8.85e-03  0.00  0.00  0.00   0.00e+00   0.00e+00   0.00e+00  0.0561  1.139   1.91    360
ESO_3060170                 3189   2.26   4.10  3.43  0.00  0.00  2.73  2.56  2.93  0.30  0.30  0.30   3.51e-03   3.41e-03   3.60e-03  0.00  0.00  0.00   0.00e+00   0.00e+00   0.00e+00  0.0358  0.380   1.08    144
ESO_5520200                 3206   2.57   4.10  4.29  0.00  0.00  2.22  2.02  2.46  0.30  0.30  0.30   1.34e-03   1.29e-03   1.39e-03  0.00  0.00  0.00   0.00e+00   0.00e+00   0.00e+00  0.0314  0.142   1.52    121
EXO_0422-086                4183   2.04   4.10  6.22  0.00  0.00  3.44  3.23  3.67  0.30  0.30  0.30   6.17e-03   6.03e-03   6.31e-03  0.00  0.00  0.00   0.00e+00   0.00e+00   0.00e+00  0.0397  0.681   1.06    167
HERCULES_A                  1625   0.54   2.32  6.27  0.00  0.00  4.13  3.86  4.43  0.45  0.45  0.45   3.76e-03   3.68e-03   3.84e-03  0.00  0.00  0.00   0.00e+00   0.00e+00   0.00e+00  0.1541  0.589   1.24    164
IRAS_09104+4109              509   0.21   2.69  1.36  0.00  0.00 79.90 77.94 79.90  0.30  0.30  0.30   9.46e-03   9.18e-03   9.71e-03  0.00  0.00  0.00   0.00e+00   0.00e+00   0.00e+00  0.4420  1.199   6.23    164
MS_0016.9+1609               520   0.17   2.70  4.06  0.00  0.00  7.55  7.10  8.05  0.30  0.30  0.30   3.59e-03   3.53e-03   3.65e-03  0.00  0.00  0.00   0.00e+00   0.00e+00   0.00e+00  0.5410  0.248   1.11    296
MS_0302.7+1658               525   0.21   2.02 10.95  0.00  0.00  3.01  2.36  4.02  0.30  0.30  0.30   7.45e-04   6.56e-04   8.52e-04  0.00  0.00  0.00   0.00e+00   0.00e+00   0.00e+00  0.4240  0.043   0.80     21
MS_0440.5+0204              4196   0.44   3.02  9.10  0.00  0.00 79.90 75.53 79.90  0.30  0.30  0.30   4.44e-03   4.29e-03   4.59e-03  0.00  0.00  0.00   0.00e+00   0.00e+00   0.00e+00  0.1900  0.491   2.99    142
MS_0451.6-0305               902   0.17   2.53  5.68  0.00  0.00  7.73  7.10  8.46  0.28  0.28  0.28   3.66e-03   3.60e-03   3.73e-03  0.00  0.00  0.00   0.00e+00   0.00e+00   0.00e+00  0.5386  0.360   1.09    245
MS_0735.6+7421              4197   0.39   2.81  3.40  0.00  0.00  4.93  4.73  5.15  0.37  0.37  0.37   4.57e-03   4.52e-03   4.63e-03  0.00  0.00  0.00   0.00e+00   0.00e+00   0.00e+00  0.2160  0.630   1.18    309
MS_0839.8+2938              2224   0.43   3.07  3.92  0.00  0.00  5.26  4.81  5.77  0.59  0.59  0.59   2.26e-03   2.21e-03   2.31e-03  0.00  0.00  0.00   0.00e+00   0.00e+00   0.00e+00  0.1940  0.368   0.98    211
MS_1006.0+1202               925   0.39   4.10  3.63  0.00  0.00 24.46 19.81 29.10  0.37  0.37  0.37   4.30e-03   4.17e-03   4.43e-03  0.00  0.00  0.00   0.00e+00   0.00e+00   0.00e+00  0.2210  0.414   2.02    237
MS_1008.1-1224               926   0.29   3.96  6.71  0.00  0.00 20.49 17.49 25.71  0.72  0.72  0.72   3.61e-03   3.53e-03   3.73e-03  0.00  0.00  0.00   0.00e+00   0.00e+00   0.00e+00  0.3010  0.336   3.12    254
MS_1054.5-0321               512   0.12   2.20  3.69  0.00  0.00 13.26 10.87 16.44  0.07  0.07  0.07   1.51e-03   1.47e-03   1.55e-03  0.00  0.00  0.00   0.00e+00   0.00e+00   0.00e+00  0.8300  0.124   1.33    219
MS_1137.5+6625               536   0.12   1.59  1.18  0.00  0.00 79.87 60.16 79.90  0.30  0.30  0.30   9.70e-04   9.20e-04   9.93e-04  0.00  0.00  0.00   0.00e+00   0.00e+00   0.00e+00  0.7820  0.054   2.12    155
MS_1455.0+2232              4192   0.33   3.54  3.35  0.00  0.00  4.58  4.43  4.74  0.35  0.35  0.35   4.45e-03   4.41e-03   4.51e-03  0.00  0.00  0.00   0.00e+00   0.00e+00   0.00e+00  0.2590  0.363   1.46    380
MS_1621.5+2640               546   0.21   2.92  3.59  0.00  0.00  6.74  5.80  7.98  0.30  0.30  0.30   1.54e-03   1.49e-03   1.60e-03  0.00  0.00  0.00   0.00e+00   0.00e+00   0.00e+00  0.4260  0.128   1.06    163
MS_2053.7-0449              1667   0.16   2.55  5.16  0.00  0.00  3.61  2.77  4.79  0.31  0.31  0.31   4.28e-04   3.74e-04   4.77e-04  0.00  0.00  0.00   0.00e+00   0.00e+00   0.00e+00  0.5830  0.021   1.07     82
MS_2137.3-2353               928   0.28   2.62  3.40  0.00  0.00  5.60  5.23  6.02  0.53  0.53  0.53   2.92e-03   2.87e-03   2.96e-03  0.00  0.00  0.00   0.00e+00   0.00e+00   0.00e+00  0.3130  0.445   1.19    231
OPHIUCHUS                   3200   2.89   3.00 19.84  0.00  0.00 35.42 30.87 40.49  0.30  0.30  0.30   6.37e-03   6.21e-03   6.55e-03  0.00  0.00  0.00   0.00e+00   0.00e+00   0.00e+00  0.0280  0.753   2.94    363
PKS_0745-191                 508   0.80   2.98 40.82  0.00  0.00 79.90 78.25 79.90  0.30  0.30  0.30   6.93e-02   6.86e-02   7.01e-02  0.00  0.00  0.00   0.00e+00   0.00e+00   0.00e+00  0.1028  5.718   3.82    388
PKS_0745-191                6103   0.80   4.10 40.80  0.00  0.00  9.30  8.79  9.87  0.30  0.30  0.30   3.34e-02   3.30e-02   3.37e-02  0.00  0.00  0.00   0.00e+00   0.00e+00   0.00e+00  0.1028  2.659   1.05    361
RBS_0797                    2202   0.25   4.10  2.22  0.00  0.00  7.91  6.97  9.08  0.30  0.30  0.30   4.84e-03   4.71e-03   4.98e-03  0.00  0.00  0.00   0.00e+00   0.00e+00   0.00e+00  0.3540  0.431   1.13    166
RX_J0647.7+7015             3584   0.16   4.10  5.18  0.00  0.00 11.88  9.52 15.34  0.30  0.30  0.30   2.55e-03   2.45e-03   2.65e-03  0.00  0.00  0.00   0.00e+00   0.00e+00   0.00e+00  0.5840  0.160   1.37    148
RX_J0819.6+6336             2199   0.70   2.98  4.11  0.00  0.00  4.08  3.65  4.59  0.30  0.30  0.30   2.33e-03   2.27e-03   2.41e-03  0.00  0.00  0.00   0.00e+00   0.00e+00   0.00e+00  0.1190  0.396   1.14    145
RX_J0820.9+0752             1647   0.75   3.03  2.37  0.00  0.00 79.90 64.28 79.90  0.30  0.30  0.30   4.44e-03   4.17e-03   4.65e-03  0.00  0.00  0.00   0.00e+00   0.00e+00   0.00e+00  0.1100  0.584   1.25     62
RX_J1347.5-1145             3592   0.20   4.10  4.89  0.00  0.00 13.96 13.14 14.88  0.30  0.30  0.30   1.01e-02   9.98e-03   1.02e-02  0.00  0.00  0.00   0.00e+00   0.00e+00   0.00e+00  0.4510  0.737   1.12    410
RX_J1347.5-1145              507   0.20   3.08  4.89  0.00  0.00 15.21 13.15 17.82  0.37  0.37  0.37   1.03e-02   1.01e-02   1.05e-02  0.00  0.00  0.00   0.00e+00   0.00e+00   0.00e+00  0.4510  1.213   1.21    211
RX_J1423.8+2404             1657   0.17   4.10  2.65  0.00  0.00  5.80  4.79  7.13  0.30  0.30  0.30   1.81e-03   1.70e-03   1.91e-03  0.00  0.00  0.00   0.00e+00   0.00e+00   0.00e+00  0.5450  0.116   1.17    117
RX_J1423.8+2404             4195   0.17   2.93  2.65  0.00  0.00  4.35  4.10  4.61  0.30  0.30  0.30   1.93e-03   1.90e-03   1.97e-03  0.00  0.00  0.00   0.00e+00   0.00e+00   0.00e+00  0.5450  0.170   1.17    344
RX_J1532.9+3021             1649   0.25   2.89  2.21  0.00  0.00  5.59  5.07  6.22  0.34  0.34  0.34   4.77e-03   4.64e-03   4.89e-03  0.00  0.00  0.00   0.00e+00   0.00e+00   0.00e+00  0.3450  0.616   0.84    151
RX_J1532.9+3021             1665   0.25   4.10  2.21  0.00  0.00  5.81  5.19  6.54  0.30  0.30  0.30   4.93e-03   4.77e-03   5.09e-03  0.00  0.00  0.00   0.00e+00   0.00e+00   0.00e+00  0.3450  0.407   0.89    148
RX_J1720.1+2638             4361   0.51   4.10  4.02  0.00  0.00  7.63  7.24  8.05  0.30  0.30  0.30   1.03e-02   1.02e-02   1.04e-02  0.00  0.00  0.00   0.00e+00   0.00e+00   0.00e+00  0.1640  1.065   1.13    351
RX_J1720.2+3536             3280   0.23   4.10  3.35  0.00  0.00  6.52  5.82  7.36  0.30  0.30  0.30   3.03e-03   2.94e-03   3.13e-03  0.00  0.00  0.00   0.00e+00   0.00e+00   0.00e+00  0.3913  0.237   1.52    183
SERSIC_159-03               1668   1.40   2.93  1.89  0.00  0.00  2.60  2.49  2.70  0.30  0.30  0.30   6.65e-03   6.54e-03   6.76e-03  0.00  0.00  0.00   0.00e+00   0.00e+00   0.00e+00  0.0580  1.165   1.16    172
ZWCL_1358+6245               516   0.26   3.47  1.94  0.00  0.00 17.02 13.88 21.30  0.30  0.30  0.30   2.92e-03   2.83e-03   3.02e-03  0.00  0.00  0.00   0.00e+00   0.00e+00   0.00e+00  0.3280  0.387   1.07    272
ZWICKY_2701                 3195   0.40   3.03  0.83  0.00  0.00  4.91  4.58  5.29  0.30  0.30  0.30   3.15e-03   3.09e-03   3.21e-03  0.00  0.00  0.00   0.00e+00   0.00e+00   0.00e+00  0.2100  0.480   1.17    223
