NGC_221 (M32):
5690
2894
2494
2017
1584
1580
1576
314
313

NGC_821:
6314
6313
6310
5692
5691
4408
4006

NGC_1399:
239
319
320
2942
4172
4174
9798
9799

NGC_3377:
2934

NGC_3379:
1587
4692
7073
7074
7075
7076

NGC_3608:
2073

NGC_4261:
834

NGC_4291:
NONE

NGC_4374:
401
803
5908
6131

NGC_4473:
4688

NGC_4486 (M87):
2707
3717
4007

NGC_4649:
785
8182
8507

NGC_4697:
784
4727
4728
4729
4730

NGC_4742:
NONE

NGC_5845:
788
4009
7923

NGC_6251:
847
4130

NGC_7052:
2931

NGC_2778:
NONE

NGC_2787:
388
4689

NGC_3384:
1587
4692
7073
7074
7075
7076

NGC_4564:
4008

NGC_7457:
4697

NGC_1023:
4696

NGC_3031 (M81):
390
735
5935
5936
5937
5938
5939
5940
5941
5942
5943
5944
5945
5946
5947
5948
5949
9805

NGC_3115:
2040

NGC_3245:
2926

NGC_4258:
349
350
1618
2340

NGC_4594:
407
1586

NGC_5128 (CEN_A):
316
962
2978
3965
7797
7798
7799
7800
8489
8490

NGC_5252:
4054

IC 1459:
2196

CYGNUS_A:
359
360
1707
5830
5831
6225
6226
6228
6229
6250
6252

MILKY_WAY:
UMMM...

M31:
303
305
306
307
308
309
310
311
312
1575
1577
1581
1582
1583
1585
1854
2895
2896
2897
2898
4360
4678
4679
4680
4681
4682
4719
4720

NGC_1068:
343
344
370

NGC_4459:
2927

NGC_4596:
2928

NGC_4342:
4687
7129

NGC_7332:
NONE