CID_0072                       7321   4025   4005    860    2500   0.0344   2.43   2.88   0.60  44.26    i3   0.0000     y    000   /mnt/DROBO
CID_0072                       2018   4052   4172    500    2500   0.0344   2.43   2.88   0.60  44.26    s3   0.0000     y    000   /mnt/DROBO
CID_0072                       6949   4007   3966    850    2500   0.0344   2.43   2.88   0.60  44.26    i3   0.0000     y    000   /mnt/DROBO
CID_0072                       7322   3971   3938    809    2500   0.0344   2.43   2.88   0.60  44.26    i3   0.0000     y    000   /mnt/DROBO
M87                            5826   4093   4005   1215  200000   0.0044   2.54   2.50   0.30  00.00    i3   0.0000     y    000   /mnt/DROBO
M87                            5827   4032   4161   1212  200000   0.0044   2.54   2.50   0.30  00.00    i3   0.0000     y    000   /mnt/DROBO
MACS_J0011.7-1523              6105   4033   3907    757    5000   0.3600   2.08   5.42   0.30   0.00    i3   1.4706     n    179   /mnt/DROBO
MACS_J0011.7-1523              3261   4232   4338    702    5000   0.3600   2.08   5.42   0.30   0.00    i3   1.4706     y      0   /mnt/DROBO
MACS_J0257.1-2325              1654   4306   3774    609    5000   0.5053   2.09  10.50   0.30   0.00    i3   1.3286     y    150   /mnt/DROBO
MACS_J0257.1-2325              3581   4067   3699    625    5000   0.5053   2.09  10.50   0.30   0.00    i3   1.3286     y    150   /mnt/DROBO
MACS_J1115.2+5320              3253   3815   4178    708    5000   0.4390   0.98   8.03   0.30   0.00    i3   1.3899     y      0   /mnt/DROBO
MACS_J1115.2+5320              5008   4038   4509    618    5000   0.4390   0.98   8.03   0.30   0.00    i3   1.3899     y      0   /mnt/DROBO
MACS_J1115.2+5320              5350   4281   4458    606    5000   0.4390   0.98   8.03   0.30   0.00    i3   1.3899     y      0   /mnt/DROBO
NGC_4636                       4415   4173   3893    765    5000   0.0031   1.90   0.66   0.30  42.30    i3   0.0000     y      0   /mnt/DROBO
NGC_4636                       3926   4191   3834    730    5000   0.0031   1.90   0.66   0.30  42.30    i3   0.0000     y      0   /mnt/DROBO
RBS_0533                       3186   3994   4584    594    5000   0.0123  11.52   1.29   0.36   0.00    i3   1.9757     y      0   /mnt/DROBO
RBS_0533                       3187   4326   4398    674    5000   0.0123  11.52   1.29   0.36   0.00    i3   1.9757     y      0   /mnt/DROBO
RBS_0533                       5800   4038   3375    354    5000   0.0123  11.52   1.29   0.36   0.00    s3   1.9757     y      0   /mnt/DROBO
RBS_0533                       5801   4276   4338    335    5000   0.0123  11.52   1.29   0.36   0.00    s3   1.9757     y      0   /mnt/DROBO
RX_J0439.0+0715                3583   4269   4454    594    5000   0.2300  11.16   6.50   0.30  13.25    i3   1.6129     y    124   /mnt/DROBO
RX_J0439.0+0715                1449   4398   3905    680    5000   0.2300  11.16   6.50   0.30  13.25    i3   1.6129     y    124   /mnt/DROBO
RX_J0647.7+7015                3196   4028   3819    600    5000   0.5840   5.18   9.07   0.30   0.00    i3   1.2626     y    110   /mnt/DROBO
RX_J0647.7+7015                3584   4114   3694    610    5000   0.5840   5.18   9.07   0.30   0.00    i3   1.2626     y    110   /mnt/DROBO
RX_J1423.8+2404                1657   3774   4324    601    5000   0.5450   2.65   5.92   0.30   0.00    i3   1.2945     y     98   /mnt/DROBO
RX_J1423.8+2404                4195   4075   4245    357    5000   0.5450   2.65   5.92   0.30   0.00    s3   1.2945     y    188   /mnt/DROBO
RX_J1720.2+3536                7225   4276   4176    600    5000   0.3913   3.35   5.65   0.30   0.00    i3   1.4375     y     46   /mnt/DROBO
RX_J1720.2+3536                3280   4279   4299    690    5000   0.3913   3.35   5.65   0.30   0.00    i3   1.4375     y    150   /mnt/DROBO
RX_J1720.2+3536                6107   4274   4176    600    5000   0.3913   3.35   5.65   0.30   0.00    i3   1.4375     y    188   /mnt/DROBO
2PIGG_J0011.5-2850                   5797   4290   4043    813    5000   0.0753   2.18   5.86   0.21   0.00    i3   1.8599     y      0   /mnt/DROBO
2PIGG_J2227.0-3041                   5798   3899   4384    720    5000   0.0729   1.11   2.79   0.37   0.00    i2   1.8641     y      0   /mnt/DROBO
3C_28.0                              3233   3962   4080    835    5000   0.1952   5.71   3.90   0.12  14.59    i3   1.6734     y    739   /mnt/DROBO
3C_388                               5295   4339   4077    770    5000   0.0917   6.11   3.50   0.30   1.36    i3   1.8320     n    214   /mnt/DROBO
4C_55.16                             4940   3990   3990    360    5000   0.2420   4.00   4.21   0.29   0.00    s3   1.6103     y    240   /mnt/DROBO
ABELL_0013                           4945   3909   3945    550    5000   0.0940   2.03   6.51   0.41   0.00    s3   1.8282     y      0   /mnt/DROBO
ABELL_0160                           3219   4190   4038    960    5000   0.0447   4.38   2.70   0.40  00.00    i3   0.0000     y    000   /mnt/DROBO
ABELL_0193                           6931   4141   4239    520    5000   0.0485   4.57   2.50   0.35  43.09    s3   0.0000     y      0   /mnt/DROBO
ABELL_0368                           9412   4036   4365    760    2500   0.2200   1.75   5.62   0.45  00.00    i3   0.0000     y      0   /mnt/DROBO
ABELL_1063S                          4966   4146   3818    771    5000   0.3540   1.77  11.10   0.08  43.20    i3   1.5974     y    200   /mnt/DROBO
ABELL_1201                           4216   4177   3967    335    5000   0.1688   1.85   6.90   0.30   6.28    s3   1.7112     n    240   /mnt/DROBO
ABELL_1240                           4961   4072   4056    999    2500   0.1590   2.04   4.77   0.18   0.00    i3   0.0000     y      0   /mnt/DROBO
ABELL_1361                           2200   4233   4017    540    2500   0.1171   2.18   4.08   0.61   3.59    s3   1.7904     y    000   /mnt/DROBO
ABELL_1569                           6100   4372   3540    760    5000   0.0735   2.22   2.51   0.30   0.00    i3   0.0000     y      0   /mnt/DROBO
ABELL_2069                           4965   4169   3765    834    5000   0.1160   1.97   7.90   0.30   8.92    i2   1.7921     y    540   /mnt/DROBO
ABELL_2294                           3246   4458   4006    620    2500   0.1780   6.10   7.10   0.30   6.62    i3   1.6978     y    276   /mnt/DROBO
ABELL_2384                           4202   4021   4375    760    5000   0.0945   2.99   3.80   0.30   0.00    i3   1.8273     y    344   /mnt/DROBO
ABELL_2409                           3247   4045   4550    470    2500   0.1479   6.72   5.50   0.30   8.06    i3   1.7423     y    300   /mnt/DROBO
ABELL_2462                           4159   4108   4161    730    5000   0.0737   3.30   2.50   0.24  43.30    s3   0.0000     y    000   /mnt/DROBO
ABELL_3084                           9413   3967   4339    737    2500   0.0977   2.13   4.56   0.30  00.00    i3   0.0000     y      0   /mnt/DROBO
ABELL_3120                           6951   3994   3744    677    2500   0.0690   2.43   4.39   0.50  00.00    i3   0.0000     y    000   /mnt/DROBO
ABELL_S0405                          8272   3916   4444    817    2500   0.0613   7.23   4.63   0.23  00.00    i3   0.0000     y      0   /mnt/DROBO
ABELL_S0592                          9420   3957   4355    640    5000   0.2216   6.41   8.24   0.63  00.00    i3   0.0000     y      0   /mnt/DROBO
EXO_0422-086                         4183   4102   4066    960    5000   0.0397   6.22   3.28   0.30   0.00    i3   1.9236     y    318   /mnt/DROBO
ESO_5520200                          3206   4204   3843    704    5000   0.0314   4.29   2.34   0.30   0.00    i3   1.9391     y    176   /mnt/DROBO
MACS_J0035.4-2015                    3262   4127   4364    718    2500   0.3644   1.55   7.39   0.30   0.00    i3   1.4658     y      0   /mnt/DROBO
MACS_J0242.5-2132                    3266   4149   4367    683    2500   0.3140   2.71   6.22   0.20   0.00    i3   1.5221     n    112   /mnt/DROBO
MACS_J0257.6-2209                    3267   4389   4135    600    2500   0.3224   2.02   7.40   0.41   0.00    i3   1.5124     y    162   /mnt/DROBO
MACS_J0308.9+2645                    3268   4182   4362    713    2500   0.3240  11.88   7.37   0.17   0.00    i3   1.5106     y      0   /mnt/DROBO
MACS_J0520.7-1328                    3272   4183   4355    717    2500   0.3398   8.88   6.27   0.30   0.00    i3   1.4928     y      0   /mnt/DROBO
MACS_J0547.0-3904                    3273   4230   3856    678    2500   0.2100   4.08   2.96   0.30   0.00    i3   1.6529     n    119   /mnt/DROBO
MACS_J1115.8+0129                    3275   4224   3860    650    2500   0.1200   4.36   4.10   0.30   0.00    i3   1.7857     n    146   /mnt/DROBO
MACS_J1131.8-1955                    3276   3970   4342    600    2500   0.3070   4.49   8.30   0.47   0.00    i3   1.5302     y    176   /mnt/DROBO
MACS_J1206.2-0847                    3277   4210   3850    600    5000   0.4400   4.15   7.88   0.30   0.00    i3   1.3889     y    214   /mnt/DROBO
MACS_J1931.8-2634                    3282   4125   4371    670    2500   0.3520   9.13   7.50   0.20   0.00    i3   1.4793     n    148   /mnt/DROBO
MACS_J2049.9-3217                    3283   4097   4365    722    2500   0.3254   5.99   6.98   0.30   0.00    i3   1.5090     y      0   /mnt/DROBO
MACS_J2211.7-0349                    3284   4151   4383    600    5000   0.2700   5.86  10.51   0.30   0.00    i3   1.5748     y    202   /mnt/DROBO
MACS_J2228+2036                      3285   4298   4290    716    2500   0.4120   4.52   8.40   0.35   0.00    i3   1.4164     n    162   /mnt/DROBO
MACS_J2229.7-2755                    3286   4202   4349    684    2500   0.3240   1.34   5.50   0.30   0.00    i3   1.5106     n    117   /mnt/DROBO
MACS_J2245.0+2637                    3287   4154   4366    600    2500   0.3040   5.50   5.10   0.68   0.00    i3   1.5337     y    136   /mnt/DROBO
MS_0016.9+1609                        520   4073   3627    608    5000   0.5410   4.06   9.90   0.30  46.05    i3   1.2979     y    240   /mnt/DROBO
MS_0116.3-0115                       4963   4132   4303    400    2500   0.0452   3.83   1.84   0.38  00.00    s3   0.0000     y    000   /mnt/DROBO
MS_0906.5+1110                        924   4550   3794    585    5000   0.1630   3.60   8.10   0.30   0.00    i3   1.7197     y    254   /mnt/DROBO
MS_J1157.3+5531                      4964   3948   3940    420    5000   0.0810   1.22   2.91   0.69   0.00    s3   1.8501     y      0   /mnt/DROBO
M49                                   321   4046   4132    530    5000   0.0033   1.43   1.33   0.30  42.30    s3   0.0000     y      0   /mnt/DROBO
RBS_0461                             4182   4048   4240    868    5000   0.0290  16.16   2.60   0.30   0.00    i3   0.0000     y    000   /mnt/DROBO
RX_J0220.9-3829                      9411   3997   4348    750    2500   0.2287   1.85   4.86   0.42  00.00    i3   0.0000     y      0   /mnt/DROBO
RX_J0439+0520                         527   4294   3655    580    2000   0.2080  10.02   4.63   0.30   0.00    i3   1.6556     y    000   /mnt/DROBO
RX_J0528.9-3927                      4994   3935   4328    730    2500   0.2632   2.36   9.77   0.27   0.00    i3   1.5833     y      0   /mnt/DROBO
RX_J0819.6+6336                      2199   4143   3943    364    2500   0.1190   4.11   3.90   0.30   2.83    s3   1.7873     y    000   /mnt/DROBO
RX_J1000.4+4409                      9421   3969   3837    782    2500   0.1540   1.08   3.42   0.20   0.00    i3   0.0000     y      0   /mnt/DROBO
RX_J1022.1+3830                      6942   4074   4069    496    5000   0.0491   1.41   3.04   0.45   0.00    s3   0.0000     y      0   /mnt/DROBO
RX_J1130.0+3637                      6945   4018   3994    490    5000   0.0600   2.10   2.02   0.31  00.00    s3   0.0000     y    000   /mnt/DROBO
RX_J1504.1-0248                      5793   4131   3827    685    5000   0.2150   6.27   8.90   0.30   0.00    i3   1.6461     n    320   /mnt/DROBO
RX_J1852.1+5711                      5749   3958   3852    720    2500   0.1094   5.17   3.44   0.21  00.00    i3   0.0000     y    000   /mnt/DROBO
SERSIC_159-03                        1668   4203   3998    357    5000   0.0580   1.89   2.65   0.30   1.90    s3   1.8904     y    306   /mnt/DROBO
SS2B153                              3243   4182   3798    412    5000   0.0186   4.12   0.80   0.29   0.00    s3   1.9635     y      0   /mnt/DROBO
UGC_03957                            8265   3782   3897   1000    5000   0.0341   4.63   2.96   0.37   0.00    i3   0.0000     y      0   /mnt/DROBO
ZwCl_0857.9+2107                     7897   4146   3912    830    2500   0.2350   3.38  12.10   0.21  44.91    i3   0.0000     y      0   /mnt/DROBO
ZWCL_1358+6245                        516   4215   4283    423    5000   0.3280   1.94   7.20   0.30   0.00    s3   1.5060     y    000   /mnt/DROBO
ZWCL_1215                            4184   3983   4113    900    5000   0.0750   1.76   3.00   0.30   5.24    i3   1.8605     y    344   /mnt/DROBO
ZWCL_1742                            8267   4332   4010    800    5000   0.0757   3.66   4.40   0.46   0.00    i3   0.0000     y      0   /mnt/DROBO
ZWCL_1953                            1659   4230   3710    535    2500   0.3800   3.10  14.50   0.30  34.12    i3   1.4493     y    150   /mnt/DROBO
ZWCL_3146                             909   4022   4238    630    5000   0.2900   2.70  12.80   0.30  26.47    i3   1.5504     y    292   /mnt/DROBO
ZWCL_7160                             543   3682   4186    555    2500   0.2578   3.10   9.60   0.30  13.19    i3   1.5901     y    124   /mnt/DROBO
ZWICKY_2701                          3195   4171   3961    370    5000   0.2100   0.83   4.44   0.30  10.68    s3   1.6529     y    176   /mnt/DROBO
RX_J1539.5-8335                      8266   4275   4304    747    2500   0.0728   7.78   3.81   0.50  44.00    i3   0.0000     y      0   /mnt/DROBO
RCS_J2327-0204                       7355   4057   3917    470    2500   0.2000   4.84   7.06   0.21  44.00    s3   0.0000     y      0   /mnt/DROBO
UGC_12491                            7896   3999   4096    516    2500   0.0174  10.80   0.87   0.25  44.00    s3   0.0000     y      0   /mnt/DROBO
RXCJ0331.1-2100                     10790   4257   3874    690    2500   0.1880   2.14   4.61   0.75  44.00    i3   0.0000     y      0   /mnt/DROBO
RXCJ0331.1-2100                      9415   4257   3874    690    2500   0.1880   2.14   4.61   0.75  44.00    i3   0.0000     y      0   /mnt/DROBO
MACS_J1115.8+0129           9375     4209     3929    750    2500   0.3521   4.14   9.26   0.24  44.00    i3   0.0000     y      0           /mnt/DROBO
