2A_0335+096                  919   4055   3795    488    5000   0.0347  18.11   2.88   0.57  44.98    s3   0.0000     y      0   /mnt/DROBO
3C_129                      2219   3927   4193   1163    5000   0.0223  70.67   5.60   0.30  44.70    i3   0.0000     y      0   /mnt/DROBO
3C_129                      2218   2681   4428    620    5000   0.0223  70.67   5.60   0.30  44.70    s4   0.0000     y      0   /mnt/DROBO
ABELL_0085                   904   3969   4613    586    5000   0.0558   3.65   6.90   0.37  13.15    i0   1.8943     y    583   /mnt/DROBO
ABELL_0262                  7921   4086   4107    797   20000   0.0164   5.64   2.18   0.42  43.86    s3   0.0000     y      0   /mnt/DROBO
ABELL_0262                  2215   4053   3959    350   20000   0.0164   5.64   2.18   0.42  43.86    s3   0.0000     y      0   /mnt/DROBO
ABELL_0399                  3230   4039   4147   1016    5000   0.0716  11.51   5.80   0.23   6.40    i0   1.8664     y    812   /mnt/DROBO
ABELL_0401                  2309   4053   4903    515    5000   0.0745  12.48   8.07   0.28  45.48    i2   0.0000     y    515   /mnt/DROBO
ABELL_0401                   518   4027   4034    990    5000   0.0745  12.48   8.07   0.28  45.48    i3   0.0000     y    990   /mnt/DROBO
ABELL_0426                  3209   4066   3953    650    5000   0.0179  14.56   3.55   0.59   0.00    s3   1.9648     y      0   /mnt/DROBO
ABELL_0426                  4289   4066   3954    650    5000   0.0179  14.56   3.55   0.59   0.00    s3   1.9648     y      0   /mnt/DROBO
ABELL_0478                  1669   4141   4308    414    5000   0.0883  30.90   7.07   0.31  45.69    s3   1.8377     y    412   /mnt/DROBO
ABELL_0478                  6102   4210   3930    812    5000   0.0883  30.90   7.07   0.31  45.69    i3   1.8377     y    422   /mnt/DROBO
ABELL_0496                  3361   4130   4016    300    5000   0.0328   4.57   3.89   0.47  44.82    s3   1.9365     y    300   /mnt/DROBO
ABELL_0576                  3289   4081   3837    477    5000   0.0385   5.57   4.09   0.46  44.45    s3   1.9259     y    477   /mnt/DROBO
ABELL_0644                  2211   3909   4329    778    5000   0.0698   6.31   6.60   0.29   4.33    i3   1.8695     y    708   /mnt/DROBO
ABELL_0754                   577   3717   3926    760    5000   0.0543   4.60   9.94   0.32  45.46    i3   0.0000     y    760   /mnt/DROBO
ABELL_1060                  2220   3412   4396    446    5000   0.0125   4.96   3.20   0.37  43.91    i3   1.9753     y    444   /mnt/DROBO
ABELL_1644                  7922   4717   3657    645    5000   0.0471   5.69   4.60   0.50   0.00    i3   0.0000     y      0   /mnt/DROBO
ABELL_1644                  2206   4652   3610    570    5000   0.0471   5.69   4.60   0.50   0.00    i3   0.0000     y      0   /mnt/DROBO
ABELL_1650                  4178   4035   4231    358    5000   0.0843   1.62   5.89   0.40  45.31    s3   1.8445     y    354   /mnt/DROBO
ABELL_1651                  4185   4186   4035    888    5000   0.0840   2.02   7.00   0.32   3.30    i3   1.8450     y    370   /mnt/DROBO
ABELL_1689                  1663   4263   3690    650    5000   0.1843   1.87  10.10   0.25   0.00    i3   1.6888     y      0   /mnt/DROBO
ABELL_1689                  5004   4209   3715    607    5000   0.1843   1.87  10.10   0.25  26.10    i3   1.6888     y    332   /mnt/DROBO
ABELL_1689                   540   3612   4069    804    5000   0.1843   1.87  10.10   0.25   0.00    i3   1.6888     y      0   /mnt/DROBO
ABELL_1736                  4186   4277   4291    820    5000   0.0338   5.13   3.45   0.44  44.41    i1   0.0000     y      0   /mnt/DROBO
ABELL_1795                   493   3999   3967    366    5000   0.0622   1.17   5.49   0.37  45.47    s3   0.0000     y      0   /mnt/DROBO
ABELL_1795                  5289   4157   3932    803    5000   0.0625   1.22   7.80   0.37  14.73    i3   1.8824     y    604   /mnt/DROBO
ABELL_2029                  4977   4176   3973    366    5000   0.0765   3.26   7.38   0.42  45.77    s3   1.8579     y    363   /mnt/DROBO
ABELL_2029                  6101   4300   4067    815    5000   0.0765   3.26   7.38   0.42  45.77    i3   1.8579     y    500   /mnt/DROBO
ABELL_2029                   891   4033   3960    366    5000   0.0761   3.15   7.40   0.41  45.76    s3   0.0000     y      0   /mnt/DROBO
ABELL_2052                  5807   4085   3946    357    5000   0.0353   2.85   2.98   0.54  44.72    s3   0.0000     y    357   /mnt/DROBO
ABELL_2052                   890   4073   4161    280    5000   0.0353   2.85   2.98   0.54  44.72    s3   0.0000     y      0   /mnt/DROBO
ABELL_2063                  4187   4107   3954    840    5000   0.0351   3.21   3.61   0.37  44.53    i3   0.0000     y      0   /mnt/DROBO
ABELL_2063                  6263   4082   3924    340    5000   0.0351   3.21   3.61   0.37  44.53    s3   0.0000     y      0   /mnt/DROBO
ABELL_2065                 31821   4060   4244    790   10000   0.0730   2.96   5.35   0.28   0.00    i3   1.8639     y      0   /mnt/DROBO
ABELL_2142                  5005   3774   3758    800   10000   0.0898   4.31   8.24   0.28  45.81    i3   0.0000     y    564   /mnt/DROBO
ABELL_2142                  1228   4044   4127    320   10000   0.0898   4.31   8.24   0.28  45.81    s3   0.0000     y    320   /mnt/DROBO
ABELL_2142                  1196   4044   4127    320   10000   0.0898   4.31   8.24   0.28  45.81    s3   0.0000     y    320   /mnt/DROBO
ABELL_2147                  3211   3913   4107    947    5000   0.0356   3.38   4.45   0.35  44.67    i1   1.9312     y    681   /mnt/DROBO
ABELL_2199                   497   3957   4035    353    5000   0.0300   0.88   4.14   0.43  44.90    s3   1.9417     y    352   /mnt/DROBO
ABELL_2204                  7940   3856   3948    800   10000   0.1524   5.84   6.97   0.38  45.83    i3   1.7355     y    280   /mnt/DROBO
ABELL_2204                  6104   3973   4253    827   10000   0.1524   5.84   6.97   0.38  45.83    i3   1.7355     y    280   /mnt/DROBO
ABELL_2204                   499   4020   4234    377   10000   0.1524   5.84   6.97   0.38  45.83    s3   1.7355     y    377   /mnt/DROBO
ABELL_2244                  4179   4146   4240    361    5000   0.0967   2.09   5.57   0.29  45.35    s3   1.8237     y    360   /mnt/DROBO
ABELL_2255                   894   4122   4102    970    5000   0.0805   2.53   6.42   0.25  45.17    i3   1.8510     y    855   /mnt/DROBO
ABELL_2256                  1386   4260   4179    830    5000   0.0579   4.05   6.90   0.30   0.00    i3   1.8905     y      0   /mnt/DROBO
ABELL_2256                  2419   4262   3895    505    5000   0.0579   4.05   6.90   0.30   0.00    s3   1.8905     y      0   /mnt/DROBO
ABELL_2319                  3231   4005   4029    947    5000   0.0562   9.05   9.49   0.25  45.70    i1   1.8936     y    904   /mnt/DROBO
ABELL_2597                   922   4129   4175    138    5000   0.0854   2.51   3.58   0.37  45.10    s3   1.8426     y    134   /mnt/DROBO
ABELL_3112                  2516   4167   3961    366    5000   0.0720   2.50   4.28   0.51  45.17    s3   1.8657     y    366   /mnt/DROBO
ABELL_3158                  3201   4101   4187    863    5000   0.0580   1.60   5.50   0.30   0.40    i3   1.8904     y    760   /mnt/DROBO
ABELL_3158                  3712   4101   4187    800    5000   0.0586   1.60   4.94   0.36  45.10    i3   0.0000     y    800   /mnt/DROBO
ABELL_3266                   899   3341   3987    463    5000   0.0590   1.72   8.35   0.32  45.39    i1   1.8886     y    462   /mnt/DROBO
ABELL_3395                  4944   4345   4076    764    5000   0.0510   6.94   5.13   0.39   0.00    i3   1.9029     y      0   /mnt/DROBO
ABELL_3558                  1646   4255   4120    370    5000   0.0480   3.84   5.51   0.33  45.12    s3   1.9084     y    365   /mnt/DROBO
ABELL_3562                  4167   4057   3697    660    5000   0.0490   3.90   3.80   0.30   0.50    i2   1.9066     y    448   /mnt/DROBO
ABELL_3571                  4203   4019   4139    751    5000   0.0391   4.66   7.60   0.30   1.80    s3   1.9247     y    262   /mnt/DROBO
ABELL_3667                  5751   4555   4415    745    5000   0.0556   5.45   6.72   0.29  45.34    i3   1.8947     y    744   /mnt/DROBO
ABELL_3667                  5752   4467   4576    745    5000   0.0556   5.45   6.72   0.29  45.34    i3   1.8947     y    744   /mnt/DROBO
ABELL_3667                  5753   4629   4320    745    5000   0.0556   5.45   6.72   0.29  45.34    i3   1.8947     y    744   /mnt/DROBO
ABELL_3667                   889   3252   3523    635    5000   0.0566   5.45   6.72   0.29  45.34    i2   1.8947     y    745   /mnt/DROBO
ABELL_4038                  4992   4074   4084    976    5000   0.0300   1.57   3.30   0.30   0.00    i2   1.9417     y    864   /mnt/DROBO
ABELL_4059                  5785   4059   4245    485    5000   0.0475   1.09   4.69   0.62   0.00    s3   1.9093     y      0   /mnt/DROBO
ABELL_4059                   897   4225   4118    655    5000   0.0475   1.09   4.69   0.62   0.00    s3   1.9093     y      0   /mnt/DROBO
AWM7                         908   4370   3478    510    5000   0.0172  10.34   3.71   0.51  44.47    i3   0.0000     y      0   /mnt/DROBO
CENTAURUS                   5310   4337   4111    580   20000   0.0109   8.06   3.96   0.53  44.12    s3   0.0000     y      0   /mnt/DROBO
CENTAURUS                   4190   4698   3935    400   20000   0.0109   8.06   3.96   0.53  44.12    s3   0.0000     y      0   /mnt/DROBO
CENTAURUS                   4191   4149   4706    520   20000   0.0109   8.06   3.96   0.53  44.12    s3   0.0000     y      0   /mnt/DROBO
CENTAURUS                   4954   4276   4113    540   20000   0.0109   8.06   3.96   0.53  44.12    s3   0.0000     y      0   /mnt/DROBO
CENTAURUS                   4955   4215   4115    530   20000   0.0109   8.06   3.96   0.53  44.12    s3   0.0000     y      0   /mnt/DROBO
CENTAURUS                    504   4106   4259    520   20000   0.0109   8.06   3.96   0.53  44.12    s3   0.0000     y      0   /mnt/DROBO
CENTAURUS                    505   4065   4259    530   20000   0.0109   8.06   3.96   0.53  44.12    s3   0.0000     y      0   /mnt/DROBO
COMA                         556   4418   4031    515    5000   0.0231   0.92   5.10   0.15   0.00    s3   0.0000     y    515   /mnt/DROBO
CYGNUS_A                     360   4066   4024    292    5000   0.0561  35.23  10.40   0.72  45.47    s3   1.8938     y    291   /mnt/DROBO
HYDRA_A                     4970   4119   3945    568    5000   0.0549   4.82   4.30   0.30   6.19    s3   1.8959     y    564   /mnt/DROBO
HYDRA_A                      576   4111   4066    244    5000   0.0522   4.84   3.55   0.35  45.05    s3   0.0000     y      0   /mnt/DROBO
MKW3S                        900   4254   3746    894    5000   0.0450   3.05   2.18   0.30   0.00    i3   1.9138     y      0   /mnt/DROBO
OPHIUCHUS                   3200   4073   4256    366    5000   0.0280  36.00  10.00   0.30   0.00    s3   1.9455     y    363   /mnt/DROBO
PKS_0745-191                2427   3962   4178    366    5000   0.1028  43.39   6.23   0.35  45.91    s3   0.0000     y      0   /mnt/DROBO
PKS_0745-191                 508   4017   3968    363    5000   0.1028  40.82   8.50   0.30   0.00    s3   1.8136     y    362   /mnt/DROBO
PKS_0745-191                6103   4214   3935    806    5000   0.1028  40.80   8.50   0.30   0.00    i3   1.8136     y    358   /mnt/DROBO
TRIANG_AUSTR                1227   4101   4105   1070    5000   0.0510  13.27  10.19   0.44   0.00    i3   1.9029     y      0   /mnt/DROBO
TRIANG_AUSTR                1281   4044   4140   1144    5000   0.0510  13.27  10.19   0.44   0.00    i3   1.9029     y      0   /mnt/DROBO
VIRGO_CLUSTER                517   4734   5490   1400    5000   0.0036   2.67   2.66   0.30   0.00    i3   1.9928     y      0   /mnt/DROBO
ABELL_0119                  7918   4077   4021   1258    2500   0.0442   3.29   6.04   1.11  44.00    i3   0.0000     y      0   /mnt/DROBO
ABELL_0119                  4180   4151   3985   1147    5000   0.0442   3.30   6.04   1.11  44.00    i3   1.9153     y      0   /mnt/DROBO
ABELL_1367                  4916   0000   0000      0    2500   0.0220   1.78   1.00   0.30  44.00    s3   0.0000     y      0   /mnt/DROBO
ABELL_1367                   514   0000   0000      0    2500   0.0220   1.64   1.00   0.30  44.00    s3   0.0000     y      0   /mnt/DROBO
ABELL_3532                 10745   0000   0000      0    2500   0.0554   0.00   1.00   0.30  44.00    i3   0.0000     y      0   /mnt/DROBO
