ABELL_0085                   904   3969   4613    586    5000   0.0558   3.65   6.90   0.37  13.15    i0   1.8943     y    583   GALACTUS
ABELL_0133                  2203   4196   4107    313    5000   0.0558   1.56   3.71   0.64  44.73    s3   1.8943     y    312   GALACTUS
ABELL_0478                  1669   4141   4309    414    5000   0.0883  30.90   7.07   0.31  45.69    s3   1.8377     y    412   GALACTUS
ABELL_0496                  3361   4130   4016    300    5000   0.0328   4.57   3.89   0.47  44.82    s3   1.9365     y    300   GALACTUS
ABELL_0576                  3289   4081   3837    477    5000   0.0385   5.57   4.09   0.46  44.45    s3   1.9259     y    477   GALACTUS
ABELL_0695                  7917   4082   3946    340    5000   0.0687   3.74   0.00   0.00   0.00    s3   0.0000     y      0   GALACTUS
ABELL_0695                  8500   4082   3945    354    5000   0.0687   3.74   0.00   0.00   0.00    s3   0.0000     y      0   GALACTUS
ABELL_1060                  2220   3412   4396    446    5000   0.0125   4.96   3.20   0.37  43.91    i3   1.9753     y    444   GALACTUS
ABELL_1413                  5003   4933   3926    340    5000   0.1426   2.19   8.90   0.21  13.28    i2   1.7504     y    335   GALACTUS
ABELL_1650                  4178   4035   4231    358    5000   0.0843   1.62   5.89   0.40  45.31    s3   1.8445     y    354   GALACTUS
ABELL_1991                  3193   4209   4018    370    5000   0.0565   2.43   5.40   0.30   1.38    s3   1.8930     y    370   GALACTUS
ABELL_2029                  4977   4176   3974    366    5000   0.0765   3.26   7.38   0.42  45.77    s3   1.8579     y    363   GALACTUS
ABELL_2104                   895   3971   4021    299    5000   0.1554  14.93   9.31   0.32  45.40    s3   1.7310     y    294   GALACTUS
ABELL_2124                  3238   3966   4090    338    5000   0.0658   1.71   2.50   0.30   1.35    s3   1.8765     y    176   GALACTUS
ABELL_2147                  3211   3913   4107    947    5000   0.0356   3.38   4.45   0.35  44.67    i1   1.9312     y    681   GALACTUS
ABELL_2199                   497   3957   4035    353    5000   0.0300   0.88   4.14   0.43  44.90    s3   1.9417     y    352   GALACTUS
ABELL_2244                  4179   4146   4240    361    5000   0.0967   2.09   5.57   0.29  45.35    s3   1.8237     y    360   GALACTUS
ABELL_2319                  3231   4005   4029    947    5000   0.0562   9.05   9.49   0.25  45.70    i1   1.8936     y    904   GALACTUS
ABELL_2589                  3210   4087   4178    290    5000   0.0415   3.98   3.70   0.30   1.88    s3   1.9203     y    276   GALACTUS
ABELL_2597                   922   4129   4175    138    5000   0.0854   2.51   3.58   0.37  45.10    s3   1.8426     y    134   GALACTUS
ABELL_2626                  3192   4178   4229    378    5000   0.0573   4.30   2.90   0.30   1.96    s3   1.8916     y    358   GALACTUS
ABELL_2634                  4816   4038   4057    270    5000   0.0314   5.07   3.40   0.43  44.25    s3   1.9391     n     70   GALACTUS
ABELL_3112                  2516   4167   3961    366    5000   0.0720   2.50   4.28   0.51  45.17    s3   1.8657     y    366   GALACTUS
ABELL_3266                   899   3341   3987    463    5000   0.0590   1.72   8.35   0.32  45.39    i1   1.8886     y    462   GALACTUS
ABELL_3558                  1646   4255   4120    370    5000   0.0480   3.84   5.51   0.33  45.12    s3   1.9084     y    365   GALACTUS
ABELL_3562                  4167   4057   3697    660    5000   0.0490   3.90   3.80   0.30   0.50    i2   1.9066     y    448   GALACTUS
ABELL_3571                  4203   4019   4139    265    5000   0.0391   4.66   7.60   0.30   1.80    s3   1.9247     y    262   GALACTUS
ABELL_3667                  5751   4555   4415    745    5000   0.0556   5.45   6.72   0.29  45.34    i3   1.8947     y    744   GALACTUS
ABELL_4038                  4992   4074   4084    976    5000   0.0300   1.57   3.30   0.30 -88.88    i2   1.9417     y    864   GALACTUS
CL_J0030+2618               1190   4056   4024    304    5000   0.5000   4.10  17.67   0.30   2.61    s3   1.3333     y     90   GALACTUS
CL_J0030+2618               1226   4056   4040    275    5000   0.5000   4.10  17.67   0.30   2.61    s3   1.3333     y     90   GALACTUS
CYGNUS_A                     360   4066   4024    292    5000   0.0561  35.23  10.40   0.72  45.47    s3   1.8938     y    291   GALACTUS
ESO_3060170                 3189   4099   3862    645    5000   0.0358   3.43   2.63   0.30   0.26    i0   1.9309     y    280   GALACTUS
ESO_5520200                 3206   4204   3843    704    5000   0.0314   4.29   2.34   0.30 -88.88    i3   1.9391     y    176   GALACTUS
HYDRA_A                     4970   4119   3945    568    5000   0.0549   4.82   4.30   0.30   6.19    s3   1.8959     y    564   GALACTUS
MKW_04                      3234   4206   3852    467    5000   0.0198   1.90   2.16   0.43  43.16    s3   1.9612     n    343   GALACTUS
OPHIUCHUS                   3200   4073   4256    366    5000   0.0280  36.00  10.00   0.30 -88.88    s3   1.9455     y    363   GALACTUS
RX_J0820.9+0752             1647   4144   3946    370    5000   0.1100   2.37   7.28   0.30   2.09    s3   1.8018     y     84   GALACTUS
SERSIC_159-03               1668   4203   3998    357    5000   0.0580   1.89   2.41   0.30   1.90    s3   1.8904     y    306   GALACTUS
