#Name                      ObsID      X      Y   Rmax  MinCts        z   Nh20     Tx     Fe   Lx44   Lxlo   Lxhi  Chip    E_obs  Diff   Robs            RA           Dec    ExpT     Mode    R12    R45    R67  R12/CR%  R45/CR%  R67/CR%
RX_J1504.1-0248             5793   4131   3827    685    5000   0.2150   6.27   8.00   0.40  34.92  34.32  35.58    i3   1.6461     n    320  15:04:07.415  -02:48:15.70    39.2   VFAINT 0.0145 0.0092 0.0105     0.80     0.51     0.58
MACS_J2211.7-0349           3284   4151   4383    600    5000   0.2700   5.86  11.30   0.15  22.24  20.86  23.84    i3   1.5748     y    202  22:11:45.856  -03:49:37.24    17.7   VFAINT 0.0096 0.0063 0.0071     1.55     1.02     1.15
ABELL_2204                   499   4018   4230    377    5000   0.1524   5.84   9.35   0.37  20.90  20.39  21.43    s3   1.7355     y    377  16:32:46.986  +05:34:30.89    10.1    FAINT 0.0072 0.0027 0.0068     0.33     0.13     0.32
ABELL_2667                  2214   4047   3946    367    5000   0.2300   1.64   6.75   0.36  20.09  19.39  20.83    s3   1.6260     y    188  23:51:39.395  -26:05:02.75     9.6   VFAINT 0.0078 0.0042 0.0038     0.56     0.30     0.27
RX_J0232.2-4420             4993   3985   3735    725    5000   0.2836   2.53   7.83   0.36  18.32  17.44  19.27    i3   1.5581     y      0  02:32:18.771  -44:20:46.68    23.4   VFAINT 0.0108 0.0034 0.0028     2.05     0.63     0.53
ABELL_0478                  6102   4214   3929    812    5000   0.0883  30.90   7.30   0.45  16.53  16.18  16.91    i3   1.8377     y    422  04:13:25.214  +10:27:55.13    10.0   VFAINT 0.0244 0.0529 0.0254     0.45     0.98     0.47
ABELL_2029                  6101   4303   4066    815    5000   0.0765   3.26   8.20   0.40  13.99  13.72  14.27    i3   1.8579     y    500  15:10:56.064  +05:44:40.40     9.9   VFAINT 0.0336 0.0286 0.0179     0.54     0.46     0.29
RX_J0528.9-3927             4994   3935   4328    730    5000   0.2632   2.36   7.89   0.27  13.09  12.38  13.94    i3   1.5833     y      0  05:28:53.039  -39:28:15.53    22.5   VFAINT 0.0141 0.0017 0.0012     3.12     0.39     0.26
ABELL_0068                  3250   3866   3798    590    2000   0.2546   4.60   9.01   0.46  12.79  11.88  13.92    i3   1.5941     y    250  00:37:06.309  +09:09:32.28    10.0   VFAINT 0.0105 0.0353 0.1050     2.34     7.87    23.44
RX_J2129.6+0005              552   4166   4486    610    2000   0.2350   4.30   5.91   0.45  12.70  12.12  13.35    i3   1.6194     y    150  21:29:39.944  +00:05:18.83    10.0   VFAINT 0.0108 0.0019 0.0048     1.61     0.28     0.72
MACS_J2311+0338             3288   3836   4020    700    5000   0.2998   5.23   8.14   0.46  11.08  10.16  12.12    i3   1.5387     n    150  23:11:33.213  +03:38:06.51    13.6   VFAINT 0.0018 0.0003 0.0008     0.62     0.11     0.28
ABELL_2537                  4962   3949   4157    362    5000   0.2950   4.26   8.40   0.40  10.24   9.77  10.74    s3   1.5444     n    174  23:08:22.313  -02:11:29.88    36.2   VFAINT 0.0048 0.0013 0.0041     1.36     0.38     1.15
RX_J0439.0+0715             3583   4269   4455    594    2000   0.2300  11.16   5.63   0.32   9.56   9.20   9.95    i3   1.6129     y    124  04:39:00.710  +07:16:07.82    19.2   VFAINT 0.0091 0.0083 0.0091     1.78     1.63     1.77
ABELL_0267                  3580   4282   4446    590    5000   0.2300   2.74   6.79   0.26   8.70   8.35   9.09    i3   1.6260     y    202  01:52:42.170  +01:00:45.63    19.9   VFAINT 0.0041 0.0033 0.0118     0.96     0.76     2.73
ABELL_1651                  4185   4186   4035    888    5000   0.0840   2.02   6.26   0.42   6.71   6.56   6.88    i3   1.8450     y    370  12:59:22.830  -04:11:45.86     9.6   VFAINT 0.0397 0.0400 0.0323     1.40     1.41     1.14
ABELL_0907                  3185   3958   4329    702    5000   0.1527   5.69   5.59   0.42   6.25   6.14   6.37    i3   1.7351     y    370  09:58:21.880  -11:03:52.20    48.0   VFAINT 0.0114 0.0132 0.0096     1.38     1.60     1.16
ABELL_0383                  2321   4229   4166    359    5000   0.1871   4.07   4.91   0.44   5.39   5.22   5.56    s3   1.6848     y    266  02:48:03.364  -03:31:44.69    19.5    FAINT 0.0069 0.0142 0.0124     0.98     2.00     1.76
ABELL_0399                  3230   4039   4147   1016    5000   0.0716  11.51   7.95   0.30   4.40   4.30   4.51    i0   1.8664     y    812  02:57:54.931  +13:01:58.41    48.6   VFAINT 0.0461 0.0510 0.0430     2.03     2.24     1.89
ABELL_1650                  4178   4035   4231    358    5000   0.0843   1.62   5.89   0.40   4.37   4.30   4.44    s3   1.8445     y    354  12:58:41.499  -01:45:44.32    27.3   VFAINT 0.0081 0.0089 0.0159     0.33     0.36     0.64
ABELL_3667                  5751   4555   4415    745    5000   0.0556   5.45   6.72   0.29   4.25   4.22   4.28    i3   1.8947     y    744  20:12:41.231  -56:50:35.70   128.9   VFAINT 0.1474 0.0033 0.0143     3.96     0.09     0.38
ABELL_1204                  2205   3754   4157    682    5000   0.1706   1.44   3.63   0.31   3.98   3.89   4.09    i3   1.7085     y    202  11:13:20.419  +17:35:38.45    23.6   VFAINT 0.0064 0.0023 0.0025     1.31     0.48     0.51
ABELL_1201                  4216   4177   3967    335    5000   0.1688   1.85   5.74   0.35   3.56   3.42   3.70    s3   1.7112     n    240  11:12:54.489  +13:26:08.76    39.7   VFAINT 0.0050 0.0050 0.0042     1.00     1.01     0.85
RX_J0439+0520                527   4294   3655    580    5000   0.2080  10.02   4.63   0.30   3.61   3.31   3.92    i3   1.6556     n    103  04:39:02.218  +05:20:43.11     9.6   VFAINT 0.0075 0.0055 0.0075     2.60     1.89     2.60
ABELL_1664                  1648   4049   4241    358    5000   0.1276   8.47   3.50   0.11   3.14   3.01   3.28    s3   1.7737     y    176  13:03:42.478  -24:14:44.55     9.8   VFAINT 0.0109 0.0093 0.0081     1.13     0.96     0.83
ABELL_3158                  3712   4181   4155    800    5000   0.0586   1.60   5.08   0.40   3.04   3.01   3.06    i3   1.8893     y    800  03:42:54.530  -53:37:40.60    30.9   VFAINT 0.1123 0.0270 0.0088     3.82     0.92     0.30
RX_J2011.3-5725             4995   4386   4023    530    5000   0.2786   4.76   3.94   0.34   2.81   2.65   3.00    i3   1.5642     y      0  20:11:26.889  -57:25:09.08    24.0   VFAINT 0.0082 0.0019 0.0004     7.04     1.64     0.35
OPHIUCHUS                   3200   4073   4256    366    5000   0.0280  36.00  10.00   0.30   2.78   2.74   2.82    s3   1.9455     y    363  17:12:27.731  -23:22:06.74    50.5    FAINT 0.0092 0.0060 0.0025     0.10     0.07     0.03
ABELL_1942                  3290   4230   4529    633    5000   0.2240   2.75   4.77   0.33   2.30   2.20   2.40    i2   1.6340     y    214  14:38:21.878  +03:40:12.97    57.6   VFAINT 0.0090 0.0019 0.0056     6.54     1.37     4.08
2PIGG_J0011.5-2850          5797   4290   4043    813    5000   0.0753   2.18   5.15   0.26   2.17   2.11   2.23    i3   1.8599     y      0  00:11:21.623  -28:51:14.44    19.9   VFAINT 0.0613 0.0375 0.0145     4.92     3.01     1.16
ABELL_2384                  4202   4021   4375    760    5000   0.0945   2.99   4.75   0.23   1.98   1.93   2.03    i3   1.8273     y    344  21:52:21.178  -19:32:51.90    31.5   VFAINT 0.0288 0.0114 0.0120     3.80     1.50     1.58
MACS_J0547.0-3904           3273   4230   3856    678    5000   0.2100   4.08   3.58   0.09   1.62   1.50   1.74    i3   1.6529     n    119  05:47:01.582  -39:04:28.24    21.7   VFAINT 0.0064 0.0030 0.0016     4.80     2.27     1.19
MACS_J1427.6-2521           3279   4031   4360    666    5000   0.2200   6.11   4.66   0.18   1.57   1.41   1.77    i3   1.6393     n    104  14:27:39.389  -25:21:04.66    16.9   VFAINT 0.0063 0.0015 0.0014     5.86     1.38     1.31
ABELL_2556                  2226   4288   4289    475    5000   0.0862   2.02   4.13   0.34   1.53   1.49   1.56    s3   1.8413     y    280  23:13:01.413  -21:38:04.47    19.9   VFAINT 0.0100 0.0060 0.0056     0.89     0.53     0.50
MACS_J1115.8+0129           3275   4224   3860    650    5000   0.1200   4.36   6.78   0.07   1.49   1.37   1.63    i3   1.7857     n    146  11:15:52.048  +01:29:56.56    15.9   VFAINT 0.0081 0.0081 0.0083     2.63     2.64     2.70
ABELL_0013                  4945   3909   3945    550    5000   0.0940   2.03   6.84   0.55   1.42   1.38   1.46    s3   1.8282     y      0  00:13:37.883  -19:30:09.10    55.3   VFAINT 0.0233 0.0078 0.0087     3.84     1.28     1.43
ABELL_3571                  4203   4019   4139    265    5000   0.0391   4.66   7.60   0.30   1.25   1.23   1.27    s3   1.9247     y    262  13:47:28.434  -32:51:52.45    34.0   VFAINT 0.0083 0.0046 0.0062     0.27     0.15     0.20
MKW3S                        900   4254   3746    894    5000   0.0450   3.05   3.91   0.34   1.16   1.15   1.17    i3   1.9138     y      0  15:21:51.930  +07:42:31.97    57.3   VFAINT 0.0702 0.0236 0.0301     3.03     1.02     1.30
SERSIC_159-03               1668   4203   3998    357    5000   0.0580   1.89   2.41   0.30   1.10   1.08   1.11    s3   1.8904     y    306  23:13:58.764  -42:43:34.70     9.9   VFAINT 0.0149 0.0044 0.0053     0.73     0.21     0.26
ABELL_0133                  2203   4196   4107    313    5000   0.0558   1.56   3.71   0.64   0.83   0.82   0.84    s3   1.8943     y    312  01:02:41.756  -21:52:49.79    35.5    FAINT 0.0082 0.0042 0.0028     0.58     0.29     0.20
ABELL_4038                  4992   4074   4084    976    5000   0.0300   1.57   3.30   0.30   0.82   0.81   0.83    i2   1.9417     y    864  23:47:44.668  -28:08:19.07    33.5   VFAINT 0.1371 0.0298 0.0412     3.78     0.82     1.14
2PIGG_J2227.0-3041          5798   3899   4384    720    5000   0.0729   1.11   2.80   0.35   0.82   0.80   0.84    i2   1.8641     y      0  22:27:54.560  -30:34:34.84    22.3   VFAINT 0.0141 0.0358 0.0044     2.30     5.83     0.73
MACS_J2243.3-0935           3260   4148   4324    703    5000   0.1010   4.31   4.09   0.03   0.79   0.73   0.85    i3   1.8165     y      0  22:43:21.537  -09:35:44.30    20.5   VFAINT 0.0289 0.0178 0.0254     9.84     6.04     8.64
EXO_0422-086                4183   4102   4066    960    5000   0.0397   6.22   3.41   0.37   0.66   0.64   0.67    i3   1.9236     y    318  04:25:51.271  -08:33:36.42    10.0   VFAINT 0.0796 0.0782 0.0398     4.57     4.50     2.29
ABELL_2550                  2225   4397   3971    480    5000   0.1543   2.03   2.06   0.33   0.60   0.58   0.61    s3   1.7327     y    188  23:11:35.806  -21:44:46.70    59.0   VFAINT 0.0037 0.0027 0.0045     2.39     1.78     2.94
ABELL_1991                  3193   4209   4018    370    5000   0.0565   2.43   5.40   0.30   0.45   0.44   0.46    s3   1.8930     y    370  14:54:31.620  +18:38:41.48    38.3   VFAINT 0.0033 0.0054 0.0007     0.37     0.62     0.09
ABELL_2717                  6974   3877   3961    721    5000   0.0475   1.12   2.63   0.48   0.26   0.26   0.27    i3   1.9093     y      0  00:03:11.996  -35:56:08.01    19.8   VFAINT 0.0709 0.0273 0.0315    14.35     5.52     6.38
MKW_04                      3234   4206   3852    467    5000   0.0198   1.90   2.16   0.43   0.03   0.03   0.03    s3   1.9612     n    343  12:04:27.218  +01:53:42.79    30.0   VFAINT 0.0090 0.0086 0.0056     1.76     1.67     1.09
