1E0657_56                            5356   4205   4267    670   10000   0.2960   6.53  11.64   0.23  46.20    i2   1.5432     y    200   /mnt/DROBO
1E0657_56                            3184   3776   4026    590   10000   0.2960   6.53  11.64   0.23  46.20    i3   1.5432     y    200   /mnt/DROBO
1E0657_56                            5361   3784   3917    662   10000   0.2960   6.53  11.64   0.23  46.20    i3   1.5432     y    200   /mnt/DROBO
ABELL_0209                           3579   4037   3724    850    5000   0.2060   1.68   8.28   0.41   0.00    i3   1.6584     y      0   /mnt/DROBO
ABELL_0209                            522   4443   3755    707    5000   0.2060   1.68   8.28   0.41   0.00    i3   1.6584     y      0   /mnt/DROBO
ABELL_0267                           3580   4274   4446    590    5000   0.2300   2.74   6.79   0.26  13.71    i3   1.6260     y    202   /mnt/DROBO
ABELL_0267                           1448   4679   4060    540    5000   0.2300   2.74   6.79   0.26  13.71    i3   1.6260     y    202   /mnt/DROBO
ABELL_0907                           3205   3657   4234    867    5000   0.1527   5.69   5.04   0.25   0.00    i3   1.7351     y    370   /mnt/DROBO
ABELL_0907                           3185   3956   4332    702    5000   0.1527   5.69   5.04   0.25   0.00    i3   1.7351     y    370   /mnt/DROBO
ABELL_0907                            535   3639   4255    813    5000   0.1527   5.69   5.04   0.25   0.00    i3   1.7351     y    370   /mnt/DROBO
ABELL_1689                            540   3612   4069    804   10000   0.1843   1.87  10.10   0.25   0.00    i3   1.6888     y      0   /mnt/DROBO
ABELL_1689                           1663   4263   3690    650   10000   0.1843   1.87  10.10   0.25   0.00    i3   1.6888     y      0   /mnt/DROBO
ABELL_1689                           5004   4209   3715    607   10000   0.1843   1.87  10.10   0.25  26.10    i3   1.6888     y    332   /mnt/DROBO
ABELL_2204                           7940   3856   3948    800   10000   0.1524   5.84   6.97   0.38  45.83    i3   1.7355     y    280   /mnt/DROBO
ABELL_2204                           6104   3973   4253    827   10000   0.1524   5.84   6.97   0.38  45.83    i3   1.7355     y    280   /mnt/DROBO
ABELL_2204                            499   4020   4234    377   10000   0.1524   5.84   6.97   0.38  45.83    s3   1.7355     y    377   /mnt/DROBO
3C_28.0                              3233   3962   4080    835    5000   0.1952   5.71   3.90   0.12  14.59    i3   1.6734     y    739   /mnt/DROBO
ABELL_0068                           3250   3861   3798    700    2000   0.2546   4.60   7.99   0.26  45.56    i3   1.5941     y    000   /mnt/DROBO
ABELL_0383                           2321   4229   4166    359    5000   0.1871   4.07   3.93   0.38   9.80    s3   1.6848     y    266   /mnt/DROBO
ABELL_0773                           5006   3765   3882    607    5000   0.2170   1.46   8.53   0.34  13.08    i3   1.6434     y    254   /mnt/DROBO
ABELL_0781                            534   4269   3653    700    2000   0.2984   1.90  10.80   0.30  17.22    i3   1.5404     y    244   /mnt/DROBO
ABELL_0963                            903   4199   3979    371    5000   0.2056   1.39   6.60   0.34  45.38    s3   1.6589     y    371   /mnt/DROBO
ABELL_1413                           5003   4933   3926    340    5000   0.1426   2.19   8.90   0.21  13.28    i2   1.7504     y    335   /mnt/DROBO
ABELL_1758                           2213   4095   4300    461    5000   0.2792   1.09   7.95   0.20  45.51    s3   1.5635     y    344   /mnt/DROBO
ABELL_1763                           3591   4228   4409    647    5000   0.1866   0.82   6.90   0.16  14.93    i3   1.6855     y    471   /mnt/DROBO
ABELL_1835                            495   4195   3977    384    5000   0.2532   2.36   7.65   0.36  45.97    s3   1.5959     y    384   /mnt/DROBO
ABELL_1914                           3593   4154   4454    620    5000   0.1712   0.97  10.50   0.30  33.75    i3   1.7077     y    318   /mnt/DROBO
ABELL_2218                           1666   4125   3811    783    5000   0.1713   3.12   6.70   0.30   9.30    i0   1.7075     y    396   /mnt/DROBO
ABELL_2261                           5007   4420   3869    591    5000   0.2240   3.31   7.58   0.30  18.18    i3   1.6340     y    266   /mnt/DROBO
ABELL_2390                           4193   3978   4193    350    5000   0.2301   6.71   9.16   0.25  45.88    s3   1.6259     y    345   /mnt/DROBO
ABELL_2537                           4962   3949   4157    362    5000   0.2950   4.26   6.08   0.26  45.35    s3   1.5444     n    174   /mnt/DROBO
ABELL_2631                           3248   3992   3672    650    2500   0.2779   3.74   9.60   0.30   0.00    i3   1.5651     y      0   /mnt/DROBO
ABELL_2667                           2214   4047   3946    367    5000   0.2300   1.64   6.31   0.31  45.69    s3   1.6260     y    188   /mnt/DROBO
ABELL_2813                           9409   4120   4324    730    2500   0.2924   1.55   8.39   0.33  00.00    i3   0.0000     y    000   /mnt/DROBO
ABELL_3088                           9414   4017   4360    748    2500   0.2534   1.37   6.71   0.28  45.59    i3   0.0000     y      0   /mnt/DROBO
ABELL_3364                           9419   3842   3997    753    2500   0.1483   2.06   6.59   0.30  44.00    i3   0.0000     y      0   /mnt/DROBO
RX_J0232.2-4420                      4993   3985   3735    725    2500   0.2836   2.53   7.84   0.35   0.00    i3   1.5581     y      0   /mnt/DROBO
RX_J0528.9-3927                      4994   3935   4328    730    2500   0.2632   2.36   9.77   0.27   0.00    i3   1.5833     y      0   /mnt/DROBO
RX_J2129.6+0005                       552   4166   4486    610    2500   0.2350   4.30  11.00   0.30  18.59    i3   1.6194     y    150   /mnt/DROBO
ZWCL_7160                             543   3682   4186    555    2500   0.2578   3.10   9.60   0.30  13.19    i3   1.5901     y    124   /mnt/DROBO
ABELL_0868                           0000   0000   0000    000    0000   0.0000   0.00   0.00   0.00  00.00    qq   0.0000     q      0   /mnt/DROBO
ABELL_0901                           0000   0000   0000    000    0000   0.0000   0.00   0.00   0.00  00.00    qq   0.0000     q      0   /mnt/DROBO
ABELL_3404                           0000   0000   0000    000    0000   0.0000   0.00   0.00   0.00  00.00    qq   0.0000     q      0   /mnt/DROBO
ABELL_3888                           0000   0000   0000    000    0000   0.0000   0.00   0.00   0.00  00.00    qq   0.0000     q      0   /mnt/DROBO
ABELL_S0520                          0000   0000   0000    000    0000   0.0000   0.00   0.00   0.00  00.00    qq   0.0000     q      0   /mnt/DROBO
RXC_J0532.9-3701                     0000   0000   0000    000    0000   0.0000   0.00   0.00   0.00  00.00    qq   0.0000     q      0   /mnt/DROBO
RXC_J2218.6-3853                     0000   0000   0000    000    0000   0.0000   0.00   0.00   0.00  00.00    qq   0.0000     q      0   /mnt/DROBO
