CENTAURUS                            4954   4284   4102    390   20000   0.0109   8.06   3.96   0.53  44.12    s3   0.0000     y      0   GALACTUS
ABELL_1991                           3193   4209   4018    370    5000   0.0565   2.43   5.40   0.30   1.38    s3   1.8930     y    370   GALACTUS
SS2B153                              3243   4182   3798    412    5000   0.0186   4.12   0.80   0.29   0.00    s3   1.9635     y      0   GALACTUS
HCG_0062                              921   4234   3834    484    5000   0.0146   3.32   1.10   0.24   0.00    s3   1.9712     y      0   GALACTUS
HCG_42                               3215   4410   4454    385    2500   0.0133   5.15   0.70   0.30   0.00    s3   1.9737     y      0   GALACTUS
ABELL_4059                           5785   4059   4245    485    5000   0.0475   1.09   4.69   0.62   0.00    s3   1.9093     y      0   GALACTUS
MS_J1157.3+5531                      4964   3948   3940    420    5000   0.0810   1.22   2.91   0.69   0.00    s3   1.8501     y      0   GALACTUS
MKW_04                               3234   4206   3852    467    5000   0.0198   1.90   2.16   0.43  43.16    s3   1.9612     n    343   GALACTUS
2A_0335+096                           919   4055   3795    488    5000   0.0347  18.11   2.88   0.57  44.98    s3   0.0000     y      0   GALACTUS
ABELL_3112                           2516   4167   3961    366    5000   0.0720   2.50   4.28   0.51  45.17    s3   1.8657     y    366   GALACTUS
ABELL_2199                            497   3957   4035    353    5000   0.0300   0.88   4.14   0.43  44.90    s3   1.9417     y    352   GALACTUS
ABELL_1068                           1652   3994   3973    375    5000   0.1375   0.71   3.87   0.42  45.24    s3   1.7582     y    266   GALACTUS
ABELL_3581                           1650   4074   4246    500    5000   0.0218   4.30   2.10   0.67   0.00    s3   1.9573     y      0   GALACTUS
2PIGG_J0011.5-2850                   5797   4290   4043    813    5000   0.0753   2.18   5.86   0.21   0.00    i3   1.8599     y      0   GALACTUS
ABELL_0496                           3361   4123   4017    300    5000   0.0328   4.57   3.89   0.47  44.82    s3   1.9365     y    300   GALACTUS
ABELL_2151                           4996   3745   4211    730    5000   0.0366   3.46   2.90   0.30   0.00    i3   0.0000     y    000   GALACTUS
AWM7                                  908   4370   3478    510   15000   0.0172  10.34   3.71   0.51  44.47    i3   0.0000     y      0   GALACTUS
SERSIC_159-03                        1668   4203   3998    357    5000   0.0580   1.89   2.65   0.30   1.90    s3   1.8904     y    306   GALACTUS
ABELL_2597                            922   4129   4175    138    5000   0.0854   2.51   3.58   0.37  45.10    s3   1.8426     y    134   GALACTUS
ZWCL_3146                             909   4022   4238    630    5000   0.2900   2.70  12.80   0.30  26.47    i3   1.5504     y    292   GALACTUS
ABELL_1835                            495   4195   3977    384    5000   0.2532   2.36   7.65   0.36  45.97    s3   1.5959     y    384   GALACTUS
MACS_J0242.5-2132                    3266   4149   4367    683    2500   0.3140   2.71   6.22   0.20   0.00    i3   1.5221     n    112   GALACTUS
ABELL_2556                           2226   4288   4289    475    5000   0.0862   2.02   4.13   0.34  44.66    s3   1.8413     y    280   GALACTUS
ABELL_0085                            904   3969   4613    586    5000   0.0558   3.65   6.90   0.37  13.15    i0   1.8943     y    583   GALACTUS
UGC_03957                            8265   3782   3897   1000    5000   0.0341   4.63   2.96   0.37   0.00    i3   0.0000     y      0   GALACTUS
ABELL_0383                           2321   4229   4166    359    5000   0.1871   4.07   3.93   0.38   9.80    s3   1.6848     y    266   GALACTUS
RX_J1504.1-0248                      5793   4131   3827    685    5000   0.2150   6.27   8.90   0.30   0.00    i3   1.6461     n    320   GALACTUS
EXO_0422-086                         4183   4102   4066    960    5000   0.0397   6.22   3.28   0.30   0.00    i3   1.9236     y    318   GALACTUS
4C_55.16                             4940   3990   3990    360    5000   0.2420   4.00   4.21   0.29   0.00    s3   1.6103     y    240   GALACTUS
ABELL_2390                           4193   3978   4193    350    5000   0.2301   6.71   9.16   0.25  45.88    s3   1.6259     y    345   GALACTUS
MS_2137.3-2353                       4974   4138   4244    340    5000   0.3130   3.40   6.30   0.30   0.00    s3   1.5232     n    115   GALACTUS
ABELL_1204                           2205   3754   4157    682    5000   0.1706   1.44   3.78   0.35  45.26    i3   1.7085     y    202   GALACTUS
MS_0735.6+7421                       4197   4070   3939    343    5000   0.2160   3.40   5.45   0.37  45.26    s3   1.6447     y    280   GALACTUS
MACS_J0547.0-3904                    3273   4230   3856    678    2500   0.2100   4.08   2.96   0.30   0.00    i3   1.6529     n    119   GALACTUS
ABELL_1644                           2206   4638   3614    380    5000   0.0471   5.69   4.60   0.50 -88.88    i3   0.0000     y      0   GALACTUS
MACS_J1931.8-2634                    3282   4125   4371    670    2500   0.3520   9.13   7.50   0.20   0.00    i3   1.4793     n    148   GALACTUS
MS_1455.0+2232                       4192   3758   4590    575    5000   0.2590   3.35   4.51   0.35  45.61    i3   1.5886     y    318   GALACTUS
OPHIUCHUS                            3200   4073   4256    366    5000   0.0280  36.00  10.00   0.30   0.00    s3   1.9455     y    363   GALACTUS
2PIGG_J2227.0-3041                   5798   3899   4384    720    5000   0.0729   1.11   2.79   0.37   0.00    i2   1.8641     y      0   GALACTUS
ABELL_0133                           2203   4196   4107    313    5000   0.0558   1.56   3.71   0.64  44.73    s3   1.8943     y    312   GALACTUS
ABELL_0744                           6947   4497   3862    673    5000   0.0729   3.66   2.50   0.43  43.80    i3   0.0000     y      0   GALACTUS
MACS_J2229.7-2755                    3286   4202   4349    684    2500   0.3240   1.34   5.50   0.30   0.00    i3   1.5106     n    117   GALACTUS
ZwCl_0857.9+2107                     7897   4146   3912    830    2500   0.2350   3.38  12.10   0.21  44.91    i3   0.0000     y      0   GALACTUS
MS_0839.8+2938                       2224   3936   4100    374    5000   0.1940   3.92   3.80   0.59  44.84    s3   1.6750     y    176   GALACTUS
ABELL_2667                           2214   4047   3946    367    5000   0.2300   1.64   6.31   0.31  45.69    s3   1.6260     y    188   GALACTUS
3C_295                               2254   4059   4097    900    5000   0.4641   1.35   6.51   0.36  45.39    i3   1.3660     n    153   GALACTUS
RX_J1720.1+2638                      4361   3982   4346    690    5000   0.1640   4.02   5.55   0.30  16.12    i3   1.7182     y    318   GALACTUS
ZWCL_7160                             543   3682   4186    555    2500   0.2578   3.10   9.60   0.30  13.19    i3   1.5901     y    124   GALACTUS
MACS_J0429.6-0253                    3271   4163   4361    676    2500   0.3990   5.70   6.76   0.40   0.00    i3   1.4296     n    124   GALACTUS
ABELL_2626                           3192   4178   4229    378    5000   0.0573   4.30   2.90   0.30   1.96    s3   1.8916     y    358   GALACTUS
MACS_J1115.8+0129                    3275   4224   3860    650    2500   0.1200   4.36   4.10   0.30   0.00    i3   1.7857     n    146   GALACTUS
3C_28.0                              3233   3962   4080    835    5000   0.1952   5.71   3.90   0.12  14.59    i3   1.6734     y    739   GALACTUS
ABELL_2107                           4960   4023   4191    922    5000   0.0411   4.54   3.82   0.42  44.37    i3   0.0000     y    000   GALACTUS
ABELL_2107                           4960   4023   4191    922    5000   0.0411   4.54   3.82   0.42  44.37    i3   0.0000     y    000   GALACTUS
3C_388                               5295   4339   4077    770    5000   0.0917   6.11   3.50   0.30   1.36    i3   1.8320     n    214   GALACTUS
MKW3S                                 900   4254   3746    894   15000   0.0450   3.05   2.18   0.30   0.00    i3   1.9138     y      0   GALACTUS
CYGNUS_A                              360   4066   4024    292    5000   0.0561  35.23  10.40   0.72  45.47    s3   1.8938     y    291   GALACTUS
ABELL_0907                           3185   3958   4329    702    5000   0.1527   5.69   5.04   0.25   0.00    i3   1.7351     y    370   GALACTUS
RX_J2129.6+0005                       552   4166   4486    610    2500   0.2350   4.30  11.00   0.30  18.59    i3   1.6194     y    150   GALACTUS
RBS_0797                             2202   4387   4015    750    2500   0.3540   2.22   6.43   0.30  45.82    i3   1.4771     y    136   GALACTUS
ABELL_1060                           2220   3412   4396    446    5000   0.0125   4.96   3.20   0.37  43.91    i3   1.9753     y    444   GALACTUS
MS_1008.1-1224                        926   3573   4235    569    5000   0.3010   6.71   7.47   0.72  45.35    i3   1.5373     y    214   GALACTUS
RX_J0232.2-4420                      4993   3985   3735    725    2500   0.2836   2.53   7.84   0.35   0.00    i3   1.5581     y      0   GALACTUS
ZWICKY_2701                          3195   4171   3961    370    5000   0.2100   0.83   4.44   0.30  10.68    s3   1.6529     y    176   GALACTUS
ABELL_2717                           6974   3853   3977    721    5000   0.0475   1.12   1.69   0.30   0.00    i3   1.9093     y      0   GALACTUS
ABELL_1650                           4178   4035   4231    358    5000   0.0843   1.62   5.89   0.40  45.31    s3   1.8445     y    354   GALACTUS
MACS_J0417.5-1154                    3270   4088   4373    600    2500   0.4400   4.00   5.37   0.30   0.00    i3   1.3889     y    162   GALACTUS
ABELL_2384                           4202   4021   4375    760    5000   0.0945   2.99   3.80   0.30   0.00    i3   1.8273     y    344   GALACTUS
ABELL_4038                           4992   4114   4052    976   10000   0.0300   1.57   3.30   0.30   0.00    i2   1.9417     y    864   GALACTUS
ABELL_2065                          31821   4052   4196    790    5000   0.0730   2.96   5.35   0.28   0.00    i3   1.8639     y      0   GALACTUS
MACS_J2245.0+2637                    3287   4154   4366    600    2500   0.3040   5.50   5.10   0.68   0.00    i3   1.5337     y    136   GALACTUS
ABELL_0963                            903   4199   3979    371    5000   0.2056   1.39   6.60   0.34  45.38    s3   1.6589     y    371   GALACTUS
ABELL_2244                           4179   4146   4240    361    5000   0.0967   2.09   5.57   0.29  45.35    s3   1.8237     y    360   GALACTUS
ABELL_1201                           4216   4177   3967    335    5000   0.1688   1.85   6.90   0.30   6.28    s3   1.7112     n    240   GALACTUS
RX_J1022.1+3830                      6942   4074   4069    496    5000   0.0491   1.41   3.04   0.45   0.00    s3   0.0000     y      0   GALACTUS
ABELL_2657                           4941   4102   3962    900    5000   0.0402   5.66   3.77   0.38  44.63    i3   0.0000     y      0   GALACTUS
ABELL_2261                           5007   4420   3869    591    5000   0.2240   3.31   7.58   0.30  18.18    i3   1.6340     y    266   GALACTUS
ABELL_1413                           5003   4933   3926    340    5000   0.1426   2.19   8.90   0.21  13.28    i2   1.7504     y    335   GALACTUS
SC_1327-312                          4165   4694   3950    610    5000   0.0531   3.89   3.53   0.51   0.00    i3   1.8992     y      0   GALACTUS
ABELL_0576                           3289   4081   3837    477    5000   0.0385   5.57   4.09   0.46  44.45    s3   1.9259     y    477   GALACTUS
ABELL_1423                            538   3768   4438    520    2500   0.2130   1.60   8.50   0.30  10.03    i3   1.6488     y    136   GALACTUS
MACS_J1206.2-0847                    3277   4210   3850    600    5000   0.4400   4.15   7.88   0.30   0.00    i3   1.3889     y    214   GALACTUS
ABELL_0611                           3194   4131   3943    361    5000   0.2880   4.99   6.69   0.19  45.35    s3   1.5528     n    183   GALACTUS
ABELL_3571                           4203   4019   4139    265    5000   0.0391   4.66   7.60   0.30   1.80    s3   1.9247     y    262   GALACTUS
ABELL_3266                            899   3365   4027    463    5000   0.0590   1.72   8.35   0.32  45.39    i1   1.8886     y    462   GALACTUS
RX_J0528.9-3927                      4994   3935   4328    730    2500   0.2632   2.36   9.77   0.27   0.00    i3   1.5833     y      0   GALACTUS
ABELL_3558                           1646   4255   4120    370    5000   0.0480   3.84   5.51   0.33  45.12    s3   1.9084     y    365   GALACTUS
ABELL_2409                           3247   4045   4550    470    2500   0.1479   6.72   5.50   0.30   8.06    i3   1.7423     y    300   GALACTUS
ABELL_3562                           4167   4025   3729    660    5000   0.0490   3.90   3.80   0.30   0.50    i2   1.9066     y    448   GALACTUS
ABELL_3921                           4973   4198   3639    903    5000   0.0927   3.07   5.69   0.43   0.00    i3   1.8303     y      0   GALACTUS
MACS_J0520.7-1328                    3272   4183   4355    717    2500   0.3398   8.88   6.27   0.30   0.00    i3   1.4928     y      0   GALACTUS
RBS_0461                             4182   4048   4240    868    5000   0.0290  16.16   2.60   0.30   0.00    i3   0.0000     y    000   GALACTUS
ABELL_1651                           4185   4186   4035    888    5000   0.0840   2.02   7.00   0.32   3.30    i3   1.8450     y    370   GALACTUS
MACS_J0035.4-2015                    3262   4127   4364    718    2500   0.3644   1.55   7.39   0.30   0.00    i3   1.4658     y      0   GALACTUS
MACS_J1131.8-1955                    3276   3970   4342    600    2500   0.3070   4.49   8.30   0.47   0.00    i3   1.5302     y    176   GALACTUS
ABELL_1942                           3290   4230   4529    633    2500   0.2240   2.75   5.12   0.27  45.02    i2   1.6340     y    214   GALACTUS
ABELL_1914                           3593   4154   4454    620    5000   0.1712   0.97  10.50   0.30  33.75    i3   1.7077     y    318   GALACTUS
MS_0906.5+1110                        924   4550   3794    585    5000   0.1630   3.60   8.10   0.30   0.00    i3   1.7197     y    254   GALACTUS
ABELL_2537                           4962   3949   4157    362    5000   0.2950   4.26   6.08   0.26  45.35    s3   1.5444     n    174   GALACTUS
ABELL_0586                            530   4450   3778    590    5000   0.1710   4.71   8.70   0.30  11.12    i3   1.7079     y    188   GALACTUS
ABELL_0223                          49671   3774   4655    460    2500   0.2070   2.20   5.28   0.49  45.05    i0   0.0000     y      0   GALACTUS
ABELL_0665                           3586   3726   3868    577    5000   0.1810   4.24   8.30   0.19  16.33    i3   1.6935     y    410   GALACTUS
ABELL_2111                            544   3978   3774    605    2500   0.2300   2.20   8.02   0.30  45.31    i3   1.6260     y    338   GALACTUS
ABELL_0222                           4967   4410   3386    480    2500   0.2130   2.30   4.60   0.40  45.02    i3   0.0000     y      0   GALACTUS
ABELL_2259                           3245   4115   4501    585    2500   0.1640   3.70   4.94   0.30   6.66    i3   1.7182     y    348   GALACTUS
ABELL_1063S                          4966   4146   3818    771    5000   0.3540   1.77  11.10   0.08  43.20    i3   1.5974     y    200   GALACTUS
ABELL_0644                           2211   3909   4329    778   10000   0.0698   6.31   6.60   0.29   4.33    i3   1.8695     y    708   GALACTUS
MACS_J0257.6-2209                    3267   4389   4135    600    2500   0.3224   2.02   7.40   0.41   0.00    i3   1.5124     y    162   GALACTUS
MACS_J2228+2036                      3285   4298   4290    716    2500   0.4120   4.52   8.40   0.35   0.00    i3   1.4164     n    162   GALACTUS
ABELL_2670                           4959   4114   3978    883    5000   0.0763   2.88   3.98   0.25  44.75    i3   1.8582     y    410   GALACTUS
ABELL_2631                           3248   3992   3672    650    2500   0.2779   3.74   9.60   0.30   0.00    i3   1.5651     y      0   GALACTUS
MACS_J2211.7-0349                    3284   4151   4383    600    5000   0.2700   5.86  10.51   0.30   0.00    i3   1.5748     y    202   GALACTUS
ABELL_0399                           3230   4085   4091   1016   10000   0.0716  11.51   5.80   0.23   6.40    i0   1.8664     y    812   GALACTUS
ABELL_2125                           2207   3794   4416    649    2500   0.2465   2.75   3.20   0.30   5.96    i3   1.6045     y    150   GALACTUS
ABELL_2294                           3246   4458   4006    620    2500   0.1780   6.10   7.10   0.30   6.62    i3   1.6978     y    276   GALACTUS
MS_1006.0+1202                        925   3606   4335    572    2500   0.2210   3.63   7.03   0.37  45.46    i3   1.6380     y    188   GALACTUS
ABELL_2104                            895   3985   4005    299    5000   0.1554  14.93   9.31   0.32  45.40    s3   1.7310     y    294   GALACTUS
MS_0016.9+1609                        520   4073   3627    608    5000   0.5410   4.06   9.90   0.30  46.05    i3   1.2979     y    240   GALACTUS
ABELL_0013                           4945   3909   3945    550    5000   0.0940   2.03   6.51   0.41   0.00    s3   1.8282     y      0   GALACTUS
MACS_J2049.9-3217                    3283   4097   4365    722    2500   0.3254   5.99   6.98   0.30   0.00    i3   1.5090     y      0   GALACTUS
ABELL_0697                           4217   4088   3707    600    5000   0.2820   3.34   9.06   0.23  16.30    i3   1.5601     y    254   GALACTUS
ABELL_0562                           6936   3995   3981    337    5000   0.1100   5.48   3.04   0.31  44.17    s3   0.0000     y      0   GALACTUS
2PIGG_J0311.8-2655                   5799   3841   4335    774    5000   0.0618   1.46   3.97   0.57   0.00    i3   1.8836     y      0   GALACTUS
ABELL_0754                            577   3845   3878    760   10000   0.0543   4.60   9.94   0.32  45.46    i3   0.0000     y    760   GALACTUS
ABELL_3395                           4944   4281   4012    764    5000   0.0510   6.94   5.13   0.39   0.00    i3   1.9029     y      0   GALACTUS
ABELL_1763                           3591   4228   4409    647    5000   0.1866   0.82   6.90   0.16  14.93    i3   1.6855     y    471   GALACTUS
ABELL_0773                           5006   3765   3882    607    5000   0.2170   1.46   8.53   0.34  13.08    i3   1.6434     y    254   GALACTUS
ZWCL_1953                            1659   4230   3710    535    2500   0.3800   3.10  14.50   0.30  34.12    i3   1.4493     y    150   GALACTUS
ZWCL_1215                            4184   3983   4113    900    5000   0.0750   1.76   3.00   0.30   5.24    i3   1.8605     y    344   GALACTUS
MACS_J0308.9+2645                    3268   4182   4362    713    2500   0.3240  11.88   7.37   0.17   0.00    i3   1.5106     y      0   GALACTUS
ABELL_0119                           4180   4180   4029   1147    5000   0.0442   3.30   6.04   1.11   0.00    i3   1.9153     y      0   GALACTUS
ABELL_1758                           2213   4095   4300    461    5000   0.2792   1.09   7.95   0.20  45.51    s3   1.5635     y    344   GALACTUS
ABELL_2034                           2204   3967   4063    920   10000   0.1130   1.58   7.15   0.29  45.27    i3   1.7969     y    604   GALACTUS
ABELL_2219                            896   4124   3961    365   10000   0.2256   1.76   9.81   0.27  45.94    s3   1.6319     y    362   GALACTUS
ABELL_2319                           3231   4063   4199    947   10000   0.0562   9.05   9.49   0.25  45.70    i1   1.8936     y    904   GALACTUS
ABELL_3391                           4943   4171   4182    865    5000   0.0560   5.46   6.07   0.36  44.75    i3   0.0000     y      0   GALACTUS
ABELL_2218                           1666   4125   3811    783    5000   0.1713   3.12   6.70   0.30   9.30    i0   1.7075     y    396   GALACTUS
ABELL_0520                           4215   4293   4301    468    5000   0.2020   7.84   7.40   0.25  14.44    i3   1.6639     y    448   GALACTUS
ABELL_2163                           1653   4206   4484    767    5000   0.1695  12.04  12.12   0.22  46.29    i1   1.7101     y    767   GALACTUS
ABELL_0370                            515   4389   4085    315    5000   0.3747   3.37   7.20   0.39  45.43    s3   1.4549     y    315   GALACTUS
ABELL_2069                           4965   4169   3765    834    5000   0.1160   1.97   7.90   0.30   8.92    i2   1.7921     y    540   GALACTUS
