ZWCL_3146                    909   0.00   0.08  2.70  0.00  0.00  3.84  3.61  4.09  0.43  0.30  0.57   1.13e-03   1.08e-03   1.19e-03  0.00  0.00  0.00   0.00e+00   0.00e+00   0.00e+00  0.2900  0.082   99.9   1.05    123
ZWCL_3146                    909   0.08   0.13  2.70  0.00  0.00  4.29  4.01  4.59  0.58  0.43  0.76   9.60e-04   9.08e-04   1.01e-03  0.00  0.00  0.00   0.00e+00   0.00e+00   0.00e+00  0.2900  0.072   99.8   0.87    116
ZWCL_3146                    909   0.13   0.19  2.70  0.00  0.00  4.74  4.41  5.13  0.59  0.43  0.77   9.47e-04   8.96e-04   9.95e-04  0.00  0.00  0.00   0.00e+00   0.00e+00   0.00e+00  0.2900  0.072   99.7   1.35    121
ZWCL_3146                    909   0.19   0.25  2.70  0.00  0.00  6.39  5.79  7.11  0.43  0.27  0.59   9.49e-04   9.07e-04   9.88e-04  0.00  0.00  0.00   0.00e+00   0.00e+00   0.00e+00  0.2900  0.068   99.5   1.04    126
ZWCL_3146                    909   0.25   0.32  2.70  0.00  0.00  6.94  6.19  7.87  0.56  0.35  0.74   8.63e-04   8.27e-04   9.06e-04  0.00  0.00  0.00   0.00e+00   0.00e+00   0.00e+00  0.2900  0.064   99.3   1.16    121
ZWCL_3146                    909   0.32   0.40  2.70  0.00  0.00  6.94  6.18  7.88  0.31  0.14  0.50   9.57e-04   9.25e-04   1.02e-03  0.00  0.00  0.00   0.00e+00   0.00e+00   0.00e+00  0.2900  0.067   99.0   1.01    127
ZWCL_3146                    909   0.40   0.51  2.70  0.00  0.00  7.31  6.55  8.26  0.47  0.30  0.64   9.52e-04   9.11e-04   9.91e-04  0.00  0.00  0.00   0.00e+00   0.00e+00   0.00e+00  0.2900  0.068   98.1   1.09    129
ZWCL_3146                    909   0.51   0.63  2.70  0.00  0.00  8.60  7.51 10.01  0.18  0.01  0.35   9.28e-04   8.87e-04   9.65e-04  0.00  0.00  0.00   0.00e+00   0.00e+00   0.00e+00  0.2900  0.063   97.4   0.98    123
ZWCL_3146                    909   0.63   0.80  2.70  0.00  0.00  8.05  7.17  9.18  0.29  0.12  0.46   9.59e-04   9.21e-04   1.00e-03  0.00  0.00  0.00   0.00e+00   0.00e+00   0.00e+00  0.2900  0.066   95.6   0.99    129
ZWCL_3146                    909   0.80   1.02  2.70  0.00  0.00  8.10  7.13  9.33  0.32  0.14  0.51   8.93e-04   8.57e-04   9.36e-04  0.00  0.00  0.00   0.00e+00   0.00e+00   0.00e+00  0.2900  0.063   92.8   1.19    127
ZWCL_3146                    909   1.02   1.36  2.70  0.00  0.00  8.30  7.28  9.59  0.24  0.06  0.43   8.91e-04   8.49e-04   9.29e-04  0.00  0.00  0.00   0.00e+00   0.00e+00   0.00e+00  0.2900  0.061   87.1   0.89    131
ZWCL_3146                    909   1.36   1.90  2.70  0.00  0.00  8.52  7.16 10.35  0.09  0.00  0.31   7.66e-04   7.26e-04   7.97e-04  0.00  0.00  0.00   0.00e+00   0.00e+00   0.00e+00  0.2900  0.050   76.6   1.17    122
ZWCL_3146                    909   1.90   2.67  2.70  0.00  0.00  7.35  6.00  9.59  0.26  0.00  0.59   5.31e-04   4.93e-04   5.69e-04  0.00  0.00  0.00   0.00e+00   0.00e+00   0.00e+00  0.2900  0.036   61.5   0.91    113
ZWCL_3146                    909   2.67   3.63  2.70  0.00  0.00  7.06  4.87 11.45  0.00  0.00  0.40   3.14e-04   2.85e-04   3.37e-04  0.00  0.00  0.00   0.00e+00   0.00e+00   0.00e+00  0.2900  0.020   49.2   1.03    102
