#Name                 Obsid1  Obsid2  Obsid3  Obsid4        X      Y   Rmax  MinCts        z   Nh20     Tx     Fe   Lbol  Chip    E_obs  Diff   Robs  Location
1E0657_56               5356    3184    5361    0000     4205   4267    670    5000   0.2960   6.53  11.64   0.23  46.20    i2   1.5432     y    200	MBRANE	 sofex
1RXS_J2129.4-0741       3199    3595    0000    0000     4194   4349    600    5000   0.5700   4.36   8.62   0.52 -88.88    i3   1.2739     y    200	MBRANE	 sofex
ABELL_0267              3580    1448    0000    0000     4678   4058    540    5000   0.2300   2.74   6.79   0.26  13.71    i3   1.6260     y    202	NAZGUL	 sofex
#tsm_ABELL_0478              6102    1669    0000    0000     4141   4309    414    5000   0.0883  29.26   7.07   0.31  45.69    s3   1.8377     y    412	NAZGUL    sofex
#tsm_ABELL_2029              6101    4977    0000    0000     4176   3974    366    5000   0.0765   3.26   7.38   0.42  45.77    s3   1.8579     y    363	NAZGUL    sofex
ABELL_2204              6104     499    0000    0000     4018   4230    377    5000   0.1524   5.84   6.97   0.38  45.83    s3   1.7355     y    377	NAZGUL	 sofex
CL_J0030+2618           5762    1190    1226    0000     4056   4024    304    5000   0.5000   4.10  17.67   0.30   2.61    s3   1.3333     y     90	NAZGUL   BadBGD
CL_J0848+4456           1708     927    0000    0000     4237   4308    814    5000   0.5740   2.53   3.20   0.30   1.21    i1   1.2706     y     72	NAZGUL
CL_J1226.9+3332         5014    3180     932    0000     4142   4490    611    2000   0.8900   1.37  10.00   0.30 -88.88    i3   1.0582     y     84	NAZGUL
LYNX_E                 17081    9271    0000    0000     4008   3768    336    5000   0.5740   2.53   3.20   0.30   1.21    i2   1.2706     y     72	NAZGUL
MACS_J0025.4-1222       3251    5010    0000    0000     4309   4369    647    5000   0.5843   2.72   7.10   0.30 -88.88    i3   1.2624     y    200	MBRANE
MACS_J0159.8-0849       6106    3265    0000    0000     4239   3858    600    5000   0.4050   2.01   9.59   0.30 -88.88    i3   1.4235     y    200	MBRANE
MACS_J0257.1-2325       1654    3581    0000    0000     4306   3774    609    5000   0.5053   2.09  10.50   0.30 -88.88    i3   1.3286     y    200	MBRANE
MACS_J0329.6-0211       6108    3582    3257    0000     4309   4187    600    5000   0.4500   6.21   5.24   0.30 -88.88    i3   1.3793     y    200	MBRANE	 sofex
MACS_J0717.5+3745       4200    1655    0000    0000     3801   4378    600    5000   0.5480   6.75  10.50   0.28 -88.88    i3   1.2920     y    200	MBRANE	 sofex
MACS_J0744.8+3927       3585    3197    6111    0000     4120   3820    600    5000   0.6860   4.66  11.29   0.38 -88.88    i3   1.1862     y    200	MBRANE
MACS_J1149.5+2223       3589    1656    0000    0000     3911   4437    600    5000   0.1761   2.32   8.40   0.28 -88.88    i3   1.7005     y    200	MBRANE
MACS_J1311.0-0310       3258    6110    0000    0000     4222   3854    600    5000   0.4940   2.18   5.60   0.39 -88.88    i3   1.3387     y    200	MBRANE
MACS_J1621.3+3810       6109    6172    3254    3594     4267   4310    600    5000   0.4650   1.07   6.30   0.39 -88.88    i3   1.3652     y    200	MBRANE	 sofex
MACS_J2214.9-1359       3259    5011    0000    0000     4170   4370    696    5000   0.5026   3.32   8.80   0.30 -88.88    i3   1.3310     y    200	MBRANE	 sofex
MS_2053.7-0449          1667     551    0000    0000     4018   3702    593    5000   0.5830   5.16  10.03   0.31  10.80    i3   1.2634     y     84	NAZGUL	 sofex
#tsm_PKS_0745-191            6103     508    0000    0000     4026   3970    363    5000   0.1028  36.27   8.50   0.30 -88.88    s3   1.8136     y    362	NAZGUL   
RX_J0439.0+0715         3583    1449    0000    0000     4269   4455    594    2000   0.2300  11.16   6.50   0.30  13.25    i3   1.6129     y    124	NAZGUL
RX_J0647.7+7015         3584    3196    0000    0000     4028   3820    600    5000   0.5840   5.18   9.07   0.30 -88.88    i3   1.2626     y    200	MBRANE
RX_J0910+5422           2452    2227    0000    0000     4001   4355    649    5000   1.1000   2.07   3.50   0.30   5.90    i3   0.9524     n     75	NAZGUL
RX_J1347.5-1145          507    3592    0000    0000     3995   4354    708    5000   0.4510   4.89  10.88   0.30  46.29    i3   1.3784     y    266	NAZGUL
RX_J1423.8+2404         4195    1657    0000    0000     3774   4325    601    5000   0.5450   2.65   5.92   0.30 -88.88    i3   1.2945     y     98	NAZGUL
RX_J1532.9+3021         1665    1649    0000    0000     4077   4246    352    5000   0.3450   2.21   5.44   0.34  45.76    s3   1.4870     y    124	NAZGUL	 sofex
RX_J1720.2+3536         7225    3280    6107    0000     4275   4182    600    5000   0.3913   3.35   5.65   0.30 -88.88    i3   1.4375     y    200	MBRANE	 sofex
