#Name                  ObsID               X       Y   Rmax   MinCts         z  Nh20      Tx      Fe     Lbol Chip
CENTAURUS_CLUSTER	4954		4282	4114	380	5000	0.0114	8.07	3.95	0.30	-----	s3
HCG_042			3215		4412	4453	364	5000	0.0133	5.14	0.78	0.13	41.97	s3
HCG_062			921		4235	3836	500	5000	0.0137	3.32	1.05	0.15	42.69	s3
IC_1262			2018		4051	4169	293	5000	0.0328	2.52	1.11	0.30	-----	s3
NGC_0383		2147		4053	4164	280	5000	0.0169	5.56	1.11	0.30	-----	s3
NGC_0507		317		4000	4066	315	5000	0.0164	5.04	1.27	0.26	43.15	s3
NGC_0741		2223		4154	4309	416	5000	0.0185	4.75	1.11	0.30	-----	s3
NGC_1407		791		4098	4019	292	5000	0.0058	5.95	1.11	0.30	-----	s3
NGC_4261		834		4043	4153	258	5000	0.0074	1.64	2.18	0.33	42.01	s3
NGC_4325		3232		4167	3826	494	5000	0.0259	1.98	0.95	0.34	43.41	s3
NGC_4472		321		4048	4134	262	5000	0.0028	1.61	1.11	0.30	-----	s3
NGC_4636		323		4127	4023	294	5000	0.0036	1.79	1.11	0.30	-----	s3
NGC_5044		798		4158	4045	294	5000	0.0089	5.28	1.01	0.27	43.08	s3
NGC_5846		788		4027	4113	284	5000	0.0057	4.16	0.73	0.21	42.04	s3
NGC_6482		3218		3889	3920	478	5000	0.0130	8.13	1.11	0.30	-----	s3
