ABELL_0521	430	4206.00	3890.00	423.000	5000	0.253300	6.17000	6.74000	0.190000	45.5300	s3	2.50660
ABELL_0586	530	4450.00	3778.00	590.000	2000	0.171000	5.40000	8.70000	0.300000	----	i3	2.34200
ABELL_0781	534	4302.00	3720.00	560.000	2000	0.298400	1.90000	10.8000	0.300000	----	i3	2.59680
ABELL_1423	538	3774.00	4438.00	565.000	2000	0.213000	1.60000	8.50000	0.300000	----	i3	2.42600
ABELL_3266	899	3341.00	3987.00	463.000	5000	0.059000	1.72000	8.35000	0.320000	45.3900	i1	2.11800
CL_1416+4446	541	4469.00	3901.00	568.000	5000	0.400000	1.24000	3.70000	0.300000	----	i3	2.80000
CL_J1226.9+3332	932	4054.00	4170.00	280.000	2000	0.890000	1.37000	10.0000	0.300000	----	s3	3.78000
MS_0016.9+1609	520	4073.00	3627.00	608.000	5000	0.541000	4.06000	9.90000	0.300000	----	i3	3.08200
MS_0302.7+1658	525	4001.00	3693.00	569.000	5000	0.424000	10.9500	3.60000	0.300000	----	i3	2.84800
MS_0906.5+1110	924	4550.00	3794.00	585.000	2000	0.163000	3.60000	8.10000	0.300000	----	i3	2.32600
MS_1006.0+1202	925	3614.00	4375.00	572.000	5000	0.221000	3.63000	7.03000	0.370000	45.4600	i3	2.44200
MS_1008.1-1224	926	3573.00	4235.00	569.000	5000	0.301000	6.71000	7.47000	0.720000	45.3500	i3	2.60200
MS_1137.5+6625	536	4441.00	4237.00	695.000	5000	0.782000	1.18000	6.30000	0.300000	----	i3	3.56400
MS_2137.3-2353	928	4061.00	4224.00	319.000	5000	0.313000	3.40000	4.57000	0.530000	45.4900	s3	2.62600
RBS_0797	2202	4387.00	4015.00	750.000	5000	0.354000	2.22000	6.43000	0.300000	----	i3	2.70800
RX_J0439.0+0520	527	4294.00	3654.00	580.000	2000	0.208000	9.70000	7.90000	0.300000	----	i3	2.41600
RX_J2129.6+0005	552	4166.00	4486.00	610.000	2000	0.235000	4.30000	11.0000	0.300000	----	i3	2.47000
ZWCL_5247	539	3708.00	3788.00	530.000	2000	0.229000	1.70000	8.50000	0.300000	----	i3	2.45800
