#Name                      ObsID      X      Y   Rmax  MinCts        z   Nh20     Tx     Fe   Lbol  Chip    E_obs  Diff   Robs
#1RXS_J2129.4-0741           3199   4194   4349    600    5000   0.5700   4.36   8.62   0.52 -88.88    i3   1.2739     y     98
MACS_J0025.4-1222           3251   4309   4369    647    5000   0.5843   4.04   7.10   0.30 -88.88    i3   1.2624     y     98
MACS_J0025.4-1222           5010   4050   3710    623    5000   0.5843   4.04   7.10   0.30 -88.88    i3   1.2624     y     98
#MACS_J0159.8-0849           3265   4239   3858    600    5000   0.4050   2.01   7.90   0.31 -88.88    i3   1.4235     y    150
MACS_J0257.1-2325           1654   4306   3774    609    5000   0.5053   2.09  10.50   0.30 -88.88    i3   1.3286     y    150
MACS_J0257.1-2325           3581   4066   3698    625    5000   0.5053   2.09  10.50   0.30 -88.88    i3   1.3286     y    150
#MACS_J0257.6-2209           3267   4389   4135    600    5000   0.3224   2.02   7.40   0.41 -88.88    i3   1.5124     y    162
#MACS_J0329.6-0211           3257   4309   4187    600    5000   0.4500   6.21   5.20   0.51 -88.88    i3   1.3793     y     98
#MACS_J0329.6-0211           6108   4245   4230    600    5000   0.4500   6.21   5.20   0.51 -88.88    i3   1.3793     y    162
#MACS_J0404.6+1109           3269   4144   4307    600    5000   0.3548  14.96   5.90   0.19 -88.88    i3   1.4762     y    110
#MACS_J0417.5-1154           3270   4088   4373    600    5000   0.4400   5.37   5.37   0.30 -88.88    i3   1.3889     y    162
#MACS_J0451.9+0006           5815   4206   4276    600    5000   0.4300   7.65   5.60   0.35 -88.88    i3   1.3986     y     98
#MACS_J0717.5+3745           1655   3801   4378    600    5000   0.5480   6.75  10.50   0.28 -88.88    i3   1.2920     y    176
#MACS_J0717.5+3745           4200   4401   4033    600    5000   0.5480   6.75  10.50   0.28 -88.88    i3   1.2920     y    306
#MACS_J0744.8+3927           3197   4120   3820    600    5000   0.6860   4.66  11.29   0.38 -88.88    i3   1.1862     y     98
#MACS_J0744.8+3927           3585   3779   3857    600    5000   0.6860   4.66  11.29   0.38 -88.88    i3   1.1862     y    110
#MACS_J0744.8+3927           6111   4073   3894    740    5000   0.6860   4.66  11.29   0.30 -88.88    i3   1.1862     n    143
MACS_J0911.2+1746           3587   3962   4466    591    5000   0.5409   3.55   8.80   0.30 -88.88    i3   1.2979     y    150
#MACS_J1131.8-1955           3276   3929   4319    600    5000   0.3070   4.49   8.30   0.47 -88.88    i3   1.5302     y    176
#MACS_J1149.5+2223           1656   3911   4437    600    5000   0.1761   2.32   8.40   0.28 -88.88    i3   1.7005     y    176
#MACS_J1149.5+2223           3589   4049   3668    600    5000   0.1761   2.32   8.40   0.28 -88.88    i3   1.7005     y    176
#MACS_J1206.2-0847           3277   4210   3850    600    5000   0.4400   4.15   7.88   0.30 -88.88    i3   1.3889     y    214
#MACS_J1226.8+2153           3590   4306   3446    600    5000   0.3700   1.82   5.94   0.30 -88.88    i3   1.4599     y     72
#MACS_J1311.0-0310           3258   4222   3854    600    5000   0.4940   2.18   5.60   0.39 -88.88    i3   1.3387     y     84
#MACS_J1311.0-0310           6110   3955   4243    750    5000   0.4940   2.18   5.60   0.39 -88.88    i3   1.3387     n    153
#MACS_J1621.3+3810           3254   4267   4310    600    5000   0.4650   1.07   6.30   0.39 -88.88    i3   1.3652     y     72
#MACS_J1621.3+3810           6172   4278   4011    600    5000   0.4610   1.07   6.30   0.39 -88.88    i3   1.3689     y    124
#MACS_J1824.3+4309           3255   4006   4331    600    5000   0.4870   4.52   3.70   0.12 -88.88    i3   1.3450     y     46
#MACS_J2211.7-0349           3284   4151   4383    600    5000   0.2700   5.86  10.51   0.30 -88.88    i3   1.5748     y    202
MACS_J2214.9-1359           3259   4170   4370    696    5000   0.5026   3.32   8.80   0.30 -88.88    i3   1.3310     y    202
MACS_J2214.9-1359           5011   4222   4478    604    5000   0.5026   3.32   8.80   0.30 -88.88    i3   1.3310     y    202
#MACS_J2245.0+2637           3287   4157   4375    600    5000   0.3040   5.50   5.10   0.68 -88.88    i3   1.5337     y    136
#RX_J0647.7+7015             3196   4028   3820    600    5000   0.5840   5.18   9.07   0.30 -88.88    i3   1.2626     y    110
#RX_J1720.2+3536             6107   4275   4182    600    5000   0.3913   3.35   5.65   0.30 -88.88    i3   1.4375     y    188
#RX_J1720.2+3536             7225   4276   4177    600    5000   0.3913   3.35   5.65   0.30 -88.88    i3   1.4375     y     46
