#Name                      ObsID      X      Y   Rmax  MinCts        z   Nh20     Tx     Fe   Lbol  Chip    E_obs  Diff   Robs
MACS_J0011.7-1523           3261   4233   4335    600    5000  -0.5550   2.08   5.42   0.30 -88.88    i3  -1.0000     y    150
MACS_J0025.4-1222           3251   4298   4370    600    5000  -0.5550   2.70  -6.66   0.30 -88.88    i3  -1.0000     y    124
MACS_J0025.4-1222           5010   4031   3702    600    5000  -0.5550   2.70  -6.66   0.30 -88.88    i3  -1.0000     y    110
MACS_J0035.4-2015           3262   4145   4374    600    5000  -0.5550   1.55  -6.66   0.30 -88.88    i3  -1.0000     y    202
MACS_J0047.3-0810           3263   4266   4150    600    5000  -0.5550   4.46  -6.66   0.30 -88.88    i3  -1.0000     y     32
MACS_J0111.5+0855           3256   4184   4361    600    5000  -0.5550   4.18  -6.66   0.30 -88.88    i3  -1.0000     y     84
MACS_J0140.0-0555           5013   4008   3912    600    5000  -0.5550   2.78  -6.66   0.30 -88.88    i3  -1.0000     y     98
MACS_J0152.5-2852           3264   4209   3840    600    5000  -0.5550   1.46  -6.66   0.30 -88.88    i3  -1.0000     y    150
MACS_J0159.0-3412           5818   4130   4278    600    5000  -0.5550   1.54   9.59   0.30 -88.88    i3  -1.0000     y     46
MACS_J0257.1-2325           1654   4301   3776    600    5000  -0.5550   2.09  -6.66   0.30 -88.88    i3  -1.0000     y    124
MACS_J0257.1-2325           3581   4073   3697    600    5000  -0.5550   2.09  -6.66   0.30 -88.88    i3  -1.0000     y    136
MACS_J0308.9+2645           3268   4181   4366    600    5000  -0.5550  12.13  -6.66   0.30 -88.88    i3  -1.0000     y    228
MACS_J0326.8-0043           5810   4241   3961    600    5000  -0.5550   7.33  -6.66   0.30 -88.88    i3  -1.0000     y     72
MACS_J0455.2+0657           5812   4186   4283    600    5000  -0.5550  10.45  -6.66   0.30 -88.88    i3  -1.0000     y     98
MACS_J0520.7-1328           3272   4181   4357    600    5000  -0.5550   8.88  -6.66   0.30 -88.88    i3  -1.0000     y    162
MACS_J0553.460042           5813   4297   4168    600    5000  -0.5550   2.88  -6.66   0.30 -88.88    i3  -1.0000     y    162
MACS_J0911.2+1746           3587   3943   4442    600    5000  -0.5550   3.55  -6.66   0.30 -88.88    i3  -1.0000     y     84
MACS_J1006.9+3200           5819   4040   3886    600    5000  -0.5550   1.83  -6.66   0.30 -88.88    i3  -1.0000     y     84
MACS_J1105.7-1014           5817   4223   3946    600    5000  -0.5550   4.58  -6.66   0.30 -88.88    i3  -1.0000     y     84
MACS_J1108.8+0906           3252   4200   3875    600    5000  -0.5550   2.52  -6.66   0.30 -88.88    i3  -1.0000     y     84
MACS_J1108.8+0906           5009   4166   3692    600    5000  -0.5550   2.52  -6.66   0.30 -88.88    i3  -1.0000     y    136
MACS_J1359.1-1929           5811   4210   3925    600    5000  -0.5550   6.36  -6.66   0.30 -88.88    i3  -1.0000     y     58
MACS_J1427.2+4407           6112   4098   3891    600    5000  -0.5550   1.41  -6.66   0.30 -88.88    i3  -1.0000     y     72
MACS_J1542.0-2915           5820   4139   4016    600    5000  -0.5550   9.67  -6.66   0.30 -88.88    i3  -1.0000     y     46
MACS_J1731.6+2252           3281   4276   4309    600    5000  -0.5550   6.48  -6.66   0.30 -88.88    i3  -1.0000     y    162
MACS_J2046.0-3430           5816   4153   3906    600    5000  -0.5550   4.98  -6.66   0.30 -88.88    i3  -1.0000     y     84
MACS_J2049.9-3217           3283   4105   4362    600    5000  -0.5550   5.99  -6.66   0.30 -88.88    i3  -1.0000     y    150
MACS_J2214.9-1359           3259   4171   4376    600    5000  -0.5550   3.32  -6.66   0.30 -88.88    i3  -1.0000     y    136
MACS_J2214.9-1359           5011   4223   4475    600    5000  -0.5550   3.32  -6.66   0.30 -88.88    i3  -1.0000     y    136
MACS_J2243.3-0935           3260   4152   4313    600    5000  -0.5550   4.12  -6.66   0.30 -88.88    i3  -1.0000     y    214
MACS_J911.2+1746            5012   3975   4465    600    5000  -0.5550   3.55  -6.66   0.30 -88.88    i3  -1.0000     y    110

# doubles
MACS_J0011.7-1523       6105    3261    0000    0000     4233   4335    600    -444  -0.5550   2.08  -6.66  -0.77 -88.88    i3  -1.0000     y   MBRANE
MACS_J0025.4-1222       5010    3251    0000    0000     4298   4370    600    -444  -0.5550   2.70  -6.66  -0.77 -88.88    i3  -1.0000     y   MBRANE
MACS_J0257.1-2325       3581    1654    0000    0000     4301   3776    600    -444  -0.5550   2.09  -6.66  -0.77 -88.88    i3  -1.0000     y   MBRANE
MACS_J1108.8+0906       5009    3252    0000    0000     4200   3875    600    -444  -0.5550   2.52  -6.66  -0.77 -88.88    i3  -1.0000     y   MBRANE
MACS_J2214.9-1359       5011    3259    0000    0000     4171   4376    600    -444  -0.5550   3.32  -6.66  -0.77 -88.88    i3  -1.0000     y   MBRANE
