#Name		Obsid	Used	R2500
ABELL_0085	904	586	1130
ABELL_0133	2203	313	826
ABELL_0478	1669	414	736
ABELL_0496	3361	300	1410
ABELL_0576	3289	477	1240
ABELL_0644	2211	778	889
ABELL_1060	2220	446	3320
ABELL_1201	4216	335	400
ABELL_1361	2200	358	430
ABELL_1413	5003	340	530
ABELL_1650	4178	358	702
ABELL_1795	5289	803	1070
ABELL_1991	3193	370	984
ABELL_2029	4977	366	862
ABELL_2029	6101	815	862
ABELL_2104	895	299	501
ABELL_2124	3238	338	579
ABELL_2147	3211	947	1400
ABELL_2199	497	353	1590
ABELL_2204	499	377	441
ABELL_2244	4179	361	600
ABELL_2319	3231	947	1310
ABELL_2554	1696	450	569
ABELL_2556	2226	475	576
ABELL_2589	3210	290	1100
ABELL_2597	922	138	541
ABELL_2626	3192	378	712
ABELL_2634	4816	270	1380
ABELL_3112	2516	366	695
ABELL_3158	3201	863	969
ABELL_3266	899	463	1170
ABELL_3558	1646	370	1160
ABELL_3562	4167	660	947
ABELL_3571	4203	265	1670
ABELL_3667	5751	745	1110
ABELL_4038	4992	976	1420
CYGNUS_A	360	292	1380
ESO_3060170	3189	645	1070
ESO_5520200	3206	704	1140
EXO_0422-086	4183	960	1080
HERCULES_A	1625	283	337
HYDRA_A		4970	568	903
MKW_04		3234	467	1730
MS_0440.5+0204	4196	368	433
OPHIUCHUS	3200	366	2650
PKS_0745-191	508	363	700
RX_J0819.6+6336	2199	364	414
RX_J0820.9+0752	1647	370	608
SERSIC_159-03	1668	357	641
