#Name		Obsid	Used	R5000
ABELL_0085	904	586	796
ABELL_0133	2203	313	584
ABELL_0478	1669	414	521
ABELL_0496	3361	300	1000
ABELL_0576	3289	477	877
ABELL_1060	2220	446	2340
ABELL_1413	5003	340	374
ABELL_1650	4178	358	497
ABELL_1991	3193	370	696
ABELL_2029	4977	366	609
ABELL_2104	895	299	354
ABELL_2124	3238	338	409
ABELL_2147	3211	947	988
ABELL_2199	497	353	1130
ABELL_2244	4179	361	424
ABELL_2589	3210	290	776
ABELL_2597	922	138	382
ABELL_2626	3192	378	503
ABELL_2634	4816	270	976
ABELL_3112	2516	366	491
ABELL_3266	899	463	830
ABELL_3558	1646	370	822
ABELL_3571	4203	265	1180
ABELL_3667	5751	745	788
ABELL_4038	4992	976	1010
CYGNUS_A	360	292	972
ESO_3060170	3189	645	755
ESO_5520200	3206	704	810
HYDRA_A		4970	568	638
MKW_04		3234	467	1220
OPHIUCHUS	3200	366	1870
PKS_0745-191	508	363	495
RX_J0820.9+0752	1647	370	430
SERSIC_159-03	1668	357	453
