ABELL_2065                 31821   4060   4244    790   10000   0.0730   2.96   5.35   0.28   0.00    i3   1.8639     y      0   GALACTUS     R5ONLY
2PIGG_J0311.8-2655          5799   3861   4277    774    5000   0.0618   1.46   3.97   0.57   0.00    i3   1.8836     y      0   GALACTUS     R5ONLY
ABELL_2204                   499   4065   4210    377    5000   0.1524   5.84   6.97   0.38  45.83    s3   1.7355     y    377   GALACTUS     R5ONLY
MS_0302.7+1658               525   4001   3693    569    5000   0.4240  10.95   3.60   0.30  10.60    i3   1.4045     y     75   GALACTUS       BOTH
MS_0440.5+0204              4196   4051   3951    368    5000   0.1900   9.10  10.00   0.30   0.00    s3   1.6807     y     84   GALACTUS     R5ONLY
ABELL_2219                   896   4104   3933    365    5000   0.2256   1.76   9.81   0.27  45.94    s3   1.6319     y    362   GALACTUS     R5ONLY
ABELL_2256                  1386   4260   4179    830    5000   0.0579   4.05   6.90   0.30   0.00    i3   1.8905     y      0   GALACTUS     R5ONLY
ABELL_0013                  4945   3909   3945    550    5000   0.0940   2.03   6.51   0.41   0.00    s3   1.8282     y      0   GALACTUS     R5ONLY
ABELL_0119                  4180   4151   3985   1147    5000   0.0442   3.30   6.04   1.11   0.00    i3   1.9153     y      0   GALACTUS       BOTH
ABELL_2390                  4193   3978   4193    350    5000   0.2301   6.71   9.16   0.25  45.88    s3   1.6259     y    345   GALACTUS     R5ONLY
ABELL_2554                  1696   4242   4282    450    5000   0.1103   2.04   6.40   0.44  44.74    s3   1.8013     y    391   GALACTUS     R5ONLY
ABELL_2556                  2226   4288   4289    475    5000   0.0862   2.02   4.13   0.34  44.66    s3   1.8413     y    280   GALACTUS     R5ONLY
ABELL_3128                   893   4676   3734    604    5000   0.0624   1.59   3.60   0.30   0.00    i3   1.8825     y      0   GALACTUS     R5ONLY
ABELL_3158                  3201   4101   4187    863    5000   0.0586   1.60   4.94   0.36   0.40    i3   1.8893     y    760   GALACTUS     R5ONLY
ABELL_3158                  3712   4101   4187    800    5000   0.0586   1.60   4.94   0.36  45.10    i3   1.8893     y    800   GALACTUS     R5ONLY
ABELL_3391                  4943   4171   4182    865    5000   0.0560   5.46   6.07   0.36  44.75    i3   1.8939     y      0   GALACTUS     R5ONLY
MS_J1157.3+5531             4964   3948   3940    420    5000   0.0810   1.22   2.91   0.69   0.00    s3   1.8501     y      0   GALACTUS     R5ONLY
NGC_6338                    4194   4083   4129    990    5000   0.0280   2.60   2.42   0.54   0.00    i3   1.9455     y      0   GALACTUS     R5ONLY
ABELL_0644                  2211   3909   4329    778    5000   0.0698   6.31   6.60   0.29   4.33    i3   1.8695     y    708   GALACTUS     R5ONLY
ABELL_0781                   534   4302   3720    560    2000   0.2984   1.90  10.80   0.30  17.22    i3   1.5404     y    244   GALACTUS       BOTH
ABELL_1068                  1652   3994   3973    375    5000   0.1375   0.71   3.87   0.42  45.24    s3   1.7582     y    266   GALACTUS     R5ONLY
ABELL_1201                  4216   4177   3967    335    5000   0.1688   1.85   6.90   0.30   6.28    s3   1.7112     n    240   GALACTUS     R5ONLY
ABELL_1361                  2200   4229   4019    358    5000   0.1171   2.18   4.08   0.61   3.59    s3   1.7904     y    162   GALACTUS     R5ONLY
CL_J1213+0253               4934   3948   4500    556    5000   0.4090   1.78   3.70   0.30   5.43    i3   1.4194     y     75   GALACTUS       BOTH
ABELL_1664                  1648   4049   4241    358    5000   0.1276   8.47   3.50   0.11   0.00    s3   1.7737     y    176   GALACTUS     R5ONLY
ABELL_1682                  3244   4630   4126    460    2000   0.2260   1.10   8.90   0.30   6.24    i3   1.6313     y    313   GALACTUS       BOTH
RX_J0819.6+6336             2199   4143   3943    364    5000   0.1190   4.11   3.90   0.30   2.83    s3   1.7873     y    188   GALACTUS     R5ONLY
CL_J1641+4001               3575   4122   4398    660    5000   0.4640   1.09   1.63   0.30   0.00    i3   1.3661     y     84   GALACTUS       BOTH
RX_J1053+5735               4936   4178   4198    340    5000   1.1400   0.59   3.90   0.30   2.80    s3   0.9346     n     72   GALACTUS       BOTH
ABELL_1795                  5289   4157   3932    803    5000   0.0625   1.22   7.80   0.37  14.73    i3   1.8824     y    604   GALACTUS     R5ONLY
EXO_0422-086                4183   4102   4066    960    5000   0.0397   6.22   3.28   0.30   0.00    i3   1.9236     y    318   GALACTUS     R5ONLY
HERCULES_A                  1625   4054   4151    283    5000   0.1541   6.27   4.15   0.45  44.87    s3   1.7330     y    188   GALACTUS     R5ONLY
IRAS_09104+4109              509   4143   4006    328    5000   0.4420   1.36   8.98   0.30  15.00    s3   1.3870     y    110   GALACTUS       BOTH
LYNX_E                     17081   4008   3767    336    5000   1.2600   2.53   5.20   0.30   2.83    i2   1.2706     y     72   GALACTUS       BOTH
LYNX_E                      9271   4008   3768    300    5000   1.2600   2.53   5.20   0.30   2.83    i2   1.2706     y     72   GALACTUS       BOTH
ABELL_2029                  6101   4300   4067    815    5000   0.0765   3.26   7.38   0.42  45.77    i3   1.8579     y    500   GALACTUS     R5ONLY
MACS_J1824.3+4309           3255   4006   4331    600    5000   0.4870   4.52   3.70   0.12   0.00    i3   1.3450     y     46   GALACTUS       BOTH
TRIANG_AUSTR                1281   4044   4140   1144    5000   0.0510  13.27  10.19   0.44   0.00    i3   1.9029     y      0   GALACTUS     R5ONLY
