#ABELL_0267                  3580   4274   4446    590    5000   0.2300   2.74   6.79   0.26  13.71    i3   1.6260     y    202   GALACTUS
#ABELL_0267                  1448   4679   4060    540    5000   0.2300   2.74   6.79   0.26  13.71    i3   1.6260     y    202   GALACTUS
#ABELL_0907                  3185   3958   4329    702    5000   0.1527   5.69   5.04   0.25   0.00    i3   1.7351     y    370   GALACTUS
#ABELL_1204                  2205   3754   4157    682    5000   0.1706   1.44   3.78   0.35  45.26    i3   1.7085     y    202   GALACTUS
#ABELL_2384                  4202   4021   4375    760    5000   0.0945   2.99   3.80   0.30   0.00    i3   1.8273     y    344   GALACTUS
MACS_J0547.0-3904           3273   4230   3856    678    5000   0.2100   4.08   2.96   0.30   0.00    i3   1.6529     n    119   GALACTUS
MACS_J2243.3-0935           3260   4148   4324    703    5000   0.1010   4.31   6.07   1.04   0.00    i3   1.8165     y      0   GALACTUS
MACS_J2311+0338             3288   3836   4020    700    5000   0.2998   5.23   3.00   0.30   0.00    i3   1.5387     n    150   GALACTUS
NGC_6338                    4194   4083   4129    990    5000   0.0280   2.60   2.42   0.54   0.00    i3   1.9455     y      0   GALACTUS
RX_J0439.0+0715             1449   4398   3905    680    2000   0.2300  11.16   6.50   0.30  13.25    i3   1.6129     y    124   GALACTUS
RX_J0439.0+0715             3583   4269   4454    594    2000   0.2300  11.16   6.50   0.30  13.25    i3   1.6129     y    124   GALACTUS
RX_J1525+0958               1664   4004   3724    624    5000   0.5160   2.96   5.10   0.30   6.92    i3   1.3193     y    124   GALACTUS
ZWCL_1215                   4184   4011   4161    900    5000   0.0750   1.76   3.00   0.30   5.24    i3   1.8605     y    344   GALACTUS
