4009
788
895
1653
5797
5798
5769
2212
4202
4992
2214
1696
2226
922
3248
4945
4962
4959
4988
3289
4180
2203
3203
3204
522
3579
1448
904
2880
2321
3970
4183
801
3576
492
3186
3187
5800
5801
5799
3578
430
3361
3206
791
577
4172
4174
319
320
239
3202
3450
3188
3189
4970
4994
4085
2137
2516
3185
6954
4943
4980
3275
5901
4993
6956
7250
2220
5356
3184
5361
3201
6955
4944
893
3243
899
3276
3277
3234
4190
4191
4954
4971
5832
1648
921
4997
4998
5768
4185
4186
1646
4178
798
4165
5004
4167
4203
2021
3394
4166
4973
4999
5000
1650
3592
507
4995
6974
897
5785
4966
3191
5793
1668
5907
