#Name                      ObsID      X      Y   Rmax  MinCts        z   Nh20     Tx     Fe   Lbol  Chip    E_obs  Diff   Robs   Location
2PIGG_J0011.5-2850          5797   4290   4043    813    5000  -0.5550   2.18  -6.66   0.30 -88.88    i3  -1.0000     y      0   GALACTUS
2PIGG_J0311.8-2655          5799   3861   4277    774    5000  -0.5550   1.46  -6.66   0.30 -88.88    i3  -1.0000     y      0   GALACTUS
2PIGG_J2227.0-3041          5798   3899   4384    720    5000  -0.5550   1.11  -6.66   0.30 -88.88    i2  -1.0000     y      0   GALACTUS
ABELL_0013                  4945   3909   3945    550    5000   0.0940   2.03  -6.66   0.30 -88.88    s3   1.8282     y      0   GALACTUS
ABELL_0119                  4180   4180   4029   1147    5000   0.0442   3.30  -6.66   0.30 -88.88    i3   1.9153     y      0   GALACTUS
ABELL_0168                  3203   3991   4063   1500    5000   0.0450   3.27  -6.66   0.30 -88.88    i3   1.9139     y      0   GALACTUS
ABELL_0168                  3204   3981   3973   1500    5000   0.0450   3.27  -6.66   0.30 -88.88    i3   1.9139     y      0   GALACTUS
ABELL_0189                  2880   4054   3950    420    5000   0.0174   2.99  -6.66   0.30 -88.88    s3   1.9658     y      0   GALACTUS
ABELL_0209                  3579   4037   3724    850    5000   0.2060   1.68  -6.66   0.30 -88.88    i3   1.6584     y      0   GALACTUS
ABELL_0209                   522   4439   3759    707    5000   0.2060   1.68  -6.66   0.30 -88.88    i3   1.6584     y      0   GALACTUS
ABELL_0514                  3578   4122   4045   1144    5000   0.0720   3.14  -6.66   0.30 -88.88    i3   1.8657     y      0   GALACTUS
ABELL_0753                  4999   4096   3847    654    5000   0.0140   5.31  -6.66   0.30 -88.88    i3   1.9724     y      0   GALACTUS
ABELL_0753                  5000   4085   4318    650    5000   0.0140   5.31  -6.66   0.30 -88.88    i3   1.9724     y      0   GALACTUS
ABELL_0851                  3191   4055   3885    735    5000   0.0095   4.81  -6.66   0.30 -88.88    i3   1.9812     y      0   GALACTUS
ABELL_2631                  3248   3992   3720    650    5000   0.2779   3.74  -6.66   0.30 -88.88    i3   1.5651     y      0   GALACTUS
ABELL_2717                  6974   3877   3961    721    5000   0.0475   1.12  -6.66   0.30 -88.88    i3   1.9093     y      0   GALACTUS
ABELL_3128                   893   4676   3734    604    5000   0.0624   1.59  -6.66   0.30 -88.88    i3   1.8825     y      0   GALACTUS
ABELL_3164                  6955   3950  41660   1111    5000   0.0570   2.55  -6.66   0.30 -88.88    i3   1.8921     y      0   GALACTUS
ABELL_3376                  3202   4399   4315   1141    5000   0.0456   5.21  -6.66   0.30 -88.88    i3   1.9128     y      0   GALACTUS
ABELL_3376                  3450   4396   4319   1141    5000   0.0456   5.21  -6.66   0.30 -88.88    i3   1.9128     y      0   GALACTUS
ABELL_3395(1)               4944   4345   4076    764    5000   0.0510   6.94  -6.66   0.30 -88.88    i3   1.9029     y      0   GALACTUS
ABELL_3526                  4190   4706   3926    540    5000   0.0114   8.06  -6.66   0.30 -88.88    s3   1.9775     y      0   GALACTUS
ABELL_3526                  4191   4155   4691    793    5000   0.0114   8.07  -6.66   0.30 -88.88    s3   1.9775     y      0   GALACTUS
ABELL_3921                  4973   4198   3639    903    5000   0.0927   3.07  -6.66   0.30 -88.88    i3   1.8303     y      0   GALACTUS
ABELL_4059                  5785   4059   4245    485    5000   0.0475   1.09  -6.66   0.30 -88.88    s3   1.9093     y      0   GALACTUS
ABELL_4059                   897   4226   4118    655    5000   0.0475   1.09  -6.66   0.30 -88.88    s3   1.9093     y      0   GALACTUS
DLS_J0514-4904              4980   4131   4118   1021    5000   0.0912   2.52  -6.66   0.30 -88.88    i3   1.8328     y      0   GALACTUS
ESO_3060170                 3188   4194   4309    750    5000   0.0358   3.45  -6.66   0.30 -88.88    i3   1.9309     y      0   GALACTUS
ESO_3060170                 3189   4101   3862    750    5000   0.0358   3.45  -6.66   0.30 -88.88    i3   1.9309     y      0   GALACTUS
EXO_0423.4-0840             3970   4134   4154    270    5000   0.0397   6.22  -6.66   0.30 -88.88    s3   1.9236     y      0   GALACTUS
FORNAX                      4172   3983   3915    794    5000   0.0051   1.39  -6.66   0.30 -88.88    i3   1.9899     y      0   GALACTUS
FORNAX                      4174   4431   4789    485    5000   0.0051   1.39  -6.66   0.30 -88.88    i3   1.9899     y      0   GALACTUS
HCG_0062                     921   4234   3834    484    5000   0.0146   3.32  -6.66   0.30 -88.88    s3   1.9712     y      0   GALACTUS
HCG_0097                    4988   4166   4306    429    5000   0.0223   3.63  -6.66   0.30 -88.88    s3   1.9564     y      0   GALACTUS
IC_1633                     4971   4166   4157    800    5000   0.0242   2.17  -6.66   0.30 -88.88    i3   1.9527     y      0   GALACTUS
NGC_0720                     492   4294   4014    427    5000   0.0050   1.60  -6.66   0.30 -88.88    s3   1.9900     y      0   GALACTUS
NGC_1132                    3576   4162   4134    280    5000   0.0235   6.04  -6.66   0.30 -88.88    s3   1.9541     y      0   GALACTUS
NGC_1132                     801   4126   4174    300    5000   0.0235   6.04  -6.66   0.30 -88.88    s3   1.9541     y      0   GALACTUS
NGC_1399                     239   4048   4384    531    5000   0.0047   1.39  -6.66   0.30 -88.88    i3   1.9906     y      0   GALACTUS
NGC_1399                     319   4238   4342    489    5000   0.0047   1.39  -6.66   0.30 -88.88    s3   1.9906     y      0   GALACTUS
NGC_1399                     320   4405   4105    500    5000   0.0047   1.39  -6.66   0.30 -88.88    i3   1.9906     y      0   GALACTUS
NGC_1407                     791   4097   4021    280    5000   0.0056   5.95  -6.66   0.30 -88.88    s3   1.9889     y      0   GALACTUS
NGC_2986                    5901   4244   4052    340    5000   0.0076   4.12  -6.66   0.30 -88.88    s3   1.9849     y      0   GALACTUS
NGC_5044                     798   4158   4045    517    5000   0.0087   5.28  -6.66   0.30 -88.88    s3   1.9828     y      0   GALACTUS
NGC_5813                    5907   4074   3942    448    5000   0.0050   4.29  -6.66   0.30 -88.88    s3   1.9900     y      0   GALACTUS
NGC_5846                     788   4026   4114    513    5000   0.0066   4.16  -6.66   0.30 -88.88    s3   1.9869     y      0   GALACTUS
PKS_1404-257                1650   4074   4246    500    5000  -0.5550   4.30  -6.66   0.30 -88.88    s3  -1.0000     y      0   GALACTUS
RBS_0533                    3186   3994   4585    594    5000   0.0123  11.52  -6.66   0.30 -88.88    i3   1.9757     y      0   GALACTUS
RBS_0533                    3187   4326   4403    674    5000   0.0123  11.52  -6.66   0.30 -88.88    i3   1.9757     y      0   GALACTUS
RBS_0533                    5800   4042   3374    354    5000   0.0123  11.52  -6.66   0.30 -88.88    s3   1.9757     y      0   GALACTUS
RBS_0533                    5801   4282   4338    335    5000   0.0123  11.52  -6.66   0.30 -88.88    s3   1.9757     y      0   GALACTUS
RX_J0232.2-4420             4993   3985   3735    725    5000   0.2836   2.53  -6.66   0.30 -88.88    i3   1.5581     y      0   GALACTUS
RX_J0340-4542               6954   3870   4016    800    5000  -0.5550   1.63  -6.66   0.30 -88.88    i3  -1.0000     y      0   GALACTUS
RX_J0528.9-3927             4994   3935   4328    730    5000  -0.5550   2.36  -6.66   0.30 -88.88    i3  -1.0000     y      0   GALACTUS
RX_J1304.2-3030             4997   4216   3782    530    5000   0.0104   6.18  -6.66   0.30 -88.88    i3   1.9794     y      0   GALACTUS
RX_J1304.2-3030             4998   3954   4391    578    5000   0.0104   6.18  -6.66   0.30 -88.88    i3   1.9794     y      0   GALACTUS
RX_J2011.3-5725             4995   4386   4023    530    5000   0.2786   4.76  -6.66   0.30 -88.88    i3   1.5642     y      0   GALACTUS
S0463                       6956   4255   4031    850    5000  -0.5550   1.06  -6.66   0.30 -88.88    i3  -1.0000     y      0   GALACTUS
S0463                       7250   4329   4279    770    5000  -0.5550   1.06  -6.66   0.30 -88.88    i3  -1.0000     y      0   GALACTUS
SC_1327-312                 4165   4694   3950    610    5000  -0.5550   3.89  -6.66   0.30 -88.88    i3  -1.0000     y      0   GALACTUS
SS2B153                     3243   4182   3798    412    5000  -0.5550   4.12  -6.66   0.30 -88.88    s3  -1.0000     y      0   GALACTUS
