#Name                      ObsID      X      Y   Rmax  MinCts        z   Nh20     Tx     Fe   Lx44   Lxlo   Lxhi  Chip    E_obs  Diff   Robs            RA           Dec    ExpT     Mode    R12    R45    R67  R12/CR%  R45/CR%  R67/CR%
1E0657_56                   3184   3776   4026    590   10000   0.2960   6.53  11.64   0.23   0.00   0.00   0.00    i3   1.5432     y    200  06:58:29.627  -55:56:39.79    87.5   VFAINT 0.0000 0.0000 0.0000     0.00     0.00     0.00
1E0657_56                   5356   4205   4267    670   10000   0.2960   6.53  11.64   0.23   0.00   0.00   0.00    i2   1.5432     y    200  06:58:29.619  -55:56:39.35    97.2   VFAINT 0.0000 0.0000 0.0000     0.00     0.00     0.00
1E0657_56                   5361   3784   3917    662   10000   0.2960   6.53  11.64   0.23   0.00   0.00   0.00    i3   1.5432     y    200  06:58:29.670  -55:56:39.80    82.6   VFAINT 0.0000 0.0000 0.0000     0.00     0.00     0.00
2A_0335+096                  919   4055   3795    488    5000   0.0347  18.11   2.88   0.57   0.00   0.00   0.00    s3   0.0000     y      0  03:38:41.105  +09:58:00.66    19.7    FAINT 0.0000 0.0000 0.0000     0.00     0.00     0.00
2PIGG_J0011.5-2850          5797   4290   4043    813    5000   0.0753   2.18   5.15   0.26   2.17   2.11   2.23    i3   1.8599     y      0  00:11:21.623  -28:51:14.44    19.9   VFAINT 0.0613 0.0375 0.0145     4.92     3.01     1.16
2PIGG_J2227.0-3041          5798   3899   4384    720    5000   0.0729   1.11   2.79   0.37   0.00   0.00   0.00    i2   1.8641     y      0  22:27:54.560  -30:34:34.84    22.3   VFAINT 0.0000 0.0000 0.0000     0.00     0.00     0.00
3C_28.0                     3233   3962   4080    835    5000   0.1952   5.71   5.53   0.30   4.83   4.68   4.98    i3   1.6734     y    739  00:55:50.401  +26:24:36.47    49.7   VFAINT 0.0056 0.0032 0.0064     1.44     0.83     1.65
3C_295                      2254   4059   4097    900    5000   0.4641   1.35   5.16   0.38   7.01   6.73   7.31    i3   1.3660     n    153  14:11:20.280  +52:12:10.55    90.9   VFAINT 0.0093 0.0034 0.0022    11.06     4.00     2.61
3C_388                      5295   4339   4077    770    5000   0.0917   6.11   3.23   0.51   0.53   0.51   0.55    i3   1.8320     n    214  18:44:02.365  +45:33:29.31    30.7   VFAINT 0.0554 0.0194 0.0078    21.56     7.56     3.03
4C_55.16                    4940   3990   3990    360    5000   0.2420   4.00   4.98   0.49   5.97   5.86   6.09    s3   1.6103     y    240  08:34:54.923  +55:34:21.15    96.0   VFAINT 0.0119 0.0031 0.0019     2.87     0.75     0.45
ABELL_0013                  4945   3909   3945    550    5000   0.0940   2.03   6.84   0.55   1.42   1.38   1.46    s3   1.8282     y      0  00:13:37.883  -19:30:09.10    55.3   VFAINT 0.0233 0.0078 0.0087     3.84     1.28     1.43
ABELL_0068                  3250   3861   3798    700    2000   0.2546   4.60   9.01   0.46  12.79  11.88  13.92    i3   1.5941     y      0  00:37:06.475  +09:09:32.28    10.0   VFAINT 0.0116 0.0427 0.1175     2.58     9.53    26.23
ABELL_0085                   904   3969   4613    586    5000   0.0558   3.65   6.40   0.46   5.30   5.25   5.36    i0   1.8943     y    583  00:41:50.406  -09:18:10.79    38.4    FAINT 0.0338 0.0212 0.0276     0.66     0.41     0.54
ABELL_0119                  4180   4180   4029   1147    5000   0.0442   3.30   5.86   0.44   1.41   1.37   1.44    i3   1.9153     y      0  00:56:15.150  -01:14:59.70    11.9   VFAINT 0.0695 0.0788 0.1618     3.09     3.50     7.19
ABELL_0133                  2203   4196   4107    313    5000   0.0558   1.56   4.31   0.55   0.83   0.82   0.84    s3   1.8943     y    312  01:02:41.756  -21:52:49.79    35.5    FAINT 0.0082 0.0042 0.0028     0.58     0.29     0.20
ABELL_0141                  9410   4184   4168    950    2500   0.2300   1.67   5.31   0.30   0.00   0.00   0.00    i3   0.0000     y      0  01:05:34.385  -24:37:58.78    19.9   VFAINT 0.0000 0.0000 0.0000     0.00     0.00     0.00
ABELL_0160                  3219   4190   4038    960    5000   0.0447   4.38   1.88   0.18   0.12   0.12   0.12    i3   0.0000     y      0  01:13:00.692  +15:29:15.08    58.5   VFAINT 0.0471 0.0736 0.0498    15.49    24.22    16.37
ABELL_0193                  6931   4141   4239    520    5000   0.0485   4.57   2.50   0.35   0.00   0.00   0.00    s3   0.0000     y      0  01:25:07.660  +08:41:57.08    17.9   VFAINT 0.0000 0.0000 0.0000     0.00     0.00     0.00
ABELL_0209                  3579   4037   3724    850    5000   0.2060   1.68   8.28   0.41   0.00   0.00   0.00    i3   1.6584     y      0  01:31:52.565  -13:36:38.79    10.0   VFAINT 0.0000 0.0000 0.0000     0.00     0.00     0.00
ABELL_0209                   522   4443   3755    707    5000   0.2060   1.68   8.28   0.41   0.00   0.00   0.00    i3   1.6584     y      0  01:31:52.595  -13:36:39.25    10.0   VFAINT 0.0000 0.0000 0.0000     0.00     0.00     0.00
ABELL_0222                  4967   4410   3386    480    2500   0.2130   2.30   4.60   0.40   0.00   0.00   0.00    i3   0.0000     y      0  01:37:34.562  -12:59:34.88    45.1   VFAINT 0.0000 0.0000 0.0000     0.00     0.00     0.00
ABELL_0223                 49671   3774   4655    460    2500   0.2070   2.20   5.28   0.49   0.00   0.00   0.00    i0   0.0000     y      0  01:37:55.963  -12:49:10.53    45.1   VFAINT 0.0000 0.0000 0.0000     0.00     0.00     0.00
ABELL_0262                  2215   4053   3959    350   20000   0.0164   5.64   2.18   0.42   0.00   0.00   0.00    s3   0.0000     y      0  01:52:46.299  +36:09:11.80    28.7   VFAINT 0.0000 0.0000 0.0000     0.00     0.00     0.00
ABELL_0262                  7921   4086   4107    797   20000   0.0164   5.64   2.18   0.42   0.00   0.00   0.00    s3   0.0000     y      0  01:52:46.318  +36:09:11.90   110.7   VFAINT 0.0000 0.0000 0.0000     0.00     0.00     0.00
ABELL_0267                  1448   4679   4060    540    5000   0.2300   2.74   6.79   0.26   0.00   0.00   0.00    i3   1.6260     y    202  01:52:42.269  +01:00:45.33     7.9    FAINT 0.0000 0.0000 0.0000     0.00     0.00     0.00
ABELL_0267                  3580   4274   4446    590    5000   0.2300   2.74   6.79   0.26   0.00   0.00   0.00    i3   1.6260     y    202  01:52:42.433  +01:00:45.63    19.9   VFAINT 0.0000 0.0000 0.0000     0.00     0.00     0.00
ABELL_0368                  9412   4036   4365    760    2500   0.2200   1.75   6.23   0.38   6.22   5.89   6.61    i3   0.0000     y      0  02:37:27.640  -26:30:28.99    18.4   VFAINT 0.0083 0.0054 0.0033     2.38     1.56     0.95
ABELL_0370                   515   4389   4085    315    5000   0.3747   3.37   7.35   0.45  12.06  11.29  12.70    s3   1.4549     y    315  02:39:53.169  -01:34:36.96    88.0    FAINT 0.0059 0.0040 0.0090     2.00     1.34     3.03
ABELL_0383                  2321   4229   4166    359    5000   0.1871   4.07   4.91   0.44   5.39   5.22   5.56    s3   1.6848     y    266  02:48:03.364  -03:31:44.69    19.5    FAINT 0.0069 0.0142 0.0124     0.98     2.00     1.76
ABELL_0399                  3230   4085   4091   1016   10000   0.0716  11.51   7.95   0.30   4.40   4.30   4.51    i0   1.8664     y    812  02:57:53.382  +13:01:30.86    48.6   VFAINT 0.0461 0.0510 0.0430     2.03     2.24     1.89
ABELL_0400                  4181   4157   3993   1171    5000   0.0240   9.38   2.31   0.30   0.00   0.00   0.00    i3   0.0000     y      0  02:57:41.603  +06:01:27.61    21.5   VFAINT 0.0000 0.0000 0.0000     0.00     0.00     0.00
ABELL_0401                  2309   4053   4903    515   10000   0.0745  12.48   8.07   0.28   0.00   0.00   0.00    i2   0.0000     y    515  02:58:56.920  +13:34:14.51    11.6    FAINT 0.0000 0.0000 0.0000     0.00     0.00     0.00
ABELL_0401                   518   4027   4034    990   10000   0.0745  12.48   8.07   0.28   0.00   0.00   0.00    i3   0.0000     y    990  02:58:56.896  +13:34:14.48    18.0    FAINT 0.0000 0.0000 0.0000     0.00     0.00     0.00
ABELL_0426                  3209   4066   3953    650    5000   0.0179  14.56   3.55   0.59   0.00   0.00   0.00    s3   1.9648     y      0  03:19:48.194  +41:30:40.73    95.8    FAINT 0.0000 0.0000 0.0000     0.00     0.00     0.00
ABELL_0426                  4289   4066   3954    650    5000   0.0179  14.56   3.55   0.59   0.00   0.00   0.00    s3   1.9648     y      0  03:19:48.195  +41:30:41.20    95.4    FAINT 0.0000 0.0000 0.0000     0.00     0.00     0.00
ABELL_0478                  1669   4141   4308    414   20000   0.0883  30.90   7.07   0.31   0.00   0.00   0.00    s3   1.8377     y    412  04:13:25.345  +10:27:55.15    42.4    FAINT 0.0000 0.0000 0.0000     0.00     0.00     0.00
ABELL_0478                  6102   4210   3930    812   20000   0.0883  30.90   7.07   0.31   0.00   0.00   0.00    i3   1.8377     y    422  04:13:25.347  +10:27:55.62    10.0   VFAINT 0.0000 0.0000 0.0000     0.00     0.00     0.00
ABELL_0496                  3361   4123   4017    300    5000   0.0328   4.57   5.03   0.72   0.57   0.56   0.59    s3   1.9365     y    300  04:33:38.038  -13:15:39.65    10.0   VFAINT 0.0046 0.0116 0.0055     0.17     0.44     0.21
ABELL_0520                  4215   4293   4301    468    5000   0.2020   7.84   9.29   0.37  13.05  12.62  13.52    i3   1.6639     y    448  04:54:10.303  +02:55:36.48    66.3   VFAINT 0.0063 0.0072 0.0130     0.91     1.03     1.87
ABELL_0521                   430   4226   3910    600    5000   0.2533   6.17   7.03   0.39   9.85   9.42  10.32    s3   1.5958     y      0  04:54:06.337  -10:13:16.88    39.1   VFAINT 0.0068 0.0168 0.0105     1.21     3.01     1.89
ABELL_0539                  5808   4126   4064   1104    5000   0.0288  12.77   3.24   0.30   0.00   0.00   0.00    i3   0.0000     y      0  05:16:37.335  +06:26:25.18    24.3   VFAINT 0.0000 0.0000 0.0000     0.00     0.00     0.00
ABELL_0539                  7209   4126   4064   1104    5000   0.0288  12.77   3.24   0.30   0.00   0.00   0.00    i3   0.0000     y      0  05:16:37.341  +06:26:25.20    18.6   VFAINT 0.0000 0.0000 0.0000     0.00     0.00     0.00
ABELL_0562                  6936   3995   3981    337    5000   0.1100   5.48   3.04   0.31   0.00   0.00   0.00    s3   0.0000     y      0  06:53:21.524  +69:19:51.19    51.5   VFAINT 0.0000 0.0000 0.0000     0.00     0.00     0.00
ABELL_0576                  3289   4081   3837    477    5000   0.0385   5.57   4.43   0.43   0.47   0.46   0.48    s3   1.9259     y    477  07:21:30.394  +55:45:41.95    38.6   VFAINT 0.0626 0.0124 0.0081     3.88     0.77     0.50
ABELL_0586                   530   4450   3778    590    5000   0.1710   4.71   6.47   0.56   8.61   8.27   9.00    i3   1.7079     y    188  07:32:20.339  +31:37:58.59    10.0   VFAINT 0.0142 0.0160 0.0177     1.67     1.88     2.08
ABELL_0611                  3194   4131   3943    361    5000   0.2880   4.99   7.06   0.35  10.88  10.45  11.36    s3   1.5528     n    183  08:00:56.832  +36:03:24.09    36.1   VFAINT 0.0042 0.0038 0.0026     0.91     0.83     0.56
ABELL_0644                  2211   3909   4329    778   10000   0.0698   6.31   7.73   0.41   7.61   7.50   7.71    i3   1.8695     y    708  08:17:25.225  -07:30:40.03    29.7   VFAINT 0.0542 0.0999 0.0632     1.24     2.29     1.45
ABELL_0665                  3586   3726   3868    577    5000   0.1810   4.24   7.45   0.31  13.48  13.13  13.86    i3   1.6935     y    410  08:30:59.226  +65:50:20.06    29.7   VFAINT 0.0483 0.0111 0.0112     4.57     1.05     1.06
ABELL_0697                  4217   4088   3707    600    5000   0.2820   3.34   9.52   0.37  26.28  25.12  27.54    i3   1.5601     y    254  08:42:57.549  +36:21:57.65    19.5   VFAINT 0.0090 0.0036 0.0036     1.28     0.52     0.51
ABELL_0744                  6947   4497   3862    673    5000   0.0729   3.66   2.50   0.43   0.00   0.00   0.00    i3   0.0000     y      0  09:07:20.455  +16:39:06.18    39.5   VFAINT 0.0000 0.0000 0.0000     0.00     0.00     0.00
ABELL_0754                   577   3845   3878    760   10000   0.0543   4.60   9.94   0.32   0.00   0.00   0.00    i3   0.0000     y    760  09:09:18.188  -09:41:09.56    44.2    FAINT 0.0000 0.0000 0.0000     0.00     0.00     0.00
ABELL_0773                  5006   3765   3882    607    5000   0.2170   1.46   7.83   0.44  12.96  12.48  13.51    i3   1.6434     y    254  09:17:52.566  +51:43:38.18    19.8   VFAINT 0.0372 0.0054 0.0100     5.75     0.83     1.54
ABELL_0907                  3185   3956   4332    702    5000   0.1527   5.69   5.59   0.42   6.25   6.14   6.37    i3   1.7351     y    370  09:58:21.946  -11:03:50.73    48.0   VFAINT 0.0114 0.0132 0.0096     1.38     1.60     1.16
ABELL_0907                  3205   3657   4234    867    5000   0.1527   5.69   5.04   0.25   0.00   0.00   0.00    i3   1.7351     y    370  09:58:21.957  -11:03:50.81    47.1   VFAINT 0.0000 0.0000 0.0000     0.00     0.00     0.00
ABELL_0907                   535   3639   4255    813    5000   0.1527   5.69   5.04   0.25   0.00   0.00   0.00    i3   1.7351     y    370  09:58:21.961  -11:03:50.54    11.0   VFAINT 0.0000 0.0000 0.0000     0.00     0.00     0.00
ABELL_0963                   903   4199   3979    371    5000   0.2056   1.39   6.73   0.29  10.74  10.49  11.02    s3   1.6589     y    371  10:17:03.744  +39:02:49.17    36.3    FAINT 0.0100 0.0071 0.0041     1.03     0.73     0.42
ABELL_1060                  2220   3412   4396    446    5000   0.0125   4.96   3.29   0.40   0.01   0.01   0.01    i3   1.9753     y    444  10:36:42.828  -27:31:42.06    31.9   VFAINT 0.0165 0.0051 0.0048     5.01     1.55     1.47
ABELL_1063S                 4966   4146   3818    771    5000   0.3540   1.77  11.96   0.38  71.49  69.00  74.17    i3   1.5974     y    200  22:48:44.294  -44:31:48.37    26.7   VFAINT 0.0138 0.0054 0.0039     1.35     0.53     0.38
ABELL_1068                  1652   3994   3973    375    5000   0.1375   0.71   4.62   0.34   4.77   4.68   4.87    s3   1.7582     y    266  10:40:44.520  +39:57:10.28    26.8    FAINT 0.0141 0.0117 0.0074     1.21     1.00     0.64
ABELL_1201                  4216   4177   3967    335    5000   0.1688   1.85   5.61   0.36   4.08   3.93   4.24    s3   1.7112     n    240  11:12:54.489  +13:26:08.76    39.7   VFAINT 0.0070 0.0071 0.0060     1.22     1.23     1.04
ABELL_1204                  2205   3754   4157    682    5000   0.1706   1.44   3.63   0.31   3.98   3.89   4.09    i3   1.7085     y    202  11:13:20.419  +17:35:38.45    23.6   VFAINT 0.0064 0.0023 0.0025     1.31     0.48     0.51
ABELL_1240                  4961   4072   4056    999    2500   0.1590   2.04   4.77   0.18   1.01   0.95   1.07    i3   0.0000     y      0  11:23:38.357  +43:05:48.33    51.3   VFAINT 0.0253 0.0154 0.0047    19.06    11.57     3.56
ABELL_1361                  2200   4233   4017    540    2500   0.1171   2.18   5.32   0.31   2.39   2.19   2.62    s3   1.7904     y      0  11:43:39.637  +46:21:20.41    16.7    FAINT 0.0242 0.0096 0.0045     2.92     1.16     0.54
ABELL_1413                  5003   4933   3926    340    5000   0.1426   2.19   7.41   0.33  10.17  10.02  10.33    i2   1.7504     y    335  11:55:17.893  +23:24:21.84    75.1   VFAINT 0.0092 0.0045 0.0053     0.82     0.40     0.48
ABELL_1423                   538   3768   4438    520    2500   0.2130   1.60   6.01   0.30   7.07   6.66   7.53    i3   1.6488     y    136  11:57:17.263  +33:36:37.44     9.8   VFAINT 0.0143 0.0116 0.0093     3.15     2.57     2.06
ABELL_1446                  4975   4249   4109    570    5000   0.1035   1.36   3.96   0.47   1.05   1.02   1.07    s3   0.0000     y      0  12:02:03.744  +58:02:17.93    58.4   VFAINT 0.0649 0.0112 0.0131    13.66     2.37     2.76
ABELL_1569                  6100   4372   3540    760    5000   0.0735   2.22   2.51   0.30   0.35   0.34   0.37    i3   0.0000     y      0  12:36:26.015  +16:32:17.81    41.2   VFAINT 0.0362 0.0211 0.0199    13.35     7.77     7.35
ABELL_1576                  7938   4130   4118   1000    2500   0.2790   0.95  10.10   0.30   0.00   0.00   0.00    i3   0.0000     y      0  12:36:58.274  +63:11:13.88    15.0   VFAINT 0.0000 0.0000 0.0000     0.00     0.00     0.00
ABELL_1644                  2206   4652   3610    570    5000   0.0471   5.69   4.60   0.50   0.00   0.00   0.00    i3   0.0000     y      0  12:57:11.665  -17:24:32.86    18.7    FAINT 0.0000 0.0000 0.0000     0.00     0.00     0.00
ABELL_1644                  7922   4717   3657    645    5000   0.0471   5.69   4.60   0.50   0.00   0.00   0.00    i3   0.0000     y      0  12:57:11.689  -17:24:33.26    51.5   VFAINT 0.0000 0.0000 0.0000     0.00     0.00     0.00
ABELL_1650                  4178   4035   4231    358    5000   0.0843   1.62   6.17   0.41   4.37   4.30   4.44    s3   1.8445     y    354  12:58:41.499  -01:45:44.32    27.3   VFAINT 0.0081 0.0089 0.0159     0.33     0.36     0.64
ABELL_1651                  4185   4186   4035    888    5000   0.0840   2.02   6.26   0.42   6.71   6.56   6.88    i3   1.8450     y    370  12:59:22.830  -04:11:45.86     9.6   VFAINT 0.0397 0.0400 0.0323     1.40     1.41     1.14
ABELL_1664                  1648   4045   4247    358    2500   0.1276   8.47   4.39   0.26   3.14   3.01   3.28    s3   0.0000     y      0  13:03:42.622  -24:14:41.59     9.8   VFAINT 0.0109 0.0093 0.0081     1.13     0.96     0.83
ABELL_1664                  7901   4116   3958    500    5000   0.1276   8.47   3.50   0.11   0.00   0.00   0.00    s3   0.0000     y      0  13:03:42.626  -24:14:41.69    36.6   VFAINT 0.0000 0.0000 0.0000     0.00     0.00     0.00
ABELL_1689                  1663   4263   3690    650   10000   0.1843   1.87  10.10   0.25   0.00   0.00   0.00    i3   1.6888     y      0  13:11:29.612  -01:20:28.69    10.7    FAINT 0.0000 0.0000 0.0000     0.00     0.00     0.00
ABELL_1689                  5004   4209   3715    607   10000   0.1843   1.87   9.46   0.38  28.07  27.32  28.88    i3   1.6888     y    332  13:11:29.606  -01:20:28.61    19.9   VFAINT 0.0085 0.0212 0.0304     0.47     1.16     1.67
ABELL_1689                   540   3612   4069    804   10000   0.1843   1.87  10.10   0.25   0.00   0.00   0.00    i3   1.6888     y      0  13:11:29.595  -01:20:28.47    10.3    FAINT 0.0000 0.0000 0.0000     0.00     0.00     0.00
ABELL_1736                  4186   4277   4291    820    5000   0.0338   5.13   3.45   0.44   0.00   0.00   0.00    i1   0.0000     y      0  13:26:49.453  -27:09:48.13    14.9   VFAINT 0.0000 0.0000 0.0000     0.00     0.00     0.00
ABELL_1758                  2213   4095   4300    461    5000   0.2792   1.09  12.14   0.56  21.12  20.33  22.08    s3   1.5635     y    344  13:32:48.398  +50:32:32.53    58.3   VFAINT 0.0208 0.0101 0.0078     3.04     1.48     1.13
ABELL_1763                  3591   4228   4409    647    5000   0.1866   0.82   7.78   0.25   9.33   8.95   9.74    i3   1.6855     y    471  13:35:17.957  +40:59:55.80    19.6   VFAINT 0.0138 0.0107 0.0078     2.10     1.62     1.19
ABELL_1795                   493   3999   3967    366   15000   0.0625   1.22   7.80   0.37   0.00   0.00   0.00    s3   1.8824     y      0  13:48:52.802  +26:35:23.55    19.6   VFAINT 0.0000 0.0000 0.0000     0.00     0.00     0.00
ABELL_1795                  5289   4157   3932    803   15000   0.0625   1.22   6.08   0.33   7.81   7.72   7.92    i3   1.8824     y    604  13:48:52.829  +26:35:24.01    15.0   VFAINT 0.0399 0.0407 0.0406     0.67     0.69     0.69
ABELL_1835                   495   4195   3977    384    5000   0.2532   2.36   9.77   0.31  39.62  38.49  40.84    s3   1.5959     y    384  14:01:01.951  +02:52:43.18    19.5    FAINT 0.0092 0.0077 0.0042     0.47     0.39     0.22
ABELL_1914                  3593   4154   4454    620    5000   0.1712   0.97   9.62   0.30  26.40  25.71  27.16    i3   1.7077     y    318  14:26:03.060  +37:49:27.84    18.9   VFAINT 0.0190 0.0141 0.0082     0.96     0.71     0.41
ABELL_1942                  3290   4230   4529    633    2500   0.2240   2.75   4.77   0.33   2.30   2.20   2.40    i2   1.6340     y    214  14:38:21.878  +03:40:12.97    57.6   VFAINT 0.0090 0.0019 0.0056     6.54     1.37     4.08
ABELL_1991                  3193   4209   4018    370    2500   0.0587   2.43   2.67   0.44   0.45   0.44   0.46    s3   1.8930     y    370  14:54:31.620  +18:38:41.48    38.3   VFAINT 0.0033 0.0054 0.0007     0.37     0.62     0.09
ABELL_1995                  7021   3980   4148    680    2500   0.3186   1.44   3.40   0.15   0.00   0.00   0.00    i3   1.5168     y      0  14:52:57.410  +58:02:56.84    48.5   VFAINT 0.0000 0.0000 0.0000     0.00     0.00     0.00
ABELL_2029                  4977   4176   3973    366   35000   0.0765   3.26   7.38   0.42   0.00   0.00   0.00    s3   1.8579     y    363  15:10:56.139  +05:44:40.47    77.9    FAINT 0.0000 0.0000 0.0000     0.00     0.00     0.00
ABELL_2029                  6101   4300   4067    815   35000   0.0765   3.26   7.38   0.42   0.00   0.00   0.00    i3   1.8579     y    500  15:10:56.163  +05:44:40.89     9.9   VFAINT 0.0000 0.0000 0.0000     0.00     0.00     0.00
ABELL_2029                   891   4033   3960    366   35000   0.0765   3.26   7.38   0.42   0.00   0.00   0.00    s3   1.8579     y      0  15:10:56.164  +05:44:40.55    19.8    FAINT 0.0000 0.0000 0.0000     0.00     0.00     0.00
ABELL_2034                  2204   3967   4063    920   10000   0.1130   1.58   7.15   0.32   6.50   6.39   6.61    i3   1.7969     y    604  15:10:12.498  +33:30:39.57    53.9   VFAINT 0.0608 0.0344 0.0130     4.27     2.41     0.92
ABELL_2052                  5807   4085   3946    357   10000   0.0353   2.85   2.98   0.54   0.00   0.00   0.00    s3   0.0000     y    357  15:16:44.514  +07:01:17.02   127.0   VFAINT 0.0000 0.0000 0.0000     0.00     0.00     0.00
ABELL_2052                   890   4073   4161    280   10000   0.0353   2.85   2.98   0.54   0.00   0.00   0.00    s3   0.0000     y      0  15:16:44.543  +07:01:17.33    36.8    FAINT 0.0000 0.0000 0.0000     0.00     0.00     0.00
ABELL_2063                  4187   4107   3954    840   10000   0.0351   3.21   3.61   0.37   0.00   0.00   0.00    i3   0.0000     y      0  15:23:04.851  +08:36:20.16     8.8   VFAINT 0.0000 0.0000 0.0000     0.00     0.00     0.00
ABELL_2063                  6263   4082   3924    340   10000   0.0351   3.21   3.61   0.37   0.00   0.00   0.00    s3   0.0000     y      0  15:23:04.871  +08:36:20.50    16.8   VFAINT 0.0000 0.0000 0.0000     0.00     0.00     0.00
ABELL_2065                 31821   4052   4196    790    5000   0.0730   2.96   5.75   0.28   2.95   2.90   3.00    i3   1.8639     y      0  15:22:29.517  +27:42:22.93    27.7   VFAINT 0.0187 0.0175 0.0126     1.04     0.97     0.70
ABELL_2069                  4965   4169   3765    834    5000   0.1160   1.97   6.50   0.26   3.85   3.76   3.96    i2   1.7921     y    540  15:24:11.376  +29:52:19.02    55.4   VFAINT 0.0472 0.0323 0.0187     6.16     4.22     2.44
ABELL_2104                   895   3985   4005    299    5000   0.1554  14.93   8.53   0.36   6.98   6.73   7.26    s3   1.7310     y    294  15:40:08.131  -03:18:15.02    49.2    FAINT 0.0045 0.0074 0.0088     0.45     0.75     0.90
ABELL_2107                  4960   4023   4191    922    5000   0.0411   4.54   3.82   0.42   0.00   0.00   0.00    i3   0.0000     y      0  15:39:39.113  +21:46:57.66    35.6   VFAINT 0.0000 0.0000 0.0000     0.00     0.00     0.00
ABELL_2111                   544   3978   3774    605    2500   0.2300   2.20   7.13   0.13   7.51   6.93   8.24    i3   1.6260     y    338  15:39:40.637  +34:25:28.01    10.3    FAINT 0.0183 0.0144 0.0056     4.63     3.64     1.43
ABELL_2124                  3238   3966   4090    338    2500   0.0658   1.71   4.73   0.45   0.46   0.45   0.48    s3   1.8765     y      0  15:44:59.131  +36:06:34.11    19.4   VFAINT 0.0135 0.0101 0.0059     2.60     1.94     1.13
ABELL_2125                  2207   3794   4416    649    2500   0.2465   2.75   2.88   0.31   0.79   0.75   0.83    i3   1.6045     y    150  15:41:14.154  +66:15:57.20    81.5   VFAINT 0.0110 0.0013 0.0028    23.33     2.80     5.86
ABELL_2142                  1196   4044   4127    320   10000   0.0898   4.31   8.24   0.28   0.00   0.00   0.00    s3   0.0000     y    320  15:58:20.880  +27:13:44.21    11.4    FAINT 0.0000 0.0000 0.0000     0.00     0.00     0.00
ABELL_2142                  1228   4044   4127    320   10000   0.0898   4.31   8.24   0.28   0.00   0.00   0.00    s3   0.0000     y    320  15:58:20.880  +27:13:44.11    12.1    FAINT 0.0000 0.0000 0.0000     0.00     0.00     0.00
ABELL_2142                  5005   3774   3758    800   10000   0.0898   4.31   8.24   0.28   0.00   0.00   0.00    i3   0.0000     y    564  15:58:20.957  +27:13:45.38    44.6   VFAINT 0.0000 0.0000 0.0000     0.00     0.00     0.00
ABELL_2147                  3211   3809   4168    900    5000   0.0356   3.38   4.09   0.31   0.73   0.71   0.74    i3   1.9312     y      0  16:02:17.025  +15:58:28.32    17.9   VFAINT 0.0969 0.0751 0.0571     4.58     3.55     2.70
ABELL_2151                  4996   3745   4211    730    5000   0.0366   3.46   2.90   0.30   0.00   0.00   0.00    i3   0.0000     y      0  16:04:35.887  +17:43:17.36    21.8   VFAINT 0.0000 0.0000 0.0000     0.00     0.00     0.00
ABELL_2163                  1653   4206   4484    767    5000   0.1695  12.04  19.20   0.10  49.28  48.08  50.54    i1   1.7101     y    767  16:15:45.705  -06:09:00.62    71.1   VFAINT 0.0224 0.0366 0.0181     0.91     1.48     0.73
ABELL_2199                   497   3957   4035    353    5000   0.0300   0.88   4.55   0.44   0.81   0.80   0.82    s3   1.9417     y    352  16:28:38.249  +39:33:04.28    19.5    FAINT 0.0190 0.0122 0.0047     0.40     0.25     0.10
ABELL_2204                   499   4020   4234    377   10000   0.1524   5.84   6.97   0.38   0.00   0.00   0.00    s3   1.7355     y    377  16:32:46.920  +05:34:32.86    10.1    FAINT 0.0000 0.0000 0.0000     0.00     0.00     0.00
ABELL_2204                  6104   3973   4253    827   10000   0.1524   5.84   6.97   0.38   0.00   0.00   0.00    i3   1.7355     y    280  16:32:46.911  +05:34:32.70     9.6   VFAINT 0.0000 0.0000 0.0000     0.00     0.00     0.00
ABELL_2204                  7940   3856   3948    800   10000   0.1524   5.84   6.97   0.38   0.00   0.00   0.00    i3   1.7355     y    280  16:32:46.923  +05:34:32.87    77.1   VFAINT 0.0000 0.0000 0.0000     0.00     0.00     0.00
ABELL_2218                  1666   4125   3811    783    5000   0.1713   3.12   7.35   0.22   8.46   8.22   8.70    i0   1.7075     y    396  16:35:50.831  +66:12:42.31    48.6   VFAINT 0.0478 0.0079 0.0066     6.20     1.02     0.86
ABELL_2219                   896   4124   3961    365   10000   0.2256   1.76  12.75   0.28  38.26  37.36  39.25    s3   1.6319     y    362  16:40:20.112  +46:42:42.84    42.3    FAINT 0.0260 0.0154 0.0078     1.26     0.75     0.38
ABELL_2244                  4179   4146   4240    361    5000   0.0967   2.09   5.68   0.38   5.54   5.49   5.59    s3   1.8237     y    360  17:02:42.579  +34:03:37.34    57.0   VFAINT 0.0218 0.0171 0.0097     0.88     0.69     0.39
ABELL_2255                   894   4088   4143    970    5000   0.0805   2.53   6.12   0.30   3.70   3.64   3.76    i3   1.8510     y    855  17:12:42.935  +64:04:10.81    39.4    FAINT 0.1987 0.0276 0.0212    11.18     1.55     1.20
ABELL_2256                  1386   4260   4179    830   10000   0.0579   4.05   6.90   0.30   0.00   0.00   0.00    i3   1.8905     y      0  17:03:44.567  +78:38:11.51    12.4    FAINT 0.0000 0.0000 0.0000     0.00     0.00     0.00
ABELL_2259                  3245   4115   4501    585    2500   0.1640   3.70   5.18   0.41   5.43   5.20   5.70    i3   1.7182     y    348  17:20:08.299  +27:40:11.53    10.0   VFAINT 0.0084 0.0094 0.0070     1.35     1.51     1.12
ABELL_2261                  5007   4420   3869    591    5000   0.2240   3.31   7.63   0.36  17.63  17.09  18.22    i3   1.6340     y    266  17:22:27.254  +32:07:58.60    24.3   VFAINT 0.0257 0.0129 0.0090     3.02     1.51     1.05
ABELL_2294                  3246   4458   4006    620    2500   0.1780   6.10   9.98   0.53  10.41   9.77  11.19    i3   1.6978     y    276  17:24:10.149  +85:53:09.77    10.0   VFAINT 0.0397 0.0050 0.0045     5.44     0.68     0.62
ABELL_2319                  3231   4063   4199    947   10000   0.0562   9.05  10.87   0.35  12.66  12.32  13.02    i1   1.8936     y    904  19:21:09.638  +43:57:21.53    14.4   VFAINT 0.2059 0.0699 0.0330     2.30     0.78     0.37
ABELL_2384                  4202   4021   4375    760    5000   0.0945   2.99   4.75   0.23   1.98   1.93   2.03    i3   1.8273     y    344  21:52:21.178  -19:32:51.90    31.5   VFAINT 0.0288 0.0114 0.0120     3.80     1.50     1.58
ABELL_2390                  4193   3978   4193    350    5000   0.2301   6.71  11.15   0.36  35.60  35.03  36.20    s3   1.6259     y    345  21:53:36.825  +17:41:44.38    95.1   VFAINT 0.0102 0.0093 0.0089     0.57     0.52     0.50
ABELL_2409                  3247   4045   4550    470    2500   0.1479   6.72   5.94   0.37   7.08   6.81   7.38    i3   1.7423     y    300  22:00:52.567  +20:58:06.55    10.2   VFAINT 0.0106 0.0124 0.0129     1.12     1.31     1.36
ABELL_2420                  8271   3940   3932    870    2500   0.0846   3.76   6.47   0.40   4.37   4.21   4.55    i3   0.0000     y      0  22:10:18.792  -12:10:13.35     8.1   VFAINT 0.0504 0.0434 0.0107     2.79     2.40     0.59
ABELL_2462                  4159   4108   4161    730    5000   0.0737   3.30   2.42   0.25   0.28   0.27   0.29    s3   0.0000     y      0  22:39:11.367  -17:20:28.33    39.2   VFAINT 0.0151 0.0086 0.0067     4.57     2.60     2.03
ABELL_2537                  4962   3949   4157    362    5000   0.2950   4.26   8.40   0.40  10.24   9.77  10.74    s3   1.5444     n    174  23:08:22.313  -02:11:29.88    36.2   VFAINT 0.0048 0.0013 0.0041     1.36     0.38     1.15
ABELL_2554                  1696   4251   4279    600    2500   0.1103   2.04   5.29   0.33   1.66   1.59   1.73    s3   1.8013     y      0  23:12:19.622  -21:30:11.32    19.9   VFAINT 0.0108 0.0055 0.0059     1.77     0.91     0.97
ABELL_2556                  2226   4288   4289    475    5000   0.0862   2.02   3.50   0.34   1.53   1.49   1.56    s3   1.8413     y    280  23:13:01.413  -21:38:04.47    19.9   VFAINT 0.0100 0.0060 0.0056     0.89     0.53     0.50
ABELL_2589                  3210   4087   4178    290    1500   0.0415   3.98   3.65   0.63   0.33   0.31   0.35    s3   1.9203     y    276  23:23:57.315  +16:46:38.43    13.7   VFAINT 0.0055 0.0105 0.0067     0.49     0.94     0.60
ABELL_2597                   922   4129   4175    138    5000   0.0854   2.51   4.02   0.35   1.47   1.44   1.51    s3   1.8426     y    134  23:25:19.779  -12:07:27.63    39.4    FAINT 0.0018 0.0007 0.0009     0.16     0.06     0.08
ABELL_2626                  3192   4178   4229    378    5000   0.0573   4.30   3.29   0.51   0.66   0.65   0.67    s3   1.8916     y    358  23:36:30.452  +21:08:47.36    24.8   VFAINT 0.0110 0.0228 0.0134     0.95     1.97     1.16
ABELL_2631                  3248   3992   3672    650    2500   0.2779   3.74   7.06   0.34  12.70  11.82  13.73    i3   1.5651     y      0  23:37:38.560  +00:16:05.02     9.2   VFAINT 0.0065 0.0014 0.0040     1.58     0.35     0.99
ABELL_2657                  4941   4102   3962    900    5000   0.0402   5.66   3.77   0.38   0.00   0.00   0.00    i3   0.0000     y      0  23:44:57.253  +09:11:30.74    16.1   VFAINT 0.0000 0.0000 0.0000     0.00     0.00     0.00
ABELL_2667                  2214   4047   3946    367    5000   0.2300   1.64   6.75   0.36  20.09  19.39  20.83    s3   1.6260     y    188  23:51:39.395  -26:05:02.75     9.6   VFAINT 0.0078 0.0042 0.0038     0.56     0.30     0.27
ABELL_2717                  6974   3853   3977    721    5000   0.0475   1.12   1.69   0.30   0.00   0.00   0.00    i3   1.9093     y      0  00:03:12.968  -35:56:00.13    19.8   VFAINT 0.0000 0.0000 0.0000     0.00     0.00     0.00
ABELL_2744                  2212   4126   3807    460    5000   0.3080   1.82   9.18   0.24  29.21  28.16  30.36    s3   0.0000     y      0  00:14:19.529  -30:23:30.24    24.8   VFAINT 0.0111 0.0027 0.0018     1.24     0.30     0.21
ABELL_2744                  7915   4321   4082    870    5000   0.3080   1.82   9.61   0.19   0.00   0.00   0.00    i3   0.0000     y      0  00:14:19.538  -30:23:30.30    18.6   VFAINT 0.0000 0.0000 0.0000     0.00     0.00     0.00
ABELL_2744                  8477   3516   3874    590    5000   0.3080   1.82   9.61   0.19   0.00   0.00   0.00    i3   0.0000     y      0  00:14:19.530  -30:23:30.13    45.9   VFAINT 0.0000 0.0000 0.0000     0.00     0.00     0.00
ABELL_2744                  8557   3516   3874    590    5000   0.3080   1.82   9.61   0.19   0.00   0.00   0.00    i3   0.0000     y      0  00:14:19.532  -30:23:30.09    27.8   VFAINT 0.0000 0.0000 0.0000     0.00     0.00     0.00
ABELL_2813                  9409   4120   4324    730    2500   0.2924   1.55   8.96   0.35  14.02  13.21  14.98    i3   0.0000     y      0  00:43:24.881  -20:37:25.08    19.9   VFAINT 0.0044 0.0037 0.0027     1.21     1.03     0.75
ABELL_3084                  9413   3967   4339    737    2500   0.0977   2.13   5.30   0.04   0.59   0.54   0.65    i3   0.0000     y      0  03:04:03.920  -36:56:27.17    19.9   VFAINT 0.0360 0.0070 0.0101    17.32     3.34     4.86
ABELL_3088                  9414   4017   4360    748    2500   0.2534   1.37   6.71   0.28   0.00   0.00   0.00    i3   0.0000     y      0  03:07:01.734  -28:39:55.47    18.9   VFAINT 0.0000 0.0000 0.0000     0.00     0.00     0.00
ABELL_3112                  2516   4167   3961    366    5000   0.0720   2.50   5.17   0.55   3.28   3.22   3.33    s3   1.8657     y    366  03:17:57.681  -44:14:17.16    16.9   VFAINT 0.0180 0.0049 0.0022     0.61     0.17     0.08
ABELL_3120                  6951   3994   3744    677    2500   0.0690   2.43   4.40   0.50   0.19   0.18   0.21    i3   0.0000     y      0  03:21:56.464  -51:19:35.40    26.8   VFAINT 0.0596 0.0089 0.0094    39.98     5.95     6.31
ABELL_3158                  3201   4101   4187    863   10000   0.0580   1.60   4.94   0.41   3.45   3.41   3.49    i3   1.8904     y    760  03:42:54.675  -53:37:24.36    24.8   VFAINT 0.1795 0.0431 0.0141     5.28     1.27     0.41
ABELL_3158                  3712   4101   4187    800   10000   0.0580   1.60   4.94   0.36   0.00   0.00   0.00    i3   0.0000     y    800  03:42:54.683  -53:37:24.37    30.9   VFAINT 0.0000 0.0000 0.0000     0.00     0.00     0.00
ABELL_3266                   899   3365   4027    463    5000   0.0590   1.72   9.07   0.29   2.77   2.71   2.83    i1   1.8886     y    462  04:31:13.304  -61:27:12.59    29.8   VFAINT 0.0683 0.0081 0.0110     3.56     0.42     0.57
ABELL_3364                  9419   3842   3997    753    2500   0.1483   2.06   7.88   0.19   6.22   5.96   6.52    i3   0.0000     y      0  05:47:37.698  -31:52:23.61    19.8   VFAINT 0.0093 0.0142 0.0054     1.27     1.94     0.74
ABELL_3376                  3202   4244   4404   1141   10000   0.0456   5.21   4.08   0.44   0.00   0.00   0.00    i3   1.9128     y      0  06:02:11.756  -39:56:59.07    44.3   VFAINT 0.0000 0.0000 0.0000     0.00     0.00     0.00
ABELL_3376                  3450   4244   4404   1141   10000   0.0456   5.21   4.08   0.44   0.00   0.00   0.00    i3   1.9128     y      0  06:02:11.754  -39:56:59.12    19.8   VFAINT 0.0000 0.0000 0.0000     0.00     0.00     0.00
ABELL_3391                  4943   4171   4182    865    5000   0.0560   5.46   6.07   0.36   0.00   0.00   0.00    i3   0.0000     y      0  06:26:21.511  -53:41:44.81    18.4   VFAINT 0.0000 0.0000 0.0000     0.00     0.00     0.00
ABELL_3395                  4944   4281   4012    764    5000   0.0510   6.94   5.13   0.39   0.00   0.00   0.00    i3   1.9029     y      0  06:26:48.463  -54:32:59.21    21.9   VFAINT 0.0000 0.0000 0.0000     0.00     0.00     0.00
ABELL_3528S                 8268   4363   3971    754    2500   0.0530   6.13   5.44   0.37   0.84   0.80   0.89    i3   0.0000     y      0  12:54:40.897  -29:13:38.10     8.1   VFAINT 0.0318 0.0118 0.0217     3.18     1.18     2.17
ABELL_3558                  1646   4255   4120    370    5000   0.0480   3.84   6.60   0.54   1.62   1.59   1.66    s3   1.9084     y    365  13:27:56.854  -31:29:43.78    14.4   VFAINT 0.0113 0.0077 0.0041     0.38     0.26     0.14
ABELL_3562                  4167   4025   3729    660    5000   0.0490   3.90   4.59   0.39   1.11   1.09   1.13    i2   1.9066     y    448  13:33:37.800  -31:40:12.04    19.3   VFAINT 0.0558 0.0134 0.0000     3.46     0.83     0.00
ABELL_3571                  4203   4019   4139    265    5000   0.0391   4.66   7.77   0.49   1.25   1.23   1.27    s3   1.9247     y    262  13:47:28.434  -32:51:52.45    34.0   VFAINT 0.0083 0.0046 0.0062     0.27     0.15     0.20
ABELL_3581                  1650   4074   4246    500    5000   0.0218   4.30   2.10   0.67   0.00   0.00   0.00    s3   1.9573     y      0  14:07:29.777  -27:01:05.88     7.2   VFAINT 0.0000 0.0000 0.0000     0.00     0.00     0.00
ABELL_3667                  5751   4555   4415    745   30000   0.0556   5.45   6.51   0.37   4.25   4.22   4.28    i3   1.8947     y    744  20:12:41.231  -56:50:35.70   128.9   VFAINT 0.1474 0.0033 0.0143     3.96     0.09     0.38
ABELL_3667                  5752   4467   4576    745   30000   0.0556   5.45   6.72   0.29   0.00   0.00   0.00    i3   1.8947     y    744  20:12:41.238  -56:50:36.15    60.4   VFAINT 0.0000 0.0000 0.0000     0.00     0.00     0.00
ABELL_3667                  5753   4629   4320    745   30000   0.0556   5.45   6.72   0.29   0.00   0.00   0.00    i3   1.8947     y    744  20:12:41.234  -56:50:35.78   103.6   VFAINT 0.0000 0.0000 0.0000     0.00     0.00     0.00
ABELL_3667                   889   3252   3523    635   30000   0.0556   5.45   6.72   0.29   0.00   0.00   0.00    i2   1.8947     y    745  20:12:41.240  -56:50:35.70    50.3    FAINT 0.0000 0.0000 0.0000     0.00     0.00     0.00
ABELL_3822                  8269   3899   3933    775    2500   0.0759   2.10   4.89   0.31   2.65   2.56   2.74    i3   0.0000     y      0  21:54:04.203  -57:52:02.71     8.1   VFAINT 0.1285 0.0171 0.0202     8.41     1.12     1.32
ABELL_3827                  7920   4258   4122    850   10000   0.0984   2.59   8.05   0.41   0.00   0.00   0.00    s3   0.0000     y      0  22:01:53.200  -59:56:43.04    45.6   VFAINT 0.0000 0.0000 0.0000     0.00     0.00     0.00
ABELL_3921                  4973   4198   3639    903    5000   0.0927   3.07   5.69   0.43   0.00   0.00   0.00    i3   1.8303     y      0  22:49:57.829  -64:25:42.17    29.4   VFAINT 0.0000 0.0000 0.0000     0.00     0.00     0.00
ABELL_4038                  4992   4114   4052    976   10000   0.0300   1.57   3.11   0.41   0.82   0.81   0.83    i2   1.9417     y    864  23:47:43.180  -28:08:34.81    33.5   VFAINT 0.1371 0.0298 0.0412     3.78     0.82     1.14
ABELL_4059                  5785   4059   4245    485    5000   0.0475   1.09   4.69   0.62   0.00   0.00   0.00    s3   1.9093     y      0  23:57:01.065  -34:45:33.28    92.1   VFAINT 0.0000 0.0000 0.0000     0.00     0.00     0.00
ABELL_S0405                 8272   3916   4444    817    2500   0.0613   7.23   4.11   0.25   0.77   0.73   0.81    i3   0.0000     y      0  03:51:32.815  -82:13:10.19     7.9   VFAINT 0.0378 0.0154 0.0050     4.88     1.98     0.64
ABELL_S0592                 9420   3957   4355    640    5000   0.2216   6.41   9.08   0.43  17.35  16.64  18.13    i3   0.0000     y      0  06:38:48.610  -53:58:26.32    19.9   VFAINT 0.0274 0.0016 0.0013     3.43     0.21     0.16
AC_114                      1562   4190   4298    600    5000   0.3120   1.44   7.53   0.26  11.00  10.65  11.38    s3   1.5244     y      0  22:58:48.316  -34:48:08.20    72.5    FAINT 0.0102 0.0028 0.0028     2.73     0.76     0.76
AWM7                         908   4370   3478    510   15000   0.0172  10.34   3.71   0.51   0.00   0.00   0.00    i3   0.0000     y      0  02:54:27.631  +41:34:47.07    47.9    FAINT 0.0000 0.0000 0.0000     0.00     0.00     0.00
CENTAURUS                   4190   4698   3935    400   80000   0.0109   8.06   3.96   0.53   0.00   0.00   0.00    s3   0.0000     y      0  12:48:49.267  -41:18:39.54    34.3   VFAINT 0.0000 0.0000 0.0000     0.00     0.00     0.00
CENTAURUS                   4191   4149   4706    520   80000   0.0109   8.06   3.96   0.53   0.00   0.00   0.00    s3   0.0000     y      0  12:48:49.258  -41:18:39.46    34.0   VFAINT 0.0000 0.0000 0.0000     0.00     0.00     0.00
CENTAURUS                   4954   4276   4113    540   80000   0.0109   8.06   3.96   0.53   0.00   0.00   0.00    s3   0.0000     y      0  12:48:49.276  -41:18:39.34    89.1    FAINT 0.0000 0.0000 0.0000     0.00     0.00     0.00
CENTAURUS                   4955   4215   4115    530   80000   0.0109   8.06   3.96   0.53   0.00   0.00   0.00    s3   0.0000     y      0  12:48:49.276  -41:18:39.32    44.7    FAINT 0.0000 0.0000 0.0000     0.00     0.00     0.00
CENTAURUS                    504   4106   4259    520   80000   0.0109   8.06   3.96   0.53   0.00   0.00   0.00    s3   0.0000     y      0  12:48:49.262  -41:18:39.09    31.8    FAINT 0.0000 0.0000 0.0000     0.00     0.00     0.00
CENTAURUS                    505   4065   4259    530   80000   0.0109   8.06   3.96   0.53   0.00   0.00   0.00    s3   0.0000     y      0  12:48:49.281  -41:18:39.27    10.0    FAINT 0.0000 0.0000 0.0000     0.00     0.00     0.00
CENTAURUS                   5310   4337   4111    580   80000   0.0109   8.06   3.96   0.53   0.00   0.00   0.00    s3   0.0000     y      0  12:48:49.271  -41:18:39.36    49.3    FAINT 0.0000 0.0000 0.0000     0.00     0.00     0.00
CID_0072                    2018   4052   4172    500    2500   0.0344   2.43   1.91   0.26   0.15   0.14   0.15    s3   0.0000     y      0  17:33:03.247  +43:45:37.28    30.7    FAINT 0.1304 0.0501 0.0266    22.49     8.64     4.59
CID_0072                    6949   4007   3966    850    2500   0.0344   2.43   1.91   0.26   0.15   0.14   0.15    i3   0.0000     y      0  17:33:03.262  +43:45:37.40    38.6   VFAINT 0.1304 0.0501 0.0266    22.49     8.64     4.59
CID_0072                    7321   4025   4005    860    2500   0.0344   2.43   1.91   0.26   0.15   0.14   0.15    i3   0.0000     y      0  17:33:03.224  +43:45:37.44    37.5   VFAINT 0.1304 0.0501 0.0266    22.49     8.64     4.59
CID_0072                    7322   3971   3938    809    2500   0.0344   2.43   1.91   0.26   0.15   0.14   0.15    i3   0.0000     y      0  17:33:03.225  +43:45:37.48    37.5   VFAINT 0.1292 0.0542 0.0283    22.28     9.34     4.88
CL_J1226.9+3332             3180   4100   3893    778    2500   0.8900   1.37  10.00   0.30   0.00   0.00   0.00    i3   1.0582     y     84  12:26:58.373  +33:32:47.36    31.7   VFAINT 0.0000 0.0000 0.0000     0.00     0.00     0.00
CL_J1226.9+3332             5014   4142   4489    611    2500   0.8900   1.37  10.00   0.30   0.00   0.00   0.00    i3   1.0582     y     84  12:26:58.372  +33:32:47.18    32.7   VFAINT 0.0000 0.0000 0.0000     0.00     0.00     0.00
CL_J1226.9+3332              932   4048   4166    262    2500   0.8900   1.37  10.00   0.30   0.00   0.00   0.00    s3   1.0582     y     84  12:26:58.393  +33:32:47.60     9.8   VFAINT 0.0000 0.0000 0.0000     0.00     0.00     0.00
CYGNUS_A                     360   4066   4024    292    5000   0.0561  35.23   7.68   0.48   2.18   2.13   2.24    s3   1.8938     y    291  19:59:28.381  +40:44:01.98    34.7    FAINT 0.0121 0.0064 0.0042     0.51     0.27     0.18
ESO_3060170                 3188   4210   4335    750    5000   0.0358   3.45   2.79   0.61   0.00   0.00   0.00    i3   1.9309     y      0  05:40:06.687  -40:50:12.82    14.0   VFAINT 0.0000 0.0000 0.0000     0.00     0.00     0.00
ESO_3060170                 3189   4098   3862    645    5000   0.0358   3.45   2.71   0.42   0.24   0.23   0.24    i0   1.9309     y      0  05:40:06.722  -40:50:11.97    14.1   VFAINT 0.0338 0.0129 0.0146     4.11     1.57     1.77
ESO_5520200                 3206   4204   3843    704    5000   0.0314   4.29   2.37   0.53   0.09   0.09   0.09    i3   1.9391     y    176  04:54:52.318  -18:06:56.52    23.9   VFAINT 0.0791 0.0434 0.0189    18.17     9.97     4.35
EXO_0422-086                4183   4102   4066    960    5000   0.0397   6.22   3.40   0.38   0.74   0.72   0.76    i3   1.9236     y    318  04:25:51.271  -08:33:36.42    10.0   VFAINT 0.1303 0.1281 0.0653     6.77     6.66     3.39
HCG_0062                     921   4234   3834    484    5000   0.0146   3.32   1.10   0.24   0.00   0.00   0.00    s3   1.9712     y      0  12:53:05.741  -09:12:15.64    48.5    FAINT 0.0000 0.0000 0.0000     0.00     0.00     0.00
HCG_42                      3215   4410   4454    385    2500   0.0133   5.15   0.70   0.30   0.00   0.00   0.00    s3   1.9737     y      0  10:00:14.234  -19:38:10.77    31.7   VFAINT 0.0000 0.0000 0.0000     0.00     0.00     0.00
HERCULES_A                  1625   4054   4151    283    5000   0.1541   6.27   5.21   0.39   3.48   3.31   3.67    s3   1.7330     y    188  16:51:08.161  +04:59:32.44    14.8   VFAINT 0.0099 0.0012 0.0036     1.53     0.19     0.55
HERCULES_A                  5796   4007   3972    368    5000   0.1541   6.27   4.15   0.45   0.00   0.00   0.00    s3   1.7330     y    188  16:51:08.158  +04:59:32.35    47.5   VFAINT 0.0000 0.0000 0.0000     0.00     0.00     0.00
HERCULES_A                  6257   3962   4026    358    5000   0.1541   6.27   4.15   0.45   0.00   0.00   0.00    s3   1.7330     y    188  16:51:08.156  +04:59:32.47    49.5   VFAINT 0.0000 0.0000 0.0000     0.00     0.00     0.00
HYDRA_A                     4970   4119   3945    568   25000   0.0549   4.82   4.00   0.39   2.63   2.61   2.65    s3   1.8959     y    564  09:18:05.985  -12:05:43.94    98.8   VFAINT 0.0167 0.0359 0.0347     0.38     0.81     0.79
HYDRA_A                      576   4111   4066    244   25000   0.0549   4.82   4.30   0.35   0.00   0.00   0.00    s3   1.8959     y      0  09:18:06.010  -12:05:44.30    19.5    FAINT 0.0000 0.0000 0.0000     0.00     0.00     0.00
M49                          321   4046   4132    530    5000   0.0033   1.43   1.33   0.30   0.00   0.00   0.00    s3   0.0000     y      0  12:29:46.841  +08:00:01.98    39.6   VFAINT 0.0000 0.0000 0.0000     0.00     0.00     0.00
M87                         5826   4093   4005   1215  200000   0.0044   2.54   2.50   0.30   0.00   0.00   0.00    i3   0.0000     y      0  12:30:49.383  +12:23:28.67   126.8   VFAINT 0.0000 0.0000 0.0000     0.00     0.00     0.00
M87                         5827   4032   4161   1212  200000   0.0044   2.54   2.50   0.30   0.00   0.00   0.00    i3   0.0000     y      0  12:30:49.383  +12:23:28.45   156.2   VFAINT 0.0000 0.0000 0.0000     0.00     0.00     0.00
MACS_J0011.7-1523           3261   4232   4338    702    5000   0.3600   2.08   5.42   0.30   0.00   0.00   0.00    i3   1.4706     y      0  00:11:42.965  -15:23:20.79    21.6   VFAINT 0.0000 0.0000 0.0000     0.00     0.00     0.00
MACS_J0011.7-1523           6105   4033   3907    757    5000   0.3600   2.08   6.64   0.32  10.98  10.48  11.52    i3   1.4706     n    179  00:11:42.957  -15:23:20.46    37.3   VFAINT 0.0076 0.0028 0.0015     3.76     1.37     0.74
MACS_J0035.4-2015           3262   4127   4364    718    2500   0.3644   1.55   7.39   0.30   0.00   0.00   0.00    i3   1.4658     y      0  00:35:26.573  -20:15:46.06    21.4   VFAINT 0.0000 0.0000 0.0000     0.00     0.00     0.00
MACS_J0159.8-0849           3265   4235   3857    600    5000   0.4050   2.01   9.59   0.30   0.00   0.00   0.00    i3   1.4235     y    150  01:59:49.453  -08:50:00.90    17.9   VFAINT 0.0000 0.0000 0.0000     0.00     0.00     0.00
MACS_J0159.8-0849           6106   4211   4259    737    5000   0.4050   2.01   9.59   0.30   0.00   0.00   0.00    i3   1.4235     n    166  01:59:49.422  -08:50:00.42    35.3   VFAINT 0.0000 0.0000 0.0000     0.00     0.00     0.00
MACS_J0242.5-2132           3266   4149   4367    683    2500   0.3140   2.71   5.58   0.34  12.89  12.19  13.68    i3   1.5221     n    112  02:42:35.906  -21:32:26.30    11.9   VFAINT 0.0049 0.0048 0.0052     1.39     1.34     1.47
MACS_J0257.1-2325           1654   4306   3774    609    5000   0.5053   2.09  10.50   0.30   0.00   0.00   0.00    i3   1.3286     y    150  02:57:09.130  -23:26:05.85    19.8    FAINT 0.0000 0.0000 0.0000     0.00     0.00     0.00
MACS_J0257.1-2325           3581   4067   3699    625    5000   0.5053   2.09  10.50   0.30   0.00   0.00   0.00    i3   1.3286     y    150  02:57:09.152  -23:26:06.21    18.5   VFAINT 0.0000 0.0000 0.0000     0.00     0.00     0.00
MACS_J0257.6-2209           3267   4389   4135    600    2500   0.3224   2.02   8.02   0.30  10.85  10.19  11.64    i3   1.5124     y    162  02:57:41.024  -22:09:11.12    20.5   VFAINT 0.0046 0.0037 0.0035     1.86     1.52     1.42
MACS_J0308.9+2645           3268   4182   4362    713    2500   0.3240  11.88  10.54   0.28  20.56  19.26  22.03    i3   1.5106     y      0  03:08:55.927  +26:45:38.34    24.4   VFAINT 0.0032 0.0050 0.0025     0.80     1.26     0.63
MACS_J0329.6-0211           3257   4307   4190    600    5000   0.4500   6.21   5.20   0.51   0.00   0.00   0.00    i3   1.3793     y     98  03:29:41.681  -02:11:47.67     9.9   VFAINT 0.0000 0.0000 0.0000     0.00     0.00     0.00
MACS_J0329.6-0211           3582   4289   4438    555    5000   0.4500   6.21   5.24   0.30   0.00   0.00   0.00    i3   1.3793     n    127  03:29:41.688  -02:11:47.81    19.9   VFAINT 0.0000 0.0000 0.0000     0.00     0.00     0.00
MACS_J0329.6-0211           6108   4245   4230    600    5000   0.4500   6.21   5.20   0.51   0.00   0.00   0.00    i3   1.3793     y    162  03:29:41.681  -02:11:47.57    39.6   VFAINT 0.0000 0.0000 0.0000     0.00     0.00     0.00
MACS_J0417.5-1154           3270   4088   4373    600    2500   0.4400   4.00  11.07   0.33  38.24  35.28  41.86    i3   1.3889     y    162  04:17:34.686  -11:54:32.71    12.0   VFAINT 0.0013 0.0027 0.0021     0.36     0.71     0.55
MACS_J0429.6-0253           3271   4163   4361    676    2500   0.3990   5.70   5.66   0.35  11.72  11.03  12.51    i3   1.4296     n    124  04:29:36.088  -02:53:09.02    23.2   VFAINT 0.0071 0.0052 0.0047     3.55     2.62     2.35
MACS_J0520.7-1328           3272   4183   4355    717    2500   0.3398   8.88   6.27   0.30   0.00   0.00   0.00    i3   1.4928     y      0  05:20:42.052  -13:28:49.38    19.2   VFAINT 0.0000 0.0000 0.0000     0.00     0.00     0.00
MACS_J0547.0-3904           3273   4230   3856    678    2500   0.2100   4.08   3.58   0.09   1.62   1.50   1.74    i3   1.6529     n    119  05:47:01.582  -39:04:28.24    21.7   VFAINT 0.0064 0.0030 0.0016     4.80     2.27     1.19
MACS_J0717.5+3745           1655   3820   4355    600    5000   0.5480   6.75  10.50   0.28   0.00   0.00   0.00    i3   1.2920     y    176  07:17:31.654  +37:45:18.52    19.9    FAINT 0.0000 0.0000 0.0000     0.00     0.00     0.00
MACS_J0717.5+3745           4200   4401   4032    600    5000   0.5480   6.75  10.50   0.28   0.00   0.00   0.00    i3   1.2920     y    306  07:17:31.651  +37:45:18.46    59.2   VFAINT 0.0000 0.0000 0.0000     0.00     0.00     0.00
MACS_J0744.8+3927           3197   4120   3818    600    5000   0.6860   4.66  11.29   0.38   0.00   0.00   0.00    i3   1.1862     y     98  07:44:52.802  +39:27:24.41    20.2   VFAINT 0.0000 0.0000 0.0000     0.00     0.00     0.00
MACS_J0744.8+3927           3585   3779   3856    600    5000   0.6860   4.66  11.29   0.38   0.00   0.00   0.00    i3   1.1862     y    110  07:44:52.779  +39:27:24.41    19.9   VFAINT 0.0000 0.0000 0.0000     0.00     0.00     0.00
MACS_J0744.8+3927           6111   4074   3891    740    5000   0.6860   4.66  11.29   0.30   0.00   0.00   0.00    i3   1.1862     n    143  07:44:52.800  +39:27:24.81    49.5   VFAINT 0.0000 0.0000 0.0000     0.00     0.00     0.00
MACS_J1115.2+5320           3253   3815   4178    708    5000   0.4390   0.98   8.03   0.30   0.00   0.00   0.00    i3   1.3899     y      0  11:15:15.632  +53:20:03.31     8.8   VFAINT 0.0000 0.0000 0.0000     0.00     0.00     0.00
MACS_J1115.2+5320           5008   4038   4509    618    5000   0.4390   0.98   8.03   0.30   0.00   0.00   0.00    i3   1.3899     y      0  11:15:15.646  +53:20:03.74    18.0   VFAINT 0.0000 0.0000 0.0000     0.00     0.00     0.00
MACS_J1115.2+5320           5350   4281   4458    606    5000   0.4390   0.98   8.03   0.30   0.00   0.00   0.00    i3   1.3899     y      0  11:15:15.632  +53:20:03.37     6.9   VFAINT 0.0000 0.0000 0.0000     0.00     0.00     0.00
MACS_J1115.8+0129           3275   4224   3860    650    2500   0.1200   4.36   6.78   0.07   1.49   1.37   1.63    i3   1.7857     n    146  11:15:52.048  +01:29:56.56    15.9   VFAINT 0.0081 0.0081 0.0083     2.63     2.64     2.70
MACS_J1131.8-1955           3276   3970   4342    600    2500   0.3070   4.49   8.64   0.42  17.59  16.46  18.92    i3   1.5302     y    176  11:31:54.580  -19:55:44.54    13.9   VFAINT 0.0055 0.0087 0.0036     1.30     2.06     0.86
MACS_J1149.5+2223           1656   3900   4441    600    5000   0.5440   2.32   8.40   0.28   0.00   0.00   0.00    i3   1.2953     y    176  11:49:35.856  +22:23:55.02    18.5   VFAINT 0.0000 0.0000 0.0000     0.00     0.00     0.00
MACS_J1149.5+2223           3589   4049   3667    600    5000   0.5440   2.32   8.40   0.28   0.00   0.00   0.00    i3   1.2953     y    176  11:49:35.848  +22:23:54.55    20.0   VFAINT 0.0000 0.0000 0.0000     0.00     0.00     0.00
MACS_J1206.2-0847           3277   4210   3850    600    5000   0.4400   4.15  10.21   0.33  37.29  35.26  39.65    i3   1.3889     y    214  12:06:12.276  -08:48:02.40    23.5   VFAINT 0.0024 0.0038 0.0027     0.65     1.02     0.73
MACS_J1311.0-0310           3258   4222   3854    600    5000   0.4940   2.18   5.60   0.39   0.00   0.00   0.00    i3   1.3387     y     84  13:11:01.665  -03:10:39.50    14.9   VFAINT 0.0000 0.0000 0.0000     0.00     0.00     0.00
MACS_J1311.0-0310           6110   3954   4239    753    5000   0.4940   2.18   6.70   0.30   0.00   0.00   0.00    i3   1.3387     n    153  13:11:01.680  -03:10:39.75    63.2   VFAINT 0.0000 0.0000 0.0000     0.00     0.00     0.00
MACS_J1621.3+3810           3254   4266   4313    600    5000   0.4610   1.07   7.53   0.39   0.00   0.00   0.00    i3   1.3689     y     72  16:21:24.801  +38:10:08.65     9.8   VFAINT 0.0000 0.0000 0.0000     0.00     0.00     0.00
MACS_J1621.3+3810           3594   3982   4496    572    5000   0.4610   1.07   7.53   0.39   0.00   0.00   0.00    i3   1.3689     n    124  16:21:24.808  +38:10:08.04    19.7   VFAINT 0.0000 0.0000 0.0000     0.00     0.00     0.00
MACS_J1621.3+3810           6109   4295   4061    756    5000   0.4610   1.07   7.53   0.39   0.00   0.00   0.00    i3   1.3689     n    123  16:21:24.825  +38:10:08.43    37.5   VFAINT 0.0000 0.0000 0.0000     0.00     0.00     0.00
MACS_J1621.3+3810           6172   4279   4012    600    5000   0.4610   1.07   7.53   0.39   0.00   0.00   0.00    i3   1.3689     y    124  16:21:24.807  +38:10:09.21    29.8   VFAINT 0.0000 0.0000 0.0000     0.00     0.00     0.00
MACS_J1931.8-2634           3282   4125   4371    670    2500   0.3520   9.13   6.97   0.27  23.38  22.05  24.85    i3   1.4793     n    148  19:31:49.656  -26:34:33.99    13.6   VFAINT 0.0067 0.0021 0.0019     1.42     0.44     0.40
MACS_J2049.9-3217           3283   4097   4365    722    2500   0.3254   5.99   6.98   0.30   0.00   0.00   0.00    i3   1.5090     y      0  20:49:56.245  -32:16:52.30    23.8   VFAINT 0.0000 0.0000 0.0000     0.00     0.00     0.00
MACS_J2211.7-0349           3284   4151   4383    600    5000   0.2700   5.86  11.30   0.15  22.24  20.86  23.84    i3   1.5748     y    202  22:11:45.856  -03:49:37.24    17.7   VFAINT 0.0096 0.0063 0.0071     1.55     1.02     1.15
MACS_J2214.9-1359           3259   4170   4370    696    5000   0.5026   3.32   8.80   0.30   0.00   0.00   0.00    i3   1.3310     y    202  22:14:57.467  -14:00:09.35    19.5   VFAINT 0.0000 0.0000 0.0000     0.00     0.00     0.00
MACS_J2214.9-1359           5011   4223   4480    604    5000   0.5026   3.32   8.80   0.30   0.00   0.00   0.00    i3   1.3310     y    202  22:14:57.481  -14:00:09.69    18.5   VFAINT 0.0000 0.0000 0.0000     0.00     0.00     0.00
MACS_J2228+2036             3285   4298   4290    716    2500   0.4120   4.52   7.86   0.39  18.08  16.95  19.45    i3   1.4164     n    162  22:28:33.872  +20:37:18.31    19.9   VFAINT 0.0026 0.0048 0.0030     1.11     2.02     1.26
MACS_J2229.7-2755           3286   4202   4349    684    2500   0.3240   1.34   5.01   0.55   9.60   9.18  10.08    i3   1.5106     n    117  22:29:45.358  -27:55:38.41    16.4   VFAINT 0.0032 0.0029 0.0010     1.28     1.14     0.38
MACS_J2245.0+2637           3287   4154   4366    600    2500   0.3040   5.50   6.06   0.60   9.46   8.97  10.00    i3   1.5337     y    136  22:45:04.657  +26:38:03.46    16.9   VFAINT 0.0040 0.0044 0.0016     1.45     1.59     0.59
MKW3S                        900   4254   3746    894   15000   0.0450   3.05   2.18   0.30   0.00   0.00   0.00    i3   1.9138     y      0  15:21:51.930  +07:42:31.97    57.3   VFAINT 0.0000 0.0000 0.0000     0.00     0.00     0.00
MKW_04                      3234   4206   3852    467    5000   0.0198   1.90   2.06   0.55   0.03   0.03   0.03    s3   1.9612     n    343  12:04:27.218  +01:53:42.79    30.0   VFAINT 0.0090 0.0086 0.0056     1.76     1.67     1.09
MKW_08                      4942   4140   4004    940    5000   0.0270   2.60   3.29   0.30   0.00   0.00   0.00    i3   0.0000     y      0  14:40:39.633  +03:28:13.61    23.1   VFAINT 0.0000 0.0000 0.0000     0.00     0.00     0.00
MS_0016.9+1609               520   4073   3627    608    5000   0.5410   4.06   8.94   0.29  33.24  31.88  34.72    i3   1.2979     y    240  00:18:33.503  +16:26:12.99    67.4   VFAINT 0.0023 0.0015 0.0016     0.99     0.63     0.67
MS_0116.3-0115              4963   4132   4303    400    2500   0.0452   3.83   1.84   0.38   0.03   0.02   0.03    s3   0.0000     y      0  01:18:53.944  -01:00:07.54    39.3   VFAINT 0.0090 0.0102 0.0180     9.62    11.02    19.37
MS_0440.5+0204              4196   4051   3951    368    2000   0.1900   9.10   5.46   0.71   2.21   2.05   2.39    s3   1.6807     y      0  04:43:09.952  +02:10:18.70    59.4   VFAINT 0.0111 0.0060 0.0108     4.45     2.40     4.34
MS_0451.6-0305               902   4153   3853    460    2500   0.5386   5.68   8.90   0.37  33.63  32.00  35.44    s3   1.2999     y    254  04:54:11.004  -03:00:52.19    44.2    FAINT 0.0028 0.0037 0.0048     0.90     1.19     1.53
MS_0735.6+7421              4197   4070   3939    343    5000   0.2160   3.40   5.55   0.35   7.65   7.48   7.83    s3   1.6447     y    280  07:41:44.245  +74:14:38.23    45.5   VFAINT 0.0305 0.0053 0.0029     4.71     0.81     0.45
MS_0839.8+2938              2224   3936   4100    374    5000   0.1940   3.92   4.68   0.46   3.13   3.02   3.25    s3   1.6750     y    176  08:42:55.969  +29:27:26.97    29.8    FAINT 0.0045 0.0035 0.0023     1.17     0.91     0.58
MS_0906.5+1110               924   4550   3794    585    5000   0.1630   3.60   5.38   0.27   4.69   4.54   4.85    i3   1.7197     y    254  09:09:12.753  +10:58:32.00    29.7   VFAINT 0.0145 0.0188 0.0170     2.62     3.38     3.06
MS_1006.0+1202               925   3606   4335    572    2500   0.2210   3.63   5.61   0.24   4.81   4.59   5.05    i3   1.6380     y    188  10:08:47.462  +11:47:36.31    29.4   VFAINT 0.0101 0.0082 0.0069     3.39     2.76     2.33
MS_1008.1-1224               926   3573   4235    569    5000   0.3010   6.71   7.45   0.29   8.53   8.16   8.93    i3   1.5373     y    214  10:10:32.312  -12:39:56.80    44.2   VFAINT 0.0078 0.0150 0.0100     3.73     7.19     4.77
MS_1455.0+2232              4192   3758   4590    575    5000   0.2590   3.35   4.77   0.44  10.38  10.22  10.54    i3   1.5886     y    318  14:57:15.088  +22:20:32.49    91.9   VFAINT 0.0042 0.0041 0.0026     0.96     0.95     0.60
MS_2137.3-2353              4974   4138   4244    340    5000   0.3130   3.40   6.01   0.45  11.40  10.90  11.94    s3   1.5232     n    115  21:40:15.178  -23:39:40.71    57.4   VFAINT 0.0039 0.0015 0.0012     0.92     0.36     0.28
MS_J1157.3+5531             4964   3948   3940    420    5000   0.0810   1.22   3.28   0.76   0.12   0.12   0.13    s3   1.8501     y      0  11:59:52.295  +55:32:05.61    75.1   VFAINT 0.0246 0.0100 0.0081    22.79     9.29     7.49
NGC_0507                    2882   4083   4242    840    5000   0.0164   5.30   1.40   0.30   0.00   0.00   0.00    i3   0.0000     y      0  01:23:39.905  +33:15:21.73    43.6   VFAINT 0.0000 0.0000 0.0000     0.00     0.00     0.00
NGC_4636                    3926   4191   3834    730    5000   0.0031   1.90   0.66   0.30   0.00   0.00   0.00    i3   0.0000     y      0  12:42:49.856  +02:41:15.86    74.7   VFAINT 0.0000 0.0000 0.0000     0.00     0.00     0.00
NGC_4636                    4415   4173   3893    765    5000   0.0031   1.90   0.66   0.30   0.00   0.00   0.00    i3   0.0000     y      0  12:42:49.882  +02:41:16.11    74.4   VFAINT 0.0000 0.0000 0.0000     0.00     0.00     0.00
NGC_5044                    3225   4046   4235    520    5000   0.0090   5.04   1.22   0.30   0.00   0.00   0.00    s3   0.0000     y      0  13:15:23.947  -16:23:07.62    83.1   VFAINT 0.0000 0.0000 0.0000     0.00     0.00     0.00
NGC_5044                    3664   4046   4235    520    5000   0.0090   5.04   1.22   0.30   0.00   0.00   0.00    s3   0.0000     y      0  13:15:23.972  -16:23:07.78    61.3   VFAINT 0.0000 0.0000 0.0000     0.00     0.00     0.00
NGC_5813                    5907   4080   3946    650    5000   0.0066   4.34   0.76   0.30   0.00   0.00   0.00    s3   0.0000     y      0  15:01:11.260  +01:42:07.23    48.4   VFAINT 0.0000 0.0000 0.0000     0.00     0.00     0.00
NGC_5846                     788   4027   4114    530    5000   0.0057   4.21   0.64   0.30   0.00   0.00   0.00    s3   0.0000     y      0  15:06:29.289  +01:36:20.13    29.9    FAINT 0.0000 0.0000 0.0000     0.00     0.00     0.00
OPHIUCHUS                   3200   4073   4256    366    5000   0.0280  36.00  11.12   0.41   2.78   2.74   2.82    s3   1.9455     y    363  17:12:27.731  -23:22:06.74    50.5    FAINT 0.0092 0.0060 0.0025     0.10     0.07     0.03
PKS_0745-191                2427   3962   4178    366    5000   0.1028  40.82   8.50   0.30   0.00   0.00   0.00    s3   1.8136     y      0  07:47:31.436  -19:17:39.78    17.9   VFAINT 0.0000 0.0000 0.0000     0.00     0.00     0.00
PKS_0745-191                 508   4017   3968    363    5000   0.1028  40.82   8.50   0.30   0.00   0.00   0.00    s3   1.8136     y    362  07:47:31.453  -19:17:39.96    28.0    FAINT 0.0000 0.0000 0.0000     0.00     0.00     0.00
PKS_0745-191                6103   4214   3935    806    5000   0.1028  40.82   8.50   0.30   0.00   0.00   0.00    i3   1.8136     y    358  07:47:31.469  -19:17:40.01    10.3   VFAINT 0.0000 0.0000 0.0000     0.00     0.00     0.00
RBS_0461                    4182   4048   4240    868    5000   0.0290  16.16   2.60   0.30   0.00   0.00   0.00    i3   0.0000     y      0  03:41:17.490  +15:23:54.66    23.4   VFAINT 0.0000 0.0000 0.0000     0.00     0.00     0.00
RBS_0533                    3186   3994   4584    594    5000   0.0123  11.52   1.29   0.36   0.00   0.00   0.00    i3   1.9757     y      0  04:19:38.105  +02:24:35.54    10.0   VFAINT 0.0000 0.0000 0.0000     0.00     0.00     0.00
RBS_0533                    3187   4326   4398    674    5000   0.0123  11.52   1.29   0.36   0.00   0.00   0.00    i3   1.9757     y      0  04:19:38.135  +02:24:36.02     9.6   VFAINT 0.0000 0.0000 0.0000     0.00     0.00     0.00
RBS_0533                    5800   4038   3375    354    5000   0.0123  11.52   1.29   0.36   0.00   0.00   0.00    s3   1.9757     y      0  04:19:38.130  +02:24:35.73    44.5   VFAINT 0.0000 0.0000 0.0000     0.00     0.00     0.00
RBS_0533                    5801   4276   4338    335    5000   0.0123  11.52   1.29   0.36   0.00   0.00   0.00    s3   1.9757     y      0  04:19:38.111  +02:24:35.62    44.4   VFAINT 0.0000 0.0000 0.0000     0.00     0.00     0.00
RBS_0797                    2202   4389   4014    750    2500   0.3540   2.22   7.68   0.32  26.29  24.82  27.96    i3   1.4771     y      0  09:47:12.693  +76:23:13.40    11.7   VFAINT 0.0147 0.0035 0.0007     2.90     0.69     0.15
RBS_0797                    7902   4193   4213    485    2500   0.3540   2.22   7.68   0.32  26.29  24.82  27.96    s3   1.4771     y      0  09:47:12.729  +76:23:13.37    38.3   VFAINT 0.0147 0.0035 0.0007     2.90     0.69     0.15
RCS_J2327-0204              7355   4057   3917    470    2500   0.2000   4.84   7.06   0.21   0.00   0.00   0.00    s3   0.0000     y      0  23:27:27.524  -02:04:39.01    24.7   VFAINT 0.0000 0.0000 0.0000     0.00     0.00     0.00
RX_J0220.9-3829             9411   3997   4348    750    2500   0.2287   1.85   5.02   0.47   3.50   3.33   3.69    i3   0.0000     y      0  02:20:56.582  -38:28:51.21    19.9   VFAINT 0.0081 0.0023 0.0021     4.13     1.19     1.04
RX_J0232.2-4420             4993   3985   3735    725    2500   0.2836   2.53   7.83   0.36  18.32  17.44  19.27    i3   1.5581     y      0  02:32:18.771  -44:20:46.68    23.4   VFAINT 0.0108 0.0034 0.0028     2.05     0.63     0.53
RX_J0439+0520                527   4294   3655    580    2000   0.2080  10.02   4.60   0.44   3.61   3.31   3.92    i3   1.6556     y      0  04:39:02.218  +05:20:43.11     9.6   VFAINT 0.0075 0.0055 0.0075     2.60     1.89     2.60
RX_J0439.0+0715             1449   4398   3905    680    5000   0.2300  11.16   6.50   0.30   0.00   0.00   0.00    i3   1.6129     y    124  04:39:00.710  +07:16:07.65     6.3    FAINT 0.0000 0.0000 0.0000     0.00     0.00     0.00
RX_J0439.0+0715             3583   4269   4454    594    5000   0.2300  11.16   6.50   0.30   0.00   0.00   0.00    i3   1.6129     y    124  04:39:00.710  +07:16:07.33    19.2   VFAINT 0.0000 0.0000 0.0000     0.00     0.00     0.00
RX_J0528.9-3927             4994   3935   4328    730    2500   0.2632   2.36   7.89   0.27  13.09  12.38  13.94    i3   1.5833     y      0  05:28:53.039  -39:28:15.53    22.5   VFAINT 0.0141 0.0017 0.0012     3.12     0.39     0.26
RX_J0647.7+7015             3196   4028   3819    600    5000   0.5840   5.18   9.07   0.30   0.00   0.00   0.00    i3   1.2626     y    110  06:47:50.029  +70:14:49.66    19.3   VFAINT 0.0000 0.0000 0.0000     0.00     0.00     0.00
RX_J0647.7+7015             3584   4114   3694    610    5000   0.5840   5.18   9.07   0.30   0.00   0.00   0.00    i3   1.2626     y    110  06:47:50.114  +70:14:49.99    20.0   VFAINT 0.0000 0.0000 0.0000     0.00     0.00     0.00
RX_J0819.6+6336             2199   4143   3943    364    2500   0.1190   4.11   3.87   0.16   1.12   1.05   1.20    s3   1.7873     y      0  08:19:26.007  +63:37:26.53    14.9    FAINT 0.0399 0.0108 0.0070     9.06     2.45     1.59
RX_J1000.4+4409             9421   3969   3837    782    2500   0.1540   1.08   3.42   0.20   1.61   1.53   1.70    i3   0.0000     y      0  10:00:32.024  +44:08:39.69    18.5   VFAINT 0.0250 0.0130 0.0091    10.39     5.40     3.77
RX_J1022.1+3830             6942   4074   4069    496    5000   0.0491   1.41   3.04   0.45   0.00   0.00   0.00    s3   0.0000     y      0  10:22:10.034  +38:31:23.54    41.5   VFAINT 0.0000 0.0000 0.0000     0.00     0.00     0.00
RX_J1130.0+3637             6945   4018   3994    490    5000   0.0600   2.10   2.00   0.27   0.07   0.07   0.08    s3   0.0000     y      0  11:30:02.789  +36:38:08.26    49.4   VFAINT 0.0094 0.0070 0.0053     6.73     5.01     3.81
RX_J1320.2+3308             6941   4261   4059    480    5000   0.0366   1.06   1.01   0.20   0.04   0.04   0.04    s3   0.0000     y      0  13:20:14.650  +33:08:33.06    38.6   VFAINT 0.0034 0.0023 0.0012     1.32     0.88     0.48
RX_J1347.5-1145             3592   3995   4354    708    5000   0.4510   4.89  10.88   0.30   0.00   0.00   0.00    i3   1.3784     y    266  13:47:30.593  -11:45:10.05    57.7   VFAINT 0.0000 0.0000 0.0000     0.00     0.00     0.00
RX_J1347.5-1145              507   4046   4244    375    5000   0.4510   4.89  10.88   0.37   0.00   0.00   0.00    s3   1.3784     y    214  13:47:30.598  -11:45:10.27    10.0    FAINT 0.0000 0.0000 0.0000     0.00     0.00     0.00
RX_J1423.8+2404             1657   3774   4324    601    5000   0.5450   2.65   5.92   0.30   0.00   0.00   0.00    i3   1.2945     y     98  14:23:47.759  +24:04:40.45    18.5   VFAINT 0.0000 0.0000 0.0000     0.00     0.00     0.00
RX_J1423.8+2404             4195   4075   4245    357    5000   0.5450   2.65   5.92   0.30   0.00   0.00   0.00    s3   1.2945     y    188  14:23:47.763  +24:04:40.63   115.6   VFAINT 0.0000 0.0000 0.0000     0.00     0.00     0.00
RX_J1504.1-0248             5793   4131   3827    685    5000   0.2150   6.27   8.00   0.40  34.92  34.32  35.58    i3   1.6461     n    320  15:04:07.415  -02:48:15.70    39.2   VFAINT 0.0145 0.0092 0.0105     0.80     0.51     0.58
RX_J1532.9+3021             1649   4077   4246    586    5000   0.3450   2.21   5.44   0.34   0.00   0.00   0.00    i3   1.4870     y    124  15:32:53.781  +30:20:58.72     9.4   VFAINT 0.0000 0.0000 0.0000     0.00     0.00     0.00
RX_J1532.9+3021             1665   4125   4491    352    5000   0.3450   2.21   5.44   0.30   0.00   0.00   0.00    s3   1.4870     y    136  15:32:53.817  +30:20:58.34    10.0   VFAINT 0.0000 0.0000 0.0000     0.00     0.00     0.00
RX_J1539.5-8335             8266   4275   4304    747    2500   0.0728   7.78   4.29   0.44   1.42   1.36   1.48    i3   0.0000     y      0  15:39:32.485  -83:35:23.83     8.0   VFAINT 0.0614 0.0104 0.0046     6.17     1.04     0.46
RX_J1720.1+2638             4361   3982   4346    690    5000   0.1640   4.02   6.37   0.35  11.50  11.24  11.79    i3   1.7182     y    318  17:20:09.941  +26:37:29.11    25.7   VFAINT 0.0061 0.0183 0.0094     0.50     1.49     0.77
RX_J1720.2+3536             3280   4279   4299    690    5000   0.3913   3.35   5.65   0.30   0.00   0.00   0.00    i3   1.4375     y    150  17:20:16.953  +35:36:23.63    20.8   VFAINT 0.0000 0.0000 0.0000     0.00     0.00     0.00
RX_J1720.2+3536             6107   4274   4176    600    5000   0.3913   3.35   5.65   0.30   0.00   0.00   0.00    i3   1.4375     y    188  17:20:16.949  +35:36:23.48    33.9   VFAINT 0.0000 0.0000 0.0000     0.00     0.00     0.00
RX_J1720.2+3536             7225   4276   4176    600    5000   0.3913   3.35   5.65   0.30   0.00   0.00   0.00    i3   1.4375     y     46  17:20:16.947  +35:36:23.29     2.0   VFAINT 0.0000 0.0000 0.0000     0.00     0.00     0.00
RX_J1852.1+5711             5749   3958   3852    720    2500   0.1094   5.17   3.66   0.19   0.63   0.59   0.66    i3   0.0000     y      0  18:52:08.815  +57:11:42.63    29.8   VFAINT 0.0438 0.0128 0.0035    21.70     6.34     1.75
RX_J2129.6+0005              552   4166   4486    610    2500   0.2350   4.30   5.91   0.45  12.70  12.12  13.35    i3   1.6194     y    150  21:29:39.944  +00:05:18.83    10.0   VFAINT 0.0108 0.0019 0.0048     1.61     0.28     0.72
RXCJ0331.1-2100            10790   4257   3874    690    2500   0.1880   2.14   4.61   0.75   0.00   0.00   0.00    i3   0.0000     y      0  03:31:06.020  -21:00:32.93    10.0   VFAINT 0.0000 0.0000 0.0000     0.00     0.00     0.00
RXCJ0331.1-2100             9415   4257   3874    690    2500   0.1880   2.14   4.61   0.75   0.00   0.00   0.00    i3   0.0000     y      0  03:31:06.025  -21:00:33.13     9.9   VFAINT 0.0000 0.0000 0.0000     0.00     0.00     0.00
SC_1327-312                 4165   4694   3950    610    5000   0.0531   3.89   3.53   0.51   0.00   0.00   0.00    i3   1.8992     y      0  13:29:47.748  -31:36:23.54    18.4   VFAINT 0.0000 0.0000 0.0000     0.00     0.00     0.00
SERSIC_159-03               1668   4203   3998    357    5000   0.0580   1.89   2.65   0.32   1.10   1.08   1.11    s3   1.8904     y    306  23:13:58.764  -42:43:34.70     9.9   VFAINT 0.0149 0.0044 0.0053     0.73     0.21     0.26
SS2B153                     3243   4182   3798    412    5000   0.0186   4.12   0.80   0.29   0.00   0.00   0.00    s3   1.9635     y      0  10:50:26.125  -12:50:41.76    29.5   VFAINT 0.0000 0.0000 0.0000     0.00     0.00     0.00
UGC_03957                   8265   3782   3897   1000    5000   0.0341   4.63   2.85   0.39   0.22   0.22   0.23    i3   0.0000     y      0  07:40:58.335  +55:25:38.30     7.9   VFAINT 0.1517 0.0386 0.0164    17.66     4.49     1.91
UGC_12491                   7896   3999   4096    516    2500   0.0174  10.80   0.87   0.25   0.00   0.00   0.00    s3   0.0000     y      0  23:18:38.311  +42:57:29.06    32.7   VFAINT 0.0000 0.0000 0.0000     0.00     0.00     0.00
ZWCL_1215                   4184   3983   4113    900    5000   0.0750   1.76   6.62   0.29   3.52   3.42   3.63    i3   1.8605     y    344  12:17:41.708  +03:39:15.81    12.1   VFAINT 0.0296 0.0329 0.0288     1.65     1.83     1.61
ZWCL_1358+6245               516   4215   4283    423    5000   0.3280   1.94  10.66   0.47  12.49  11.79  13.35    s3   1.5060     y      0  13:59:50.526  +62:31:04.57    54.1    FAINT 0.0198 0.0031 0.0023     6.14     0.95     0.70
ZWCL_1742                   8267   4332   4010    800    5000   0.0757   3.66   4.40   0.45   2.10   2.04   2.17    i3   0.0000     y      0  17:44:14.515  +32:59:29.68     8.0   VFAINT 0.0822 0.0644 0.0260     6.31     4.94     2.00
ZWCL_1953                   1659   4230   3710    535    2500   0.3800   3.10   7.37   0.19  17.28  16.20  18.60    i3   1.4493     y    150  08:50:06.677  +36:04:16.16    24.9    FAINT 0.0078 0.0053 0.0034     2.68     1.82     1.18
ZWCL_3146                    909   4022   4238    630    5000   0.2900   2.70   7.48   0.31  29.85  29.18  30.54    i3   1.5504     y    292  10:23:39.735  +04:11:08.05    46.0    FAINT 0.0086 0.0116 0.0147     0.93     1.26     1.59
ZWCL_7160                    543   3682   4186    555    2500   0.2578   3.10   4.53   0.40  10.27   9.82  10.78    i3   1.5901     y    124  14:57:15.158  +22:20:33.85     9.9    FAINT 0.0110 0.0096 0.0052     2.19     1.91     1.04
ZWICKY_2701                 3195   4171   3961    370    5000   0.2100   0.83   5.21   0.43   5.24   5.08   5.41    s3   1.6529     y    176  09:52:49.183  +51:53:05.27    26.9   VFAINT 0.0203 0.0048 0.0014     4.19     1.00     0.30
ZwCl_0857.9+2107            7897   4146   3912    830    2500   0.2350   3.38   4.29   0.38   3.92   3.63   4.26    i3   0.0000     y      0  09:00:36.835  +20:53:40.36     9.0   VFAINT 0.0066 0.0046 0.0036     2.81     1.96     1.54
