           #rin           rout          nelec         ne_err             tx         tx_err         lambda          5/2tc         tc_err          3/2tc         tc_err
           #Mpc            Mpc          cm^-3          cm^-3            keV            keV       e cm^3/s            Gyr            Gyr            Gyr            Gyr
    0.00000E+00    2.33100E-02    6.07116E-03    1.02404E-03    7.22026E+00    6.82346E-01    2.37854E-23    1.45967E+01    2.82217E+00    8.75802E+00    1.69330E+00
    2.33100E-02    3.49600E-02    5.41315E-03    7.51084E-04    7.31820E+00    6.97414E-01    2.38358E-23    1.65580E+01    2.78715E+00    9.93478E+00    1.67229E+00
    3.49600E-02    4.37000E-02    5.07739E-03    1.16855E-03    7.37532E+00    7.06202E-01    2.38653E-23    1.77688E+01    4.42925E+00    1.06613E+01    2.65755E+00
    4.37000E-02    5.24400E-02    4.26357E-03    7.11308E-04    7.42429E+00    7.13736E-01    2.38905E-23    2.12784E+01    4.09716E+00    1.27670E+01    2.45830E+00
    5.24400E-02    6.11800E-02    4.51375E-03    7.36278E-04    7.47326E+00    7.21270E-01    2.39158E-23    2.02103E+01    3.83050E+00    1.21262E+01    2.29830E+00
    6.11800E-02    6.99200E-02    3.46307E-03    5.37285E-04    7.52223E+00    7.28804E-01    2.39410E-23    2.64866E+01    4.84478E+00    1.58920E+01    2.90687E+00
    6.99200E-02    7.86600E-02    3.86418E-03    1.13103E-03    7.57120E+00    7.36338E-01    2.39662E-23    2.38666E+01    7.36120E+00    1.43200E+01    4.41672E+00
    7.86600E-02    8.44900E-02    3.33075E-03    5.52668E-04    7.61201E+00    7.42617E-01    2.39873E-23    2.78138E+01    5.35371E+00    1.66883E+01    3.21223E+00
    8.44900E-02    9.03200E-02    4.00594E-03    8.43792E-04    7.64468E+00    7.47643E-01    2.40041E-23    2.32088E+01    5.38983E+00    1.39253E+01    3.23390E+00
    9.03200E-02    9.61500E-02    3.54589E-03    6.06383E-04    7.67734E+00    7.52668E-01    2.40209E-23    2.63135E+01    5.18689E+00    1.57881E+01    3.11214E+00
    9.61500E-02    1.01970E-01    3.65039E-03    5.91117E-04    7.70998E+00    7.57689E-01    2.40378E-23    2.56509E+01    4.85880E+00    1.53906E+01    2.91528E+00
    1.01970E-01    1.07800E-01    3.53672E-03    6.41017E-04    7.74262E+00    7.62711E-01    2.40546E-23    2.65688E+01    5.48079E+00    1.59413E+01    3.28847E+00
    1.07800E-01    1.13630E-01    3.29141E-03    5.55611E-04    7.77528E+00    7.67736E-01    2.40714E-23    2.86494E+01    5.60280E+00    1.71897E+01    3.36168E+00
    1.13630E-01    1.19450E-01    3.49273E-03    6.23470E-04    7.75386E+00    7.63429E-01    2.40293E-23    2.69709E+01    5.49824E+00    1.61826E+01    3.29894E+00
    1.19450E-01    1.25280E-01    3.52123E-03    4.55684E-04    7.68802E+00    7.51459E-01    2.39386E-23    2.66259E+01    4.31807E+00    1.59755E+01    2.59084E+00
    1.25280E-01    1.31110E-01    3.24622E-03    4.46239E-04    7.62213E+00    7.39478E-01    2.38479E-23    2.87429E+01    4.83605E+00    1.72457E+01    2.90163E+00
    1.31110E-01    1.36930E-01    2.85590E-03    6.98683E-04    7.55629E+00    7.27508E-01    2.37573E-23    3.25126E+01    8.54784E+00    1.95076E+01    5.12870E+00
    1.36930E-01    1.42760E-01    2.75415E-03    5.35235E-04    7.49046E+00    7.15538E-01    2.36667E-23    3.35480E+01    7.26470E+00    2.01288E+01    4.35882E+00
    1.42760E-01    1.48590E-01    2.69687E-03    4.04984E-04    7.42457E+00    7.03558E-01    2.35760E-23    3.40898E+01    6.05322E+00    2.04539E+01    3.63193E+00
    1.48590E-01    1.54420E-01    2.96873E-03    6.37462E-04    7.35867E+00    6.91577E-01    2.34853E-23    3.08117E+01    7.22201E+00    1.84870E+01    4.33320E+00
    1.54420E-01    1.60240E-01    2.57970E-03    3.42390E-04    7.29284E+00    6.79607E-01    2.33947E-23    3.52771E+01    5.72098E+00    2.11663E+01    3.43259E+00
    1.60240E-01    1.66070E-01    3.00416E-03    5.06525E-04    7.24252E+00    6.71261E-01    2.33053E-23    3.01992E+01    5.81041E+00    1.81195E+01    3.48625E+00
    1.66070E-01    1.71900E-01    2.33810E-03    3.20063E-04    7.25531E+00    6.77656E-01    2.32206E-23    3.90124E+01    6.46509E+00    2.34074E+01    3.87905E+00
    1.71900E-01    1.77720E-01    2.51644E-03    6.42636E-04    7.26809E+00    6.84046E-01    2.31360E-23    3.64442E+01    9.91887E+00    2.18665E+01    5.95132E+00
    1.77720E-01    1.83550E-01    2.20718E-03    3.56250E-04    7.28087E+00    6.90435E-01    2.30514E-23    4.17764E+01    7.82057E+00    2.50658E+01    4.69234E+00
    1.83550E-01    1.89380E-01    2.67345E-03    4.01039E-04    7.29366E+00    6.96830E-01    2.29668E-23    3.46782E+01    6.16748E+00    2.08069E+01    3.70049E+00
    1.89380E-01    1.95200E-01    2.43127E-03    3.08740E-04    7.30644E+00    7.03220E-01    2.28822E-23    3.83406E+01    6.10918E+00    2.30044E+01    3.66551E+00
    1.95200E-01    2.01030E-01    2.42138E-03    4.31261E-04    7.31922E+00    7.09609E-01    2.27976E-23    3.87076E+01    7.84927E+00    2.32246E+01    4.70956E+00
    2.01030E-01    2.06860E-01    2.09625E-03    3.61582E-04    7.33201E+00    7.16004E-01    2.27129E-23    4.49563E+01    8.91101E+00    2.69738E+01    5.34661E+00
    2.06860E-01    2.12690E-01    2.35247E-03    4.13997E-04    7.35295E+00    7.23838E-01    2.26832E-23    4.02270E+01    8.11161E+00    2.41362E+01    4.86697E+00
    2.12690E-01    2.18510E-01    2.26594E-03    2.81838E-04    7.38745E+00    7.34061E-01    2.27449E-23    4.18452E+01    6.66168E+00    2.51071E+01    3.99701E+00
    2.18510E-01    2.24340E-01    2.28676E-03    3.57625E-04    7.42196E+00    7.44284E-01    2.28066E-23    4.15452E+01    7.71824E+00    2.49271E+01    4.63094E+00
    2.24340E-01    2.30170E-01    2.02185E-03    3.58378E-04    7.45649E+00    7.54516E-01    2.28684E-23    4.70797E+01    9.60906E+00    2.82478E+01    5.76544E+00
    2.30170E-01    2.35990E-01    2.01280E-03    3.50261E-04    7.49099E+00    7.64739E-01    2.29301E-23    4.73823E+01    9.55946E+00    2.84294E+01    5.73568E+00
    2.35990E-01    2.41820E-01    2.12108E-03    3.29083E-04    7.52550E+00    7.74962E-01    2.29918E-23    4.50493E+01    8.38881E+00    2.70296E+01    5.03329E+00
    2.41820E-01    2.47650E-01    2.12490E-03    2.73428E-04    7.56003E+00    7.85193E-01    2.30536E-23    4.50536E+01    7.45024E+00    2.70322E+01    4.47014E+00
    2.47650E-01    2.53470E-01    2.15888E-03    3.03451E-04    7.59453E+00    7.95416E-01    2.31153E-23    4.44279E+01    7.78775E+00    2.66567E+01    4.67265E+00
    2.53470E-01    2.59300E-01    1.78367E-03    2.70734E-04    7.57774E+00    7.91076E-01    2.31494E-23    5.35759E+01    9.86973E+00    3.21455E+01    5.92184E+00
    2.59300E-01    2.65130E-01    1.86908E-03    4.71533E-04    7.51921E+00    7.74887E-01    2.31610E-23    5.07074E+01    1.38186E+01    3.04244E+01    8.29119E+00
    2.65130E-01    2.70960E-01    1.59336E-03    2.46145E-04    7.46068E+00    7.58698E-01    2.31725E-23    5.89894E+01    1.09100E+01    3.53936E+01    6.54601E+00
    2.70960E-01    2.76780E-01    1.88421E-03    4.04402E-04    7.40220E+00    7.42523E-01    2.31841E-23    4.94680E+01    1.17195E+01    2.96808E+01    7.03172E+00
    2.76780E-01    2.82610E-01    1.83319E-03    2.50582E-04    7.34372E+00    7.26347E-01    2.31957E-23    5.04179E+01    8.50664E+00    3.02507E+01    5.10398E+00
    2.82610E-01    2.88440E-01    1.86129E-03    2.29116E-04    7.28519E+00    7.10158E-01    2.32073E-23    4.92364E+01    7.73101E+00    2.95418E+01    4.63861E+00
    2.88440E-01    2.94260E-01    1.80755E-03    3.33561E-04    7.22671E+00    6.93983E-01    2.32188E-23    5.02682E+01    1.04572E+01    3.01609E+01    6.27434E+00
    2.94260E-01    3.00090E-01    1.50600E-03    2.32948E-04    7.16823E+00    6.77808E-01    2.32304E-23    5.98154E+01    1.08441E+01    3.58893E+01    6.50645E+00
    3.00090E-01    3.05920E-01    1.86668E-03    3.67413E-04    7.12977E+00    6.73769E-01    2.31883E-23    4.80862E+01    1.04990E+01    2.88517E+01    6.29941E+00
    3.05920E-01    3.11740E-01    1.65148E-03    1.68570E-04    7.11003E+00    6.81043E-01    2.30962E-23    5.44177E+01    7.61726E+00    3.26506E+01    4.57036E+00
    3.11740E-01    3.17570E-01    1.77592E-03    3.00928E-04    7.09028E+00    6.88317E-01    2.30042E-23    5.06661E+01    9.89446E+00    3.03996E+01    5.93668E+00
    3.17570E-01    3.23400E-01    1.39299E-03    2.43374E-04    7.07052E+00    6.95598E-01    2.29120E-23    6.46731E+01    1.29675E+01    3.88039E+01    7.78048E+00
    3.23400E-01    3.29230E-01    1.47222E-03    2.79876E-04    7.05076E+00    7.02878E-01    2.28199E-23    6.12680E+01    1.31516E+01    3.67608E+01    7.89096E+00
    3.29230E-01    3.35050E-01    1.51517E-03    2.28795E-04    7.03102E+00    7.10152E-01    2.27278E-23    5.96050E+01    1.08284E+01    3.57630E+01    6.49701E+00
    3.35050E-01    3.43790E-01    1.49728E-03    1.30915E-04    7.00634E+00    7.19243E-01    2.26127E-23    6.04114E+01    8.14618E+00    3.62468E+01    4.88771E+00
    3.43790E-01    3.52530E-01    1.37482E-03    1.60340E-04    6.97672E+00    7.30158E-01    2.24746E-23    6.59169E+01    1.03291E+01    3.95502E+01    6.19748E+00
    3.52530E-01    3.61270E-01    1.33267E-03    1.72823E-04    6.94225E+00    7.38848E-01    2.23454E-23    6.80570E+01    1.14174E+01    4.08342E+01    6.85044E+00
    3.61270E-01    3.70020E-01    1.30676E-03    1.17352E-04    6.86326E+00    7.27106E-01    2.22987E-23    6.87605E+01    9.54965E+00    4.12563E+01    5.72979E+00
    3.70020E-01    3.78760E-01    1.29509E-03    1.39331E-04    6.78427E+00    7.15365E-01    2.22519E-23    6.87257E+01    1.03530E+01    4.12354E+01    6.21177E+00
    3.78760E-01    3.87500E-01    9.80207E-04    1.38433E-04    6.70533E+00    7.03630E-01    2.22052E-23    8.99355E+01    1.58238E+01    5.39613E+01    9.49428E+00
    3.87500E-01    3.99150E-01    9.59485E-04    1.81151E-04    6.61324E+00    6.89941E-01    2.21507E-23    9.08390E+01    1.95947E+01    5.45034E+01    1.17568E+01
    3.99150E-01    4.07890E-01    9.21287E-04    1.22119E-04    6.52115E+00    6.76253E-01    2.20962E-23    9.35182E+01    1.57389E+01    5.61109E+01    9.44335E+00
    4.07890E-01    4.19540E-01    9.39481E-04    1.00655E-04    6.42907E+00    6.62564E-01    2.20417E-23    9.06356E+01    1.34738E+01    5.43814E+01    8.08430E+00
    4.19540E-01    4.31200E-01    8.96242E-04    1.36717E-04    6.32379E+00    6.46915E-01    2.19794E-23    9.37176E+01    1.72132E+01    5.62305E+01    1.03279E+01
    4.31200E-01    4.42850E-01    8.14606E-04    8.78191E-05    6.21852E+00    6.31267E-01    2.19170E-23    1.01681E+02    1.50568E+01    6.10088E+01    9.03406E+00
    4.42850E-01    4.54510E-01    7.44175E-04    1.09806E-04    6.15969E+00    6.28235E-01    2.17401E-23    1.11149E+02    1.99370E+01    6.66893E+01    1.19622E+01
    4.54510E-01    4.66160E-01    7.01523E-04    1.65569E-04    6.10494E+00    6.26314E-01    2.15531E-23    1.17872E+02    3.03341E+01    7.07235E+01    1.82005E+01
    4.66160E-01    4.77810E-01    7.02337E-04    8.55099E-05    6.05022E+00    6.24394E-01    2.13662E-23    1.17701E+02    1.87857E+01    7.06208E+01    1.12714E+01
    4.77810E-01    4.92380E-01    7.70573E-04    7.52622E-05    5.98864E+00    6.22233E-01    2.11559E-23    1.07242E+02    1.52929E+01    6.43455E+01    9.17576E+00
    4.92380E-01    5.06950E-01    6.93307E-04    7.80917E-05    5.92020E+00    6.19832E-01    2.09221E-23    1.19149E+02    1.83228E+01    7.14891E+01    1.09937E+01
    5.06950E-01    5.21520E-01    6.37587E-04    7.73558E-05    5.85176E+00    6.17430E-01    2.06883E-23    1.29511E+02    2.08237E+01    7.77063E+01    1.24942E+01
    5.21520E-01    5.36080E-01    5.75052E-04    7.93474E-05    5.78335E+00    6.15030E-01    2.04546E-23    1.43537E+02    2.50053E+01    8.61222E+01    1.50032E+01
    5.36080E-01    5.53570E-01    5.40971E-04    7.69522E-05    5.70808E+00    6.12389E-01    2.01975E-23    1.52511E+02    2.71729E+01    9.15065E+01    1.63037E+01
    5.53570E-01    5.68130E-01    5.21457E-04    7.79998E-05    5.62990E+00    6.08677E-01    1.99441E-23    1.58034E+02    2.91671E+01    9.48203E+01    1.75002E+01
    5.68130E-01    5.85610E-01    5.22319E-04    6.68669E-05    5.52427E+00    5.94835E-01    1.97260E-23    1.56525E+02    2.61837E+01    9.39148E+01    1.57102E+01
    5.85610E-01    6.03100E-01    5.28269E-04    6.86052E-05    5.40898E+00    5.79728E-01    1.94880E-23    1.53383E+02    2.58271E+01    9.20297E+01    1.54963E+01
    6.03100E-01    6.20580E-01    5.20625E-04    5.73600E-05    5.29369E+00    5.64621E-01    1.92499E-23    1.54201E+02    2.36460E+01    9.25207E+01    1.41876E+01
    6.20580E-01    6.38060E-01    5.00979E-04    5.81009E-05    5.17843E+00    5.49519E-01    1.90119E-23    1.58721E+02    2.49505E+01    9.52329E+01    1.49703E+01
    6.38060E-01    6.61370E-01    4.28596E-04    4.87128E-05    5.04395E+00    5.31897E-01    1.87343E-23    1.83388E+02    2.84328E+01    1.10033E+02    1.70597E+01
    6.61370E-01    6.81760E-01    4.10928E-04    6.65538E-05    4.89988E+00    5.13019E-01    1.84368E-23    1.88807E+02    3.64124E+01    1.13284E+02    2.18474E+01
    6.81760E-01    7.02150E-01    4.07144E-04    4.89346E-05    4.76544E+00    4.95402E-01    1.81592E-23    1.88166E+02    2.99017E+01    1.12900E+02    1.79410E+01
    7.02150E-01    7.22550E-01    3.84737E-04    4.86867E-05    4.63096E+00    4.77781E-01    1.78815E-23    1.96511E+02    3.20849E+01    1.17906E+02    1.92509E+01
    7.22550E-01    7.45860E-01    3.80943E-04    6.32974E-05    4.48686E+00    4.58898E-01    1.75840E-23    1.95546E+02    3.81538E+01    1.17328E+02    2.28923E+01
    7.45860E-01    7.69170E-01    3.67381E-04    3.89450E-05    4.33316E+00    4.38759E-01    1.72666E-23    1.99418E+02    2.92338E+01    1.19651E+02    1.75403E+01
    7.69170E-01    7.92470E-01    4.22855E-04    4.13572E-05    4.17949E+00    4.18623E-01    1.69493E-23    1.70241E+02    2.38325E+01    1.02144E+02    1.42995E+01
    7.92470E-01    8.15780E-01    3.68743E-04    3.30711E-05    4.02583E+00    3.98488E-01    1.66320E-23    1.91633E+02    2.55966E+01    1.14980E+02    1.53579E+01
    8.15780E-01    8.42000E-01    4.23588E-04    4.12347E-05    3.86253E+00    3.77091E-01    1.62948E-23    1.63366E+02    2.25229E+01    9.80197E+01    1.35137E+01
    8.42000E-01    8.93470E-01    5.49529E-04    7.92190E-06    3.60640E+00    3.43529E-01    1.57660E-23    1.21520E+02    1.17072E+01    7.29118E+01    7.02431E+00
