RBS_0533
Cosmology      70.0000     0.300000     0.700000
Number of MC iterations:    5000
Source FITS files: /mnt/SINISTER/merged/RBS_0533/3186_3187_5800_5801_sbprof_10pix.fits
       #RIN_MPC       ROUT_MPC   N_elec(cm-3)       Sigma_Ne     K(KeV cm2)K_flat(KeV cm2)          K_err              P         P_flat          P_err           Mgas           Merr
        0.05819        0.05943    2.26503E-03    1.87312E-04       94.34068       94.34068        6.59732    3.68544E-03    3.68544E-03    3.43551E-04    1.40584E+13    4.43527E+11
        0.05695        0.05819    2.46037E-03    1.77249E-04       89.12357       89.12357        5.75101    3.99632E-03    3.99632E-03    3.35483E-04   -2.48515E+13   -7.85402E+11
        0.05572        0.05695    2.11169E-03    1.37696E-04       98.51052       98.51052        6.03532    3.42400E-03    3.42400E-03    2.67766E-04   -1.43971E+11   -4.55796E+09
        0.05448        0.05572    2.20105E-03    1.64013E-04       95.16962       95.16962        6.17604    3.54446E-03    3.54446E-03    3.02758E-04    2.00735E+11    6.14670E+09
        0.05324        0.05448    2.20075E-03    1.56486E-04       94.00843       94.00843        5.75402    3.50041E-03    3.50041E-03    2.83409E-04    6.92501E+12    1.96634E+11
        0.05200        0.05324    2.25641E-03    1.88775E-04       91.30556       91.30556        6.04184    3.54428E-03    3.54428E-03    3.22260E-04    6.05625E+12    1.58143E+11
        0.05076        0.05200    2.50504E-03    1.68347E-04       84.08642       84.08642        4.64994    3.88523E-03    3.88523E-03    2.89889E-04    8.24822E+12    1.96074E+11
        0.04953        0.05076    2.71837E-03    2.00913E-04       79.57790       79.57790        4.68659    4.21348E-03    4.21348E-03    3.39784E-04    5.64734E+12    1.33593E+11
        0.04829        0.04953    2.77756E-03    2.19175E-04       78.44335       78.44335        4.84065    4.30522E-03    4.30522E-03    3.67012E-04    5.50576E+12    1.30244E+11
        0.04705        0.04829    3.07572E-03    1.87699E-04       73.28813       73.28813        3.80518    4.76737E-03    4.76737E-03    3.29079E-04    5.37427E+12    1.27134E+11
        0.04581        0.04705    2.84259E-03    2.32148E-04       77.09121       77.09121        4.88113    4.39738E-03    4.39738E-03    3.86227E-04    3.68280E+12    8.72909E+10
        0.04457        0.04581    3.19952E-03    2.47157E-04       70.98501       70.98501        4.32046    4.93146E-03    4.93146E-03    4.13173E-04    2.75099E+12    6.54441E+10
        0.04333        0.04457    3.51216E-03    2.38226E-04       66.46261       66.46261        3.70340    5.39347E-03    5.39347E-03    4.05798E-04    4.37369E+12    1.04430E+11
        0.04210        0.04333    3.32038E-03    2.32826E-04       68.74375       68.74375        3.92095    5.08018E-03    5.08018E-03    3.93011E-04    3.96877E+12    9.51123E+10
        0.04086        0.04210    3.56525E-03    2.58074E-04       65.27777       65.27777        3.80964    5.43145E-03    5.43145E-03    4.31686E-04    1.38526E+12    3.33409E+10
        0.03962        0.04086    3.60111E-03    3.74676E-04       64.56454       64.56454        4.95836    5.46245E-03    5.46245E-03    5.96178E-04    2.60462E+12    6.29599E+10
        0.03838        0.03962    4.05899E-03    2.65520E-04       59.35492       59.35492        3.24982    6.13038E-03    6.13038E-03    4.49451E-04    3.95721E+12    9.60707E+10
        0.03714        0.03838    3.83751E-03    2.40971E-04       62.13465       62.13465        3.22545    5.84452E-03    5.84452E-03    4.08502E-04    3.28432E+12    7.39314E+10
        0.03591        0.03714    3.93522E-03    4.78671E-04       61.65010       61.65010        5.29298    6.04712E-03    6.04712E-03    7.55066E-04    2.97554E+12    6.15333E+10
        0.03467        0.03591    4.77607E-03    2.57678E-04       54.64341       54.64341        2.41912    7.40155E-03    7.40155E-03    4.42674E-04    3.87434E+12    7.33345E+10
        0.03343        0.03467    4.60994E-03    2.81416E-04       55.52551       55.52551        2.68175    7.09009E-03    7.09009E-03    4.70462E-04    2.39590E+12    4.56955E+10
        0.03219        0.03343    5.20571E-03    2.72671E-04       50.81389       50.81389        2.21854    7.94540E-03    7.94540E-03    4.65360E-04    2.28036E+12    4.38258E+10
        0.03095        0.03219    5.32433E-03    3.40380E-04       49.41405       49.41405        2.48116    8.02216E-03    8.02216E-03    5.55313E-04    1.18823E+12    2.31331E+10
        0.02972        0.03095    4.81382E-03    3.30970E-04       51.84197       51.84197        2.75953    7.11482E-03    7.11482E-03    5.25707E-04    7.52296E+11    1.49305E+10
        0.02848        0.02972    6.06986E-03    3.45688E-04       43.57903       43.57903        2.04517    8.80187E-03    8.80187E-03    5.56984E-04    8.04857E+11    1.62811E+10
        0.02724        0.02848    5.17714E-03    3.53579E-04       48.58526       48.58526        2.58457    7.52756E-03    7.52756E-03    5.54245E-04    1.27954E+12    2.58137E+10
        0.02600        0.02724    5.72264E-03    3.24298E-04       45.56853       45.56853        2.12765    8.34306E-03    8.34306E-03    5.25294E-04    3.97753E+11    8.00289E+09
        0.02476        0.02600    5.96702E-03    3.11065E-04       44.37936       44.37936        1.96398    8.71186E-03    8.71186E-03    5.13055E-04    9.65721E+11    1.94026E+10
        0.02352        0.02476    5.70563E-03    3.15849E-04       45.72464       45.72464        2.10163    8.33023E-03    8.33023E-03    5.14525E-04    8.43897E+11    1.69550E+10
        0.02229        0.02352    6.60612E-03    2.97988E-04       41.47554       41.47554        1.68489    9.64648E-03    9.64648E-03    5.08680E-04    1.02923E+12    2.06144E+10
        0.02105        0.02229    6.04113E-03    3.23467E-04       44.31363       44.31363        1.90244    8.87975E-03    8.87975E-03    5.20498E-04    1.52103E+12    2.66044E+10
        0.01981        0.02105    6.76121E-03    2.96385E-04       41.37845       41.37845        1.47557    1.00034E-02    1.00034E-02    4.83820E-04    1.08114E+12    1.62022E+10
        0.01857        0.01981    7.53780E-03    2.85244E-04       38.09167       38.09167        1.23791    1.10384E-02    1.10384E-02    4.74994E-04    1.42507E+12    2.14091E+10
        0.01733        0.01857    8.20152E-03    3.23567E-04       35.60457       35.60457        1.19209    1.18758E-02    1.18758E-02    5.29201E-04    1.39260E+12    2.11583E+10
        0.01610        0.01733    8.95495E-03    3.15604E-04       33.11459       33.11459        1.04372    1.27877E-02    1.27877E-02    5.24678E-04    1.18422E+12    1.82443E+10
        0.01486        0.01610    9.15166E-03    3.29553E-04       32.10288       32.10288        1.03156    1.28542E-02    1.28542E-02    5.38179E-04    1.01885E+12    1.59585E+10
        0.01362        0.01486    1.10278E-02    3.00498E-04       27.87707       27.87707        0.78938    1.52309E-02    1.52309E-02    5.30754E-04    9.83809E+11    1.56709E+10
        0.01238        0.01362    1.23063E-02    3.45047E-04       25.15804       25.15804        0.66583    1.65028E-02    1.65028E-02    5.56508E-04    8.93275E+11    1.22734E+10
        0.01114        0.01238    1.34502E-02    3.59731E-04       22.98568       22.98568        0.54131    1.74853E-02    1.74853E-02    5.39501E-04    7.03104E+11    7.93250E+09
        0.00991        0.01114    1.60251E-02    3.09383E-04       19.88792       19.88792        0.40562    2.02577E-02    2.02577E-02    5.05648E-04    5.53384E+11    6.42050E+09
        0.00867        0.00991    1.68455E-02    3.48485E-04       18.69250       18.69250        0.39886    2.06922E-02    2.06922E-02    5.44743E-04    4.99767E+11    5.96727E+09
        0.00743        0.00867    2.09231E-02    3.18259E-04       15.73259       15.73259        0.30795    2.49945E-02    2.49945E-02    5.65380E-04    4.21043E+11    5.16939E+09
        0.00619        0.00743    2.31869E-02    3.30548E-04       14.27592       14.27592        0.28090    2.69159E-02    2.69159E-02    6.01901E-04    3.85525E+11    4.87099E+09
        0.00495        0.00619    2.87242E-02    3.95589E-04       11.78141       11.78141        0.19307    3.17402E-02    3.17402E-02    6.13776E-04    2.71896E+11    2.70666E+09
        0.00371        0.00495    4.11156E-02    3.50486E-04        8.80865        8.80865        0.09774    4.31440E-02    4.31440E-02    5.51642E-04    2.22777E+11    1.55689E+09
        0.00248        0.00371    5.43451E-02    4.47110E-04        7.12324        7.12324        0.07990    5.55407E-02    5.55407E-02    7.10027E-04    1.60303E+11    1.15025E+09
        0.00124        0.00248    7.99858E-02    4.18262E-04        5.35800        5.44059        0.05701    7.95592E-02    8.07857E-02    9.01584E-04    9.91672E+10    7.31125E+08
        0.00000        0.00124    1.70051E-01    3.86788E-04        3.15154        3.29055        0.03293    1.64496E-01    1.71752E-01    1.74119E-03    4.82211E+10    3.65563E+08
