ABELL_1736
Cosmology      70.0000     0.270000     0.730000
Number of MC iterations:    5000
Source FITS files: /mnt/SINISTER/4186/reprocessed/4186_sbprof_20pix.fits
       #RIN_MPC       ROUT_MPC   N_elec(cm-3)       Sigma_Ne     K(KeV cm2)K_flat(KeV cm2)          K_err              P         P_flat          P_err           Mgas           Merr
        0.26535        0.27198    1.99184E-03    1.06810E-04      181.27351      181.27351       18.25190    5.71601E-03    5.71601E-03    6.19215E-04   -8.99332E+14   -6.20777E+13
        0.25872        0.26535    9.23210E-04    2.89745E-04      303.93355      303.93355       69.47726    2.66039E-03    2.66039E-03    8.70143E-04    3.11224E+14    2.10142E+13
        0.25208        0.25872    1.21970E-03    2.43690E-04      253.48007      253.48007       40.75304    3.52939E-03    3.52939E-03    7.73451E-04   -1.44541E+14   -9.54378E+12
        0.24545        0.25208    1.05173E-03    2.89352E-04      280.95458      280.95458       57.15745    3.05593E-03    3.05593E-03    8.82727E-04    2.73256E+13    1.76381E+12
        0.23882        0.24545    1.07147E-03    2.95946E-04      278.63651      278.63651       56.62946    3.12611E-03    3.12611E-03    9.04353E-04   -3.19366E+13   -2.01454E+12
        0.23218        0.23882    1.04414E-03    3.02886E-04      284.64015      284.64015       60.01789    3.05888E-03    3.05888E-03    9.23804E-04   -1.06078E+12   -6.53684E+10
        0.22555        0.23218    1.04388E-03    3.08608E-04      285.85180      285.85180       61.02719    3.07060E-03    3.07060E-03    9.42104E-04   -2.84510E+12   -1.71214E+11
        0.21891        0.22555    1.04183E-03    3.16681E-04      287.39077      287.39077       62.62335    3.07705E-03    3.07705E-03    9.67254E-04    4.31090E+12    2.53247E+11
        0.21228        0.21891    1.04549E-03    3.20560E-04      287.88166      287.88166       63.00146    3.10038E-03    3.10038E-03    9.81020E-04    6.74657E+12    3.86743E+11
        0.20565        0.21228    1.05646E-03    3.29461E-04      289.02233      289.02233       64.19397    3.16728E-03    3.16728E-03    1.01828E-03    9.47102E+12    5.42819E+11
        0.19901        0.20565    1.07318E-03    3.39544E-04      290.30991      290.30991       65.41629    3.26574E-03    3.26574E-03    1.06519E-03    1.13073E+13    6.57352E+11
        0.19238        0.19901    1.09166E-03    3.46978E-04      291.27182      291.27182       66.00879    3.37117E-03    3.37117E-03    1.10522E-03    1.20731E+13    7.11501E+11
        0.18575        0.19238    1.11179E-03    3.52797E-04      291.94219      291.94219       66.17601    3.48341E-03    3.48341E-03    1.14117E-03    1.20991E+13    7.22409E+11
        0.17911        0.18575    1.13339E-03    3.59071E-04      292.36579      292.36579       66.28784    3.60211E-03    3.60211E-03    1.17920E-03    1.19790E+13    7.24253E+11
        0.17248        0.17911    1.15638E-03    3.64718E-04      292.56620      292.56620       66.18345    3.72727E-03    3.72727E-03    1.21602E-03    1.17497E+13    7.18988E+11
        0.16584        0.17248    1.18074E-03    3.70258E-04      292.55981      292.55981       65.95868    3.85898E-03    3.85898E-03    1.25318E-03    1.10405E+13    6.83445E+11
        0.15921        0.16584    1.20651E-03    3.79677E-04      292.35406      292.35406       66.21655    3.99753E-03    3.99753E-03    1.30344E-03    1.03155E+13    6.45705E+11
        0.15258        0.15921    1.23376E-03    3.87028E-04      291.94875      291.94875       66.04766    4.14339E-03    4.14339E-03    1.34804E-03    9.61114E+12    6.08091E+11
        0.14594        0.15258    1.25732E-03    3.93069E-04      290.03201      290.03201       65.37285    4.24805E-03    4.24805E-03    1.37719E-03    8.87776E+12    5.58804E+11
        0.13931        0.14594    1.28229E-03    3.97708E-04      287.89541      287.89541       64.39944    4.35723E-03    4.35723E-03    1.40165E-03    8.19896E+12    5.13137E+11
        0.13268        0.13931    1.30909E-03    3.99941E-04      285.57014      285.57014       63.00966    4.47365E-03    4.47365E-03    1.41849E-03    7.93160E+12    4.93592E+11
        0.12604        0.13268    1.33805E-03    4.08676E-04      283.02867      283.02867       62.38221    4.59854E-03    4.59854E-03    1.45713E-03    7.69647E+12    4.76261E+11
        0.11941        0.12604    1.36959E-03    4.16734E-04      280.23773      280.23773       61.51817    4.73342E-03    4.73342E-03    1.49403E-03    7.48115E+12    4.60343E+11
        0.11277        0.11941    1.40421E-03    4.15034E-04      277.15563      277.15563       59.30628    4.88028E-03    4.88028E-03    1.49881E-03    7.28368E+12    4.45696E+11
        0.10614        0.11277    1.44260E-03    4.17355E-04      273.73286      273.73286       57.47416    5.04164E-03    5.04164E-03    1.51739E-03    7.10004E+12    4.32052E+11
        0.09951        0.10614    1.48560E-03    4.29334E-04      269.91201      269.91201       56.57182    5.22068E-03    5.22068E-03    1.56906E-03    6.92292E+12    4.18952E+11
        0.09287        0.09951    1.53428E-03    4.29447E-04      265.62848      265.62848       54.14891    5.42143E-03    5.42143E-03    1.58135E-03    6.74210E+12    4.05774E+11
        0.08624        0.09287    1.58996E-03    4.35101E-04      260.81102      260.81102       52.12671    5.64897E-03    5.64897E-03    1.61317E-03    6.54425E+12    3.91720E+11
        0.07961        0.08624    1.65433E-03    4.34269E-04      255.38511      255.38511       49.26779    5.90970E-03    5.90970E-03    1.62381E-03    6.31317E+12    3.75840E+11
        0.07297        0.07961    1.72947E-03    4.50780E-04      249.27702      249.27702       47.76341    6.21161E-03    6.21161E-03    1.69494E-03    6.03020E+12    3.57059E+11
        0.06634        0.07297    1.81795E-03    4.57612E-04      242.42157      242.42157       45.10007    6.56459E-03    6.56459E-03    1.73450E-03    5.67561E+12    3.34261E+11
        0.05970        0.06634    1.92286E-03    4.64617E-04      234.77364      234.77364       42.21333    6.98066E-03    6.98066E-03    1.77651E-03    5.23073E+12    3.06417E+11
        0.05307        0.05970    2.04782E-03    4.75718E-04      226.32377      226.32377       39.39477    7.47395E-03    7.47395E-03    1.83499E-03    4.68176E+12    2.72804E+11
        0.04644        0.05307    2.19677E-03    4.88367E-04      217.11983      217.11983       36.46880    8.06010E-03    8.06010E-03    1.90173E-03    4.02518E+12    2.33307E+11
        0.03980        0.04644    2.37345E-03    5.09614E-04      207.29465      207.29465       33.85424    8.75431E-03    8.75431E-03    2.00173E-03    3.27489E+12    1.88823E+11
        0.03317        0.03980    2.58019E-03    5.36712E-04      197.09745      197.09745       31.38009    9.56680E-03    9.56680E-03    2.12604E-03    2.46992E+12    1.41666E+11
        0.02654        0.03317    2.81549E-03    5.81113E-04      186.92794      186.92794       29.54847    1.04938E-02    1.04938E-02    2.31469E-03    1.67820E+12    9.57560E+10
        0.01990        0.02654    3.07007E-03    6.32808E-04      177.36250      177.36250       27.97288    1.15021E-02    1.15021E-02    2.53248E-03    9.88648E+11    5.61194E+10
        0.01327        0.01990    3.32179E-03    7.18649E-04      169.15488      169.15488       27.65678    1.25094E-02    1.25094E-02    2.87267E-03    5.08251E+11    2.87019E+10
        0.00663        0.01327    3.53312E-03    8.41871E-04      163.17509      163.17509       28.77805    1.33737E-02    1.33737E-02    3.34735E-03    9.51947E+10    5.34833E+09
        0.00000        0.00663    3.66084E-03    1.19477E-03      160.17264      160.17264       36.92654    1.39280E-02    1.39280E-02    4.66795E-03    4.78408E+10    2.67417E+09
