           #rin           rout          nelec         ne_err             tx         tx_err         lambda          5/2tc         tc_err          3/2tc         tc_err
           #Mpc            Mpc          cm^-3          cm^-3            keV            keV       e cm^3/s            Gyr            Gyr            Gyr            Gyr
    0.00000E+00    1.35500E-02    9.23806E-04    3.15982E-04    4.33000E+00    7.40000E-01    1.65832E-23    8.25128E+01    3.15498E+01    4.95077E+01    1.89299E+01
    1.35500E-02    2.70900E-02    9.20110E-04    2.63941E-04    4.33000E+00    7.40000E-01    1.66494E-23    8.25148E+01    2.75524E+01    4.95089E+01    1.65314E+01
    2.70900E-02    4.06400E-02    9.15372E-04    2.56310E-04    4.33000E+00    7.40000E-01    1.67156E-23    8.26134E+01    2.71006E+01    4.95681E+01    1.62603E+01
    4.06400E-02    5.41900E-02    9.09586E-04    2.55658E-04    4.33000E+00    7.40000E-01    1.67819E-23    8.28108E+01    2.72406E+01    4.96865E+01    1.63444E+01
    5.41900E-02    6.77400E-02    9.02771E-04    2.59509E-04    4.33000E+00    7.40000E-01    1.68481E-23    8.31080E+01    2.77933E+01    4.98648E+01    1.66760E+01
    6.77400E-02    8.12800E-02    8.94966E-04    2.63469E-04    4.33000E+00    7.40000E-01    1.69143E-23    8.35046E+01    2.84250E+01    5.01028E+01    1.70550E+01
    8.12800E-02    9.48300E-02    8.86205E-04    2.62896E-04    4.33000E+00    7.40000E-01    1.69805E-23    8.40013E+01    2.87587E+01    5.04008E+01    1.72552E+01
    9.48300E-02    1.08380E-01    8.76532E-04    2.66800E-04    4.33000E+00    7.40000E-01    1.70468E-23    8.45984E+01    2.95314E+01    5.07590E+01    1.77188E+01
    1.08380E-01    1.21920E-01    8.65997E-04    2.72235E-04    4.33000E+00    7.40000E-01    1.71130E-23    8.52962E+01    3.05200E+01    5.11777E+01    1.83120E+01
    1.21920E-01    1.35470E-01    8.54650E-04    2.68140E-04    4.33000E+00    7.40000E-01    1.71792E-23    8.60956E+01    3.07593E+01    5.16574E+01    1.84556E+01
    1.35470E-01    1.49020E-01    8.42546E-04    2.71254E-04    4.33428E+00    7.43156E-01    1.72454E-23    8.70831E+01    3.17641E+01    5.22499E+01    1.90585E+01
    1.49020E-01    1.62560E-01    8.29745E-04    2.70867E-04    4.34640E+00    7.52085E-01    1.73116E-23    8.83347E+01    3.26371E+01    5.30008E+01    1.95823E+01
    1.62560E-01    1.76110E-01    8.16304E-04    2.74216E-04    4.35852E+00    7.61015E-01    1.73778E-23    8.96965E+01    3.39583E+01    5.38179E+01    2.03750E+01
    1.76110E-01    1.89660E-01    8.02285E-04    2.69147E-04    4.37064E+00    7.69948E-01    1.74440E-23    9.11702E+01    3.45459E+01    5.47021E+01    2.07275E+01
    1.89660E-01    2.03210E-01    7.87748E-04    2.70678E-04    4.38277E+00    7.78881E-01    1.75103E-23    9.27580E+01    3.58831E+01    5.56548E+01    2.15299E+01
    2.03210E-01    2.16750E-01    7.72757E-04    2.65137E-04    4.39489E+00    7.87810E-01    1.75765E-23    9.44618E+01    3.65671E+01    5.66771E+01    2.19403E+01
    2.16750E-01    2.30300E-01    7.57372E-04    2.65184E-04    4.40700E+00    7.96740E-01    1.76427E-23    9.62837E+01    3.79413E+01    5.77702E+01    2.27648E+01
    2.30300E-01    2.43850E-01    7.41654E-04    2.65987E-04    4.41913E+00    8.05673E-01    1.77089E-23    9.82260E+01    3.95183E+01    5.89356E+01    2.37110E+01
    2.43850E-01    2.57390E-01    7.25661E-04    2.60860E-04    4.43125E+00    8.14602E-01    1.77751E-23    1.00291E+02    4.04932E+01    6.01747E+01    2.42959E+01
    2.57390E-01    2.70940E-01    7.09452E-04    2.57995E-04    4.44336E+00    8.23532E-01    1.78413E-23    1.02481E+02    4.18289E+01    6.14889E+01    2.50973E+01
    2.70940E-01    2.84490E-01    6.93083E-04    2.51385E-04    4.45549E+00    8.32465E-01    1.79076E-23    1.04799E+02    4.27581E+01    6.28794E+01    2.56548E+01
    2.84490E-01    2.98040E-01    6.76605E-04    2.46882E-04    4.46761E+00    8.41398E-01    1.79738E-23    1.07247E+02    4.40377E+01    6.43480E+01    2.64226E+01
    2.98040E-01    3.11580E-01    6.60069E-04    2.45393E-04    4.47973E+00    8.50327E-01    1.80400E-23    1.09827E+02    4.58444E+01    6.58963E+01    2.75066E+01
    3.11580E-01    3.25130E-01    6.43525E-04    2.36534E-04    4.49185E+00    8.59257E-01    1.81062E-23    1.12542E+02    4.66329E+01    6.75254E+01    2.79797E+01
    3.25130E-01    3.38680E-01    6.27015E-04    2.32332E-04    4.50397E+00    8.68190E-01    1.81724E-23    1.15395E+02    4.81980E+01    6.92372E+01    2.89188E+01
    3.38680E-01    3.52220E-01    6.10584E-04    2.26307E-04    4.51609E+00    8.77119E-01    1.82386E-23    1.18388E+02    4.95389E+01    7.10329E+01    2.97233E+01
    3.52220E-01    3.65770E-01    5.94269E-04    2.19862E-04    4.58026E+00    9.16154E-01    1.83920E-23    1.22338E+02    5.14530E+01    7.34029E+01    3.08718E+01
    3.65770E-01    3.79320E-01    5.78106E-04    2.20016E-04    4.66924E+00    9.69545E-01    1.85868E-23    1.26858E+02    5.49981E+01    7.61146E+01    3.29988E+01
    3.79320E-01    3.92860E-01    5.62128E-04    2.14650E-04    4.75819E+00    1.02292E+00    1.87816E-23    1.31570E+02    5.76552E+01    7.89420E+01    3.45931E+01
    3.92860E-01    4.06410E-01    5.46367E-04    2.06693E-04    4.84714E+00    1.07629E+00    1.89764E-23    1.36480E+02    5.98678E+01    8.18882E+01    3.59207E+01
    4.06410E-01    4.19960E-01    5.30848E-04    2.03998E-04    4.93613E+00    1.12968E+00    1.91713E-23    1.41595E+02    6.33315E+01    8.49569E+01    3.79989E+01
    4.19960E-01    4.33510E-01    5.16501E-04    1.96075E-04    5.02511E+00    1.18307E+00    1.93662E-23    1.46661E+02    6.55132E+01    8.79964E+01    3.93079E+01
    4.33510E-01    4.47050E-01    5.03162E-04    1.94226E-04    5.11406E+00    1.23644E+00    1.95610E-23    1.51688E+02    6.90901E+01    9.10127E+01    4.14541E+01
    4.47050E-01    4.60600E-01    4.90054E-04    1.89572E-04    5.20301E+00    1.28981E+00    1.97558E-23    1.56892E+02    7.20843E+01    9.41350E+01    4.32506E+01
    4.60600E-01    4.74150E-01    4.77194E-04    1.84897E-04    5.29200E+00    1.34320E+00    1.99507E-23    1.62275E+02    7.51655E+01    9.73648E+01    4.50993E+01
    4.74150E-01    4.87690E-01    4.64602E-04    1.80021E-04    5.38095E+00    1.39657E+00    2.01455E-23    1.67835E+02    7.82726E+01    1.00701E+02    4.69636E+01
    4.87690E-01    5.01240E-01    4.52294E-04    1.75221E-04    5.46990E+00    1.44994E+00    2.03403E-23    1.73574E+02    8.14779E+01    1.04145E+02    4.88867E+01
    5.01240E-01    5.14790E-01    4.40285E-04    1.74232E-04    5.48012E+00    1.46879E+00    2.03724E-23    1.78360E+02    8.52470E+01    1.07016E+02    5.11482E+01
    5.14790E-01    5.28340E-01    4.28589E-04    1.63957E-04    5.38887E+00    1.44315E+00    2.01947E-23    1.81762E+02    8.48777E+01    1.09057E+02    5.09266E+01
    5.28340E-01    5.41880E-01    4.17219E-04    1.61389E-04    5.29764E+00    1.41751E+00    2.00171E-23    1.85183E+02    8.71003E+01    1.11110E+02    5.22602E+01
    5.41880E-01    5.55430E-01    4.06188E-04    1.56768E-04    5.20642E+00    1.39187E+00    1.98394E-23    1.88611E+02    8.85518E+01    1.13166E+02    5.31311E+01
    5.55430E-01    5.68980E-01    3.95510E-04    1.53520E-04    5.11516E+00    1.36622E+00    1.96618E-23    1.92027E+02    9.04782E+01    1.15216E+02    5.42869E+01
    5.68980E-01    5.82520E-01    3.85231E-04    1.51010E-04    5.02394E+00    1.34058E+00    1.94841E-23    1.95400E+02    9.26589E+01    1.17240E+02    5.55954E+01
    5.82520E-01    5.96070E-01    3.75764E-04    1.44304E-04    4.93271E+00    1.31495E+00    1.93065E-23    1.98495E+02    9.27933E+01    1.19097E+02    5.56760E+01
    5.96070E-01    6.09620E-01    3.66667E-04    1.40609E-04    4.84146E+00    1.28930E+00    1.91288E-23    2.01511E+02    9.40808E+01    1.20907E+02    5.64485E+01
    6.09620E-01    6.23160E-01    3.57961E-04    1.39954E-04    4.75023E+00    1.26366E+00    1.89512E-23    2.04421E+02    9.66695E+01    1.22653E+02    5.80017E+01
    6.23160E-01    6.36710E-01    3.49669E-04    1.34424E-04    4.65901E+00    1.23802E+00    1.87736E-23    2.07192E+02    9.68272E+01    1.24315E+02    5.80963E+01
    6.36710E-01    6.50260E-01    3.41819E-04    1.31907E-04    4.56775E+00    1.21238E+00    1.85959E-23    2.09784E+02    9.82552E+01    1.25870E+02    5.89531E+01
    6.50260E-01    6.63810E-01    3.34449E-04    1.27465E-04    4.47650E+00    1.18673E+00    1.84182E-23    2.12150E+02    9.84915E+01    1.27290E+02    5.90949E+01
    6.63810E-01    6.77350E-01    3.27602E-04    1.24874E-04    4.38527E+00    1.16109E+00    1.82406E-23    2.14237E+02    9.94295E+01    1.28542E+02    5.96577E+01
    6.77350E-01    6.90900E-01    3.21348E-04    1.21294E-04    4.29405E+00    1.13545E+00    1.80630E-23    2.15966E+02    9.95299E+01    1.29579E+02    5.97180E+01
    6.90900E-01    7.04450E-01    3.15743E-04    1.18112E-04    4.20279E+00    1.10980E+00    1.78853E-23    2.17266E+02    9.94836E+01    1.30359E+02    5.96902E+01
    7.04450E-01    7.17990E-01    3.10988E-04    1.14701E-04    4.11157E+00    1.08417E+00    1.77077E-23    2.17964E+02    9.88233E+01    1.30779E+02    5.92940E+01
    7.17990E-01    7.31540E-01    3.06992E-04    1.12755E-04    4.02035E+00    1.05853E+00    1.75301E-23    2.18090E+02    9.85576E+01    1.30854E+02    5.91346E+01
    7.31540E-01    7.45090E-01    3.04795E-04    1.09006E-04    3.92909E+00    1.03288E+00    1.73524E-23    2.16874E+02    9.62615E+01    1.30125E+02    5.77569E+01
    7.45090E-01    7.58640E-01    3.02405E-04    1.06799E-04    3.83783E+00    1.00723E+00    1.71747E-23    2.15720E+02    9.49181E+01    1.29432E+02    5.69509E+01
    7.58640E-01    7.72180E-01    3.07641E-04    1.01987E-04    3.74661E+00    9.81596E-01    1.69971E-23    2.09172E+02    8.83840E+01    1.25503E+02    5.30304E+01
    7.72180E-01    7.85730E-01    3.00322E-04    1.00282E-04    3.65539E+00    9.55958E-01    1.68195E-23    2.11260E+02    8.96031E+01    1.26756E+02    5.37618E+01
    7.85730E-01    7.99280E-01    3.44946E-04    8.83128E-05    3.56413E+00    9.30310E-01    1.66418E-23    1.81253E+02    6.62696E+01    1.08752E+02    3.97618E+01
    7.99280E-01    8.12820E-01    2.61521E-04    9.65153E-05    3.47290E+00    9.04672E-01    1.64642E-23    2.35467E+02    1.06367E+02    1.41280E+02    6.38201E+01
    8.12820E-01    8.26370E-01    5.57594E-04    3.81417E-05    3.38168E+00    8.79034E-01    1.62866E-23    1.08710E+02    2.92201E+01    6.52258E+01    1.75320E+01
