HERCULES_A
Cosmology      70.0000     0.300000     0.700000
Number of MC iterations:    5000
Source FITS files: /Volumes/GALACTUS//merged/HERCULES_A/5796_6257_1625_sbprof_10pix.fits
        RIN_MPC       ROUT_MPC   N_elec(cm-3)       Sigma_Ne     K(KeV cm2)K_flat(KeV cm2)          K_err              P         P_flat          P_err           Mgas           Merr
        0.39238        0.40503    7.83752E-04    5.25524E-05      288.55534      288.55534       60.40478    1.92247E-03    1.92247E-03    4.13751E-04    3.20258E+12    4.80295E+11
        0.37972        0.39238    7.85923E-04    1.02519E-04      316.10487      316.10487       71.51837    2.11575E-03    2.11575E-03    5.21015E-04    6.64007E+13    1.01706E+13
        0.36706        0.37972    8.30948E-04    8.46311E-05      305.64059      305.64059       63.14857    2.24475E-03    2.24475E-03    4.94103E-04    6.91285E+13    9.89221E+12
        0.35440        0.36706    8.83874E-04    9.73885E-05      294.33184      294.33184       57.62942    2.39601E-03    2.39601E-03    5.08729E-04    5.30608E+13    7.06225E+12
        0.34175        0.35440    9.43703E-04    1.00415E-04      282.73067      282.73067       51.54687    2.56703E-03    2.56703E-03    5.10381E-04    5.78339E+13    7.12309E+12
        0.32909        0.34175    1.01121E-03    1.03009E-04      270.93273      270.93273       45.72441    2.76015E-03    2.76015E-03    5.10793E-04    5.41902E+13    6.13975E+12
        0.31643        0.32909    1.06473E-03    1.11044E-04      291.30301      291.30301       46.46672    3.23401E-03    3.23401E-03    5.73865E-04    5.73313E+13    6.03580E+12
        0.30377        0.31643    1.12255E-03    1.08129E-04      311.13128      311.13128       46.45080    3.77244E-03    3.77244E-03    6.24953E-04    6.02945E+13    5.95944E+12
        0.29112        0.30377    1.18606E-03    1.00073E-04      328.76561      328.76561       45.82733    4.36918E-03    4.36918E-03    6.68144E-04    6.23430E+13    5.83085E+12
        0.27846        0.29112    1.25567E-03    9.82166E-05      344.26806      344.26806       45.50735    5.03138E-03    5.03138E-03    7.26892E-04    6.69115E+13    5.96013E+12
        0.26580        0.27846    1.35313E-03    1.01781E-04      341.62069      341.62069       42.63453    5.65517E-03    5.65517E-03    7.73716E-04    6.91332E+13    5.79389E+12
        0.25315        0.26580    1.46739E-03    1.01974E-04      334.16735      334.16735       39.00146    6.33195E-03    6.33195E-03    8.08527E-04    7.02384E+13    5.51772E+12
        0.24049        0.25315    1.59529E-03    1.05231E-04      326.00576      326.00576       35.73310    7.10053E-03    7.10053E-03    8.52993E-04    7.07914E+13    5.21215E+12
        0.22783        0.24049    1.73872E-03    1.11060E-04      317.21319      317.21319       32.75676    7.97509E-03    7.97509E-03    9.06854E-04    6.84830E+13    4.72455E+12
        0.21517        0.22783    1.90972E-03    1.12973E-04      306.53561      306.53561       30.88078    9.01085E-03    9.01085E-03    9.90905E-04    6.45723E+13    4.38967E+12
        0.20252        0.21517    2.10401E-03    1.18235E-04      295.35247      295.35247       29.30719    1.02036E-02    1.02036E-02    1.09899E-03    6.04494E+13    4.07318E+12
        0.18986        0.20252    2.32407E-03    1.20740E-04      283.87844      283.87844       27.66988    1.15758E-02    1.15758E-02    1.21408E-03    5.62108E+13    3.75566E+12
        0.17720        0.18986    2.56709E-03    1.26938E-04      269.45542      269.45542       25.72965    1.29685E-02    1.29685E-02    1.32737E-03    5.07931E+13    3.33807E+12
        0.16454        0.17720    2.81978E-03    1.36285E-04      247.31793      247.31793       22.63763    1.39192E-02    1.39192E-02    1.36918E-03    4.34722E+13    2.73124E+12
        0.15189        0.16454    3.10688E-03    1.44129E-04      226.41028      226.41028       19.74518    1.49774E-02    1.49774E-02    1.40510E-03    3.71309E+13    2.22033E+12
        0.13923        0.15189    3.43705E-03    1.55875E-04      209.58491      209.58491       17.30948    1.64060E-02    1.64060E-02    1.46406E-03    3.27459E+13    1.84560E+12
        0.12657        0.13923    3.81904E-03    1.65563E-04      195.60541      195.60541       15.15042    1.82517E-02    1.82517E-02    1.53176E-03    2.86112E+13    1.50773E+12
        0.11392        0.12657    4.23250E-03    1.81295E-04      189.26757      189.26757       14.26355    2.09607E-02    2.09607E-02    1.71554E-03    2.54655E+13    1.30241E+12
        0.10126        0.11392    4.74978E-03    1.85372E-04      178.28462      178.28462       13.16595    2.39278E-02    2.39278E-02    1.89917E-03    2.19883E+13    1.11442E+12
        0.08860        0.10126    5.49026E-03    1.88067E-04      154.40501      154.40501       11.52058    2.63826E-02    2.63826E-02    2.08054E-03    1.78355E+13    9.29054E+11
        0.07594        0.08860    6.23335E-03    1.85242E-04      135.50363      135.50363        9.45329    2.86080E-02    2.86080E-02    2.09399E-03    1.46890E+13    7.20554E+11
        0.06329        0.07594    7.11646E-03    1.79229E-04      115.73662      115.73662        7.27728    3.04727E-02    3.04727E-02    1.99962E-03    1.16835E+13    5.19170E+11
        0.05063        0.06329    8.27112E-03    1.73072E-04       92.66797       92.66797        5.04236    3.13475E-02    3.13475E-02    1.77440E-03    8.71902E+12    3.36287E+11
        0.03797        0.05063    1.01038E-02    1.71054E-04       70.52105       70.52105        3.41689    3.33010E-02    3.33010E-02    1.66732E-03    6.38289E+12    2.20555E+11
        0.02531        0.03797    1.33866E-02    1.74284E-04       49.66066       49.66066        2.28653    3.74799E-02    3.74799E-02    1.76360E-03    4.15959E+12    1.37930E+11
        0.01266        0.02531    2.05532E-02    1.92265E-04       30.70243       31.18621        1.34643    4.73484E-02    4.80945E-02    2.10250E-03    2.82677E+12    8.99840E+10
        0.00000        0.01266    5.09622E-02    2.24949E-04       13.15033       17.02355        0.72853    9.21194E-02    1.19252E-01    5.11242E-03    1.10901E+12    4.49920E+10
