           #rin           rout          nelec         ne_err             tx         tx_err         lambda          5/2tc         tc_err          3/2tc         tc_err
           #Mpc            Mpc          cm^-3          cm^-3            keV            keV       e cm^3/s            Gyr            Gyr            Gyr            Gyr
    0.00000E+00    3.23000E-03    4.71516E-02    1.95554E-04    1.51000E+00    3.00000E-02    1.37069E-23    6.82063E-01    1.38430E-02    4.09238E-01    8.30580E-03
    3.23000E-03    6.47000E-03    2.78887E-02    2.53190E-04    1.51000E+00    3.00000E-02    1.39439E-23    1.13357E+00    2.47612E-02    6.80144E-01    1.48567E-02
    6.47000E-03    9.70000E-03    2.00661E-02    2.08622E-04    1.51000E+00    3.00000E-02    1.41808E-23    1.54916E+00    3.47376E-02    9.29497E-01    2.08425E-02
    9.70000E-03    1.29400E-02    1.35158E-02    2.43019E-04    1.56987E+00    3.44901E-02    1.44177E-23    2.35184E+00    6.67682E-02    1.41110E+00    4.00609E-02
    1.29400E-02    1.61700E-02    1.37748E-02    2.09418E-04    1.65495E+00    4.08710E-02    1.46547E-23    2.39335E+00    6.94086E-02    1.43601E+00    4.16451E-02
    1.61700E-02    1.94100E-02    8.70644E-03    2.55853E-04    1.74002E+00    4.72518E-02    1.48916E-23    3.91793E+00    1.56767E-01    2.35076E+00    9.40600E-02
    1.94100E-02    2.26400E-02    7.83481E-03    2.22268E-04    1.82510E+00    5.36327E-02    1.51286E-23    4.49515E+00    1.83607E-01    2.69709E+00    1.10164E-01
    2.26400E-02    2.58800E-02    8.12809E-03    2.41024E-04    1.90992E+00    5.99942E-02    1.53642E-23    4.46479E+00    1.92868E-01    2.67888E+00    1.15721E-01
    2.58800E-02    2.91100E-02    7.00314E-03    2.29745E-04    1.87403E+00    5.72329E-02    1.49820E-23    5.21430E+00    2.33711E-01    3.12858E+00    1.40226E-01
    2.91100E-02    3.23500E-02    7.10932E-03    2.17596E-04    1.83813E+00    5.44716E-02    1.45999E-23    5.16991E+00    2.20252E-01    3.10195E+00    1.32151E-01
    3.23500E-02    3.55800E-02    5.99233E-03    2.44643E-04    1.80223E+00    5.17104E-02    1.42177E-23    6.17546E+00    3.08156E-01    3.70528E+00    1.84894E-01
    3.55800E-02    3.88200E-02    6.80036E-03    2.23799E-04    1.80140E+00    5.21396E-02    1.40453E-23    5.50592E+00    2.41309E-01    3.30355E+00    1.44785E-01
    3.88200E-02    4.20500E-02    5.38903E-03    2.17226E-04    1.85761E+00    5.77608E-02    1.42142E-23    7.07952E+00    3.60407E-01    4.24771E+00    2.16244E-01
    4.20500E-02    4.52900E-02    5.49975E-03    2.47970E-04    1.91382E+00    6.33820E-02    1.43831E-23    7.06298E+00    3.95129E-01    4.23779E+00    2.37077E-01
    4.52900E-02    4.85200E-02    4.01914E-03    1.85292E-04    1.97003E+00    6.90033E-02    1.45520E-23    9.83331E+00    5.69338E-01    5.89998E+00    3.41603E-01
    4.85200E-02    5.17600E-02    4.34033E-03    2.26011E-04    2.00335E+00    7.21228E-02    1.46576E-23    9.19296E+00    5.81966E-01    5.51578E+00    3.49180E-01
    5.17600E-02    5.49900E-02    3.70442E-03    1.85299E-04    2.03173E+00    7.47030E-02    1.47494E-23    1.08556E+01    6.73923E-01    6.51337E+00    4.04354E-01
    5.49900E-02    5.82300E-02    3.48645E-03    2.29625E-04    2.06011E+00    7.72833E-02    1.48413E-23    1.16230E+01    8.80987E-01    6.97383E+00    5.28592E-01
    5.82300E-02    6.14600E-02    3.44907E-03    1.86110E-04    2.08850E+00    7.98635E-02    1.49331E-23    1.18376E+01    7.82886E-01    7.10257E+00    4.69732E-01
    6.14600E-02    6.47000E-02    2.81055E-03    1.72055E-04    2.07488E+00    8.00001E-02    1.49896E-23    1.43778E+01    1.04020E+00    8.62671E+00    6.24123E-01
    6.47000E-02    6.79300E-02    2.87007E-03    1.79892E-04    2.05891E+00    8.00001E-02    1.50441E-23    1.39207E+01    1.02658E+00    8.35242E+00    6.15951E-01
    6.79300E-02    7.11600E-02    2.68156E-03    1.61934E-04    2.04297E+00    8.00000E-02    1.50986E-23    1.47306E+01    1.06021E+00    8.83838E+00    6.36125E-01
    7.11600E-02    7.44000E-02    2.14164E-03    1.71827E-04    2.02700E+00    7.99999E-02    1.51531E-23    1.82343E+01    1.63039E+00    1.09406E+01    9.78235E-01
    7.44000E-02    7.76300E-02    2.55112E-03    1.87836E-04    2.00967E+00    7.99999E-02    1.50648E-23    1.52655E+01    1.27774E+00    9.15933E+00    7.66644E-01
    7.76300E-02    8.08700E-02    1.92787E-03    1.74430E-04    1.99127E+00    8.00000E-02    1.48651E-23    2.02846E+01    2.00811E+00    1.21708E+01    1.20487E+00
    8.08700E-02    8.41000E-02    2.18947E-03    1.67402E-04    1.97288E+00    8.00000E-02    1.46654E-23    1.79370E+01    1.55236E+00    1.07622E+01    9.31417E-01
    8.41000E-02    8.73400E-02    1.63338E-03    1.52146E-04    1.95448E+00    8.00000E-02    1.44657E-23    2.41483E+01    2.45696E+00    1.44890E+01    1.47417E+00
    8.73400E-02    9.05700E-02    1.85217E-03    1.64512E-04    1.93608E+00    8.00000E-02    1.42660E-23    2.13906E+01    2.09547E+00    1.28344E+01    1.25728E+00
    9.05700E-02    9.38100E-02    1.86719E-03    1.52962E-04    1.93133E+00    8.26674E-02    1.41904E-23    2.12793E+01    1.96683E+00    1.27676E+01    1.18010E+00
    9.38100E-02    9.70400E-02    1.69199E-03    1.59086E-04    1.93333E+00    8.66520E-02    1.41761E-23    2.35307E+01    2.45095E+00    1.41184E+01    1.47057E+00
    9.70400E-02    1.00280E-01    1.73289E-03    1.63544E-04    1.93532E+00    9.06366E-02    1.41617E-23    2.30223E+01    2.42558E+00    1.38134E+01    1.45535E+00
    1.00280E-01    1.03510E-01    1.52310E-03    1.80285E-04    1.93731E+00    9.46213E-02    1.41474E-23    2.62469E+01    3.36087E+00    1.57482E+01    2.01652E+00
    1.03510E-01    1.06750E-01    1.31025E-03    1.38401E-04    1.93930E+00    9.86059E-02    1.41330E-23    3.05731E+01    3.58409E+00    1.83439E+01    2.15046E+00
    1.06750E-01    1.09980E-01    1.33282E-03    1.64305E-04    1.94370E+00    9.99999E-02    1.40424E-23    3.03179E+01    4.04990E+00    1.81907E+01    2.42994E+00
    1.09980E-01    1.13220E-01    1.32112E-03    1.50447E-04    1.94939E+00    9.99999E-02    1.39108E-23    3.09661E+01    3.86764E+00    1.85796E+01    2.32058E+00
    1.13220E-01    1.16450E-01    1.39611E-03    1.32615E-04    1.95508E+00    1.00000E-01    1.37792E-23    2.96690E+01    3.20083E+00    1.78014E+01    1.92050E+00
    1.16450E-01    1.19690E-01    1.27451E-03    1.28937E-04    1.96077E+00    1.00000E-01    1.36476E-23    3.29086E+01    3.72835E+00    1.97451E+01    2.23701E+00
    1.19690E-01    1.22920E-01    1.32588E-03    1.24190E-04    1.96645E+00    1.00000E-01    1.35160E-23    3.20342E+01    3.41422E+00    1.92205E+01    2.04853E+00
    1.22920E-01    1.26160E-01    1.20339E-03    1.49539E-04    1.97847E+00    1.02824E-01    1.34377E-23    3.57175E+01    4.81097E+00    2.14305E+01    2.88658E+00
    1.26160E-01    1.29390E-01    1.09469E-03    1.23223E-04    2.00096E+00    1.10319E-01    1.34477E-23    3.96810E+01    4.97366E+00    2.38086E+01    2.98420E+00
    1.29390E-01    1.32630E-01    9.38923E-04    1.09072E-04    2.02344E+00    1.17814E-01    1.34576E-23    4.67494E+01    6.07471E+00    2.80497E+01    3.64483E+00
    1.32630E-01    1.35860E-01    1.18387E-03    1.36934E-04    2.04593E+00    1.25309E-01    1.34675E-23    3.74612E+01    4.90298E+00    2.24767E+01    2.94179E+00
    1.35860E-01    1.39090E-01    9.94688E-04    1.25661E-04    2.06838E+00    1.32792E-01    1.34774E-23    4.50421E+01    6.38289E+00    2.70252E+01    3.82973E+00
    1.39090E-01    1.42330E-01    1.05317E-03    1.18684E-04    2.08948E+00    1.39851E-01    1.34925E-23    4.29269E+01    5.62643E+00    2.57562E+01    3.37586E+00
    1.42330E-01    1.45560E-01    1.17376E-03    1.13598E-04    2.07588E+00    1.35965E-01    1.36367E-23    3.78614E+01    4.42453E+00    2.27168E+01    2.65472E+00
    1.45560E-01    1.48800E-01    1.14337E-03    1.44033E-04    2.06228E+00    1.32079E-01    1.37809E-23    3.82091E+01    5.39963E+00    2.29254E+01    3.23978E+00
    1.48800E-01    1.52030E-01    1.11914E-03    1.33031E-04    2.04867E+00    1.28193E-01    1.39251E-23    3.83773E+01    5.15533E+00    2.30264E+01    3.09320E+00
    1.52030E-01    1.55270E-01    8.85460E-04    1.23775E-04    2.03507E+00    1.24306E-01    1.40692E-23    4.76896E+01    7.27499E+00    2.86138E+01    4.36500E+00
    1.55270E-01    1.58500E-01    1.02569E-03    1.33487E-04    2.02147E+00    1.20420E-01    1.42134E-23    4.04796E+01    5.79381E+00    2.42877E+01    3.47629E+00
    1.58500E-01    1.61740E-01    1.15001E-03    1.22349E-04    2.01021E+00    1.21633E-01    1.41100E-23    3.61656E+01    4.42639E+00    2.16993E+01    2.65583E+00
    1.61740E-01    1.64970E-01    9.10341E-04    1.34092E-04    1.99922E+00    1.23463E-01    1.39766E-23    4.58712E+01    7.32657E+00    2.75227E+01    4.39594E+00
    1.64970E-01    1.68210E-01    9.90784E-04    8.75048E-05    1.98824E+00    1.25293E-01    1.38432E-23    4.23193E+01    4.59147E+00    2.53916E+01    2.75488E+00
    1.68210E-01    1.71440E-01    1.03553E-03    1.72054E-04    1.97726E+00    1.27123E-01    1.37097E-23    4.06589E+01    7.24363E+00    2.43954E+01    4.34618E+00
    1.71440E-01    1.74680E-01    1.04449E-03    1.17647E-04    1.96628E+00    1.28953E-01    1.35763E-23    4.04802E+01    5.27609E+00    2.42881E+01    3.16565E+00
    1.74680E-01    1.77910E-01    8.10232E-04    9.78793E-05    1.96333E+00    1.30000E-01    1.35372E-23    5.22564E+01    7.19885E+00    3.13538E+01    4.31931E+00
    1.77910E-01    1.81150E-01    8.35239E-04    1.22506E-04    1.97113E+00    1.30000E-01    1.36242E-23    5.05682E+01    8.13225E+00    3.03409E+01    4.87935E+00
    1.81150E-01    1.84380E-01    8.66497E-04    9.88215E-05    1.97892E+00    1.30000E-01    1.37111E-23    4.86263E+01    6.39990E+00    2.91758E+01    3.83994E+00
    1.84380E-01    1.87620E-01    7.78262E-04    1.06724E-04    1.98671E+00    1.30000E-01    1.37981E-23    5.40099E+01    8.20643E+00    3.24059E+01    4.92386E+00
    1.87620E-01    1.90850E-01    8.21104E-04    1.12479E-04    1.99450E+00    1.30000E-01    1.38850E-23    5.10708E+01    7.74750E+00    3.06425E+01    4.64850E+00
    1.90850E-01    1.94090E-01    7.18292E-04    1.11073E-04    2.00229E+00    1.30000E-01    1.39720E-23    5.82441E+01    9.76822E+00    3.49464E+01    5.86093E+00
    1.94090E-01    1.97320E-01    1.09887E-03    1.11127E-04    2.00970E+00    1.29971E-01    1.40565E-23    3.79832E+01    4.55947E+00    2.27899E+01    2.73568E+00
    1.97320E-01    2.00550E-01    5.40289E-04    8.70131E-05    1.98220E+00    1.27352E-01    1.39186E-23    7.69501E+01    1.33425E+01    4.61700E+01    8.00550E+00
    2.00550E-01    2.03790E-01    7.51196E-04    1.35047E-04    1.95465E+00    1.24729E-01    1.37805E-23    5.51234E+01    1.05156E+01    3.30740E+01    6.30937E+00
    2.03790E-01    2.07020E-01    8.82100E-04    8.78809E-05    1.92711E+00    1.22106E-01    1.36424E-23    4.67501E+01    5.51973E+00    2.80501E+01    3.31184E+00
    2.07020E-01    2.10260E-01    6.88423E-04    1.22344E-04    1.89957E+00    1.19482E-01    1.35042E-23    5.96502E+01    1.12452E+01    3.57901E+01    6.74712E+00
    2.10260E-01    2.13490E-01    8.28980E-04    9.27346E-05    1.87202E+00    1.16859E-01    1.33661E-23    4.93224E+01    6.31842E+00    2.95935E+01    3.79105E+00
    2.13490E-01    2.16730E-01    7.45091E-04    1.33816E-04    1.84448E+00    1.14236E-01    1.32280E-23    5.46327E+01    1.03789E+01    3.27796E+01    6.22734E+00
    2.16730E-01    2.19960E-01    7.10633E-04    1.10197E-04    1.81693E+00    1.11613E-01    1.30899E-23    5.70217E+01    9.51082E+00    3.42130E+01    5.70649E+00
    2.19960E-01    2.23200E-01    6.99066E-04    8.54793E-05    1.79515E+00    1.09697E-01    1.29735E-23    5.77843E+01    7.89884E+00    3.46706E+01    4.73931E+00
    2.23200E-01    2.26430E-01    6.83074E-04    1.18372E-04    1.78256E+00    1.08910E-01    1.28916E-23    5.90951E+01    1.08586E+01    3.54571E+01    6.51517E+00
    2.26430E-01    2.29670E-01    8.20064E-04    8.63055E-05    1.76997E+00    1.08123E-01    1.28098E-23    4.91880E+01    5.98552E+00    2.95128E+01    3.59131E+00
    2.29670E-01    2.32900E-01    5.32761E-04    1.23686E-04    1.75738E+00    1.07336E-01    1.27279E-23    7.56585E+01    1.81626E+01    4.53951E+01    1.08975E+01
    2.32900E-01    2.36140E-01    8.17621E-04    1.12352E-04    1.74478E+00    1.06549E-01    1.26461E-23    4.92625E+01    7.40768E+00    2.95575E+01    4.44461E+00
    2.36140E-01    2.39370E-01    5.65849E-04    9.58503E-05    1.73219E+00    1.05762E-01    1.25642E-23    7.11283E+01    1.28074E+01    4.26770E+01    7.68441E+00
    2.39370E-01    2.42610E-01    7.30196E-04    8.93098E-05    1.71960E+00    1.04975E-01    1.24824E-23    5.50774E+01    7.52894E+00    3.30464E+01    4.51737E+00
    2.42610E-01    2.45840E-01    4.89932E-04    1.42825E-04    1.70701E+00    1.04188E-01    1.24006E-23    8.20242E+01    2.44302E+01    4.92145E+01    1.46581E+01
    2.45840E-01    2.49080E-01    5.81271E-04    4.09719E-05    1.69442E+00    1.03401E-01    1.23187E-23    6.90812E+01    6.44064E+00    4.14487E+01    3.86439E+00
