 # POS_Distance SB_Central
 # kpc --
 -37.6 -0.735
  0.  0.288413473
  0.0759  0.288414604
  0.1518  0.288417996
  0.2277  0.28842365
  0.3036  0.288431566
  0.3795  0.288441743
  0.4554  0.288454182
  0.5313  0.288468883
  0.6072  0.288485845
  0.6831  0.288505068
  0.759  0.288526554
  0.8349  0.288550301
  0.9108  0.28857631
  0.9867  0.28860458
  1.0626  0.288635112
  1.1385  0.288667905
  1.2144  0.288702961
  1.2903  0.288740277
  1.3662  0.288779856
  1.4421  0.288821696
  1.518  0.288865797
  1.5939  0.288912161
  1.6698  0.288960786
  1.7457  0.289011672
  1.8216  0.28906482
  1.8975  0.28912023
  1.9734  0.289177901
  2.0493  0.289237834
  2.1252  0.289300028
  2.2011  0.289364485
  2.277  0.289431202
  2.3529  0.289500181
  2.4288  0.289571422
  2.5047  0.289644925
  2.5806  0.289720689
  2.6565  0.289798714
  2.7324  0.289879001
  2.8083  0.28996155
  2.8842  0.29004636
  2.9601  0.290133431
  3.036  0.290222764
  3.1119  0.290314359
  3.1878  0.290408215
  3.2637  0.290504332
  3.3396  0.290602711
  3.4155  0.290703351
  3.4914  0.290806253
  3.5673  0.290911416
  3.6432  0.291018841
  3.7191  0.291128526
  3.795  0.291240473
  3.8709  0.291354682
  3.9468  0.291471151
  4.0227  0.291589882
  4.0986  0.291710874
  4.1745  0.291834127
  4.2504  0.291959641
  4.3263  0.292087416
  4.4022  0.292217452
  4.4781  0.292349749
  4.554  0.292484307
  4.6299  0.292621126
  4.7058  0.292760206
  4.7817  0.292901547
  4.8576  0.293045148
  4.9335  0.29319101
  5.0094  0.293339133
  5.0853  0.293489516
  5.1612  0.293642159
  5.2371  0.293797063
  5.313  0.293954227
  5.3889  0.294113652
  5.4648  0.294275337
  5.5407  0.294439281
  5.6166  0.294605486
  5.6925  0.294773951
  5.7684  0.294944675
  5.8443  0.295117659
  5.9202  0.295292903
  5.9961  0.295470406
  6.072  0.295650169
  6.1479  0.295832191
  6.2238  0.296016472
  6.2997  0.296203012
  6.3756  0.296391811
  6.4515  0.296582869
  6.5274  0.296776185
  6.6033  0.29697176
  6.6792  0.297169593
  6.7551  0.297369684
  6.831  0.297572034
  6.9069  0.297776641
  6.9828  0.297983506
  7.0587  0.298192628
  7.1346  0.298404008
  7.2105  0.298617645
  7.2864  0.298833539
  7.3623  0.29905169
  7.4382  0.299272097
  7.5141  0.29949476
  7.59  0.29971968
  7.6659  0.299946855
  7.7418  0.300176287
  7.8177  0.300407973
  7.8936  0.300641915
  7.9695  0.300878112
  8.0454  0.301116563
  8.1213  0.301357269
  8.1972  0.301600229
  8.2731  0.301845443
  8.349  0.30209291
  8.4249  0.30234263
  8.5008  0.302594604
  8.5767  0.30284883
  8.6526  0.303105308
  8.7285  0.303364039
  8.8044  0.303625021
  8.8803  0.303888254
  8.9562  0.304153738
  9.0321  0.304421473
  9.108  0.304691458
  9.1839  0.304963693
  9.2598  0.305238177
  9.3357  0.30551491
  9.4116  0.305793892
  9.4875  0.306075122
  9.5634  0.306358599
  9.6393  0.306644324
  9.7152  0.306932296
  9.7911  0.307222514
  9.867  0.307514978
  9.9429  0.307809687
  10.0188  0.308106641
  10.0947  0.30840584
  10.1706  0.308707282
  10.2465  0.309010968
  10.3224  0.309316896
  10.3983  0.309625067
  10.4742  0.309935479
  10.5501  0.310248132
  10.626  0.310563026
  10.7019  0.310880159
  10.7778  0.311199532
  10.8537  0.311521144
  10.9296  0.311844993
  11.0055  0.31217108
  11.0814  0.312499403
  11.1573  0.312829962
  11.2332  0.313162756
  11.3091  0.313497785
  11.385  0.313835048
  11.4609  0.314174543
  11.5368  0.314516271
  11.6127  0.314860231
  11.6886  0.315206421
  11.7645  0.315554841
  11.8404  0.31590549
  11.9163  0.316258367
  11.9922  0.316613472
  12.0681  0.316970803
  12.144  0.31733036
  12.2199  0.317692142
  12.2958  0.318056147
  12.3717  0.318422376
  12.4476  0.318790826
  12.5235  0.319161497
  12.5994  0.319534389
  12.6753  0.319909499
  12.7512  0.320286828
  12.8271  0.320666373
  12.903  0.321048134
  12.9789  0.32143211
  13.0548  0.3218183
  13.1307  0.322206703
  13.2066  0.322597317
  13.2825  0.322990141
  13.3584  0.323385175
  13.4343  0.323782416
  13.5102  0.324181865
  13.5861  0.324583519
  13.662  0.324987378
  13.7379  0.325393439
  13.8138  0.325801703
  13.8897  0.326212167
  13.9656  0.32662483
  14.0415  0.327039691
  14.1174  0.327456749
  14.1933  0.327876001
  14.2692  0.328297448
  14.3451  0.328721087
  14.421  0.329146916
  14.4969  0.329574935
  14.5728  0.330005142
  14.6487  0.330437535
  14.7246  0.330872113
  14.8005  0.331308875
  14.8764  0.331747818
  14.9523  0.332188941
  15.0282  0.332632242
  15.1041  0.333077721
  15.18  0.333525374
  15.2559  0.333975201
  15.3318  0.3344272
  15.4077  0.334881369
  15.4836  0.335337706
  15.5595  0.335796209
  15.6354  0.336256877
  15.7113  0.336719708
  15.7872  0.337184699
  15.8631  0.33765185
  15.939  0.338121157
  16.0149  0.33859262
  16.0908  0.339066236
  16.1667  0.339542003
  16.2426  0.340019919
  16.3185  0.340499982
  16.3944  0.34098219
  16.4703  0.341466541
  16.5462  0.341953033
  16.6221  0.342441664
  16.698  0.342932431
  16.7739  0.343425332
  16.8498  0.343920365
  16.9257  0.344417528
  17.0016  0.344916818
  17.0775  0.345418233
  17.1534  0.345921771
  17.2293  0.346427429
  17.3052  0.346935206
  17.3811  0.347445098
  17.457  0.347957103
  17.5329  0.348471218
  17.6088  0.348987441
  17.6847  0.34950577
  17.7606  0.350026202
  17.8365  0.350548734
  17.9124  0.351073364
  17.9883  0.351600088
  18.0642  0.352128905
  18.1401  0.352659811
  18.216  0.353192805
  18.2919  0.353727882
  18.3678  0.35426504
  18.4437  0.354804276
  18.5196  0.355345588
  18.5955  0.355888972
  18.6714  0.356434425
  18.7473  0.356981945
  18.8232  0.357531529
  18.8991  0.358083172
  18.975  0.358636874
  19.0509  0.359192629
  19.1268  0.359750435
  19.2027  0.36031029
  19.2786  0.360872189
  19.3545  0.361436129
  19.4304  0.362002107
  19.5063  0.36257012
  19.5822  0.363140165
  19.6581  0.363712238
  19.734  0.364286335
  19.8099  0.364862453
  19.8858  0.36544059
  19.9617  0.36602074
  20.0376  0.366602901
  20.1135  0.367187069
  20.1894  0.36777324
  20.2653  0.368361411
  20.3412  0.368951579
  20.4171  0.369543738
  20.493  0.370137886
  20.5689  0.370734019
  20.6448  0.371332132
  20.7207  0.371932223
  20.7966  0.372534287
  20.8725  0.37313832
  20.9484  0.373744318
  21.0243  0.374352277
  21.1002  0.374962193
  21.1761  0.375574063
  21.252  0.376187881
  21.3279  0.376803644
  21.4038  0.377421348
  21.4797  0.378040987
  21.5556  0.378662559
  21.6315  0.379286059
  21.7074  0.379911482
  21.7833  0.380538824
  21.8592  0.38116808
  21.9351  0.381799246
  22.011  0.382432318
  22.0869  0.383067291
  22.1628  0.383704161
  22.2387  0.384342922
  22.3146  0.384983571
  22.3905  0.385626102
  22.4664  0.386270511
  22.5423  0.386916792
  22.6182  0.387564942
  22.6941  0.388214956
  22.77  0.388866828
  22.8459  0.389520553
  22.9218  0.390176127
  22.9977  0.390833545
  23.0736  0.391492801
  23.1495  0.392153891
  23.2254  0.392816809
  23.3013  0.39348155
  23.3772  0.39414811
  23.4531  0.394816482
  23.529  0.395486661
  23.6049  0.396158643
  23.6808  0.396832422
  23.7567  0.397507992
  23.8326  0.398185349
  23.9085  0.398864486
  23.9844  0.399545398
  24.0603  0.40022808
  24.1362  0.400912525
  24.2121  0.401598729
  24.288  0.402286686
  24.3639  0.40297639
  24.4398  0.403667835
  24.5157  0.404361015
  24.5916  0.405055925
  24.6675  0.405752559
  24.7434  0.406450911
  24.8193  0.407150975
  24.8952  0.407852744
  24.9711  0.408556214
  25.047  0.409261378
  25.1229  0.409968229
  25.1988  0.410676763
  25.2747  0.411386971
  25.3506  0.412098849
  25.4265  0.41281239
  25.5024  0.413527588
  25.5783  0.414244436
  25.6542  0.414962929
  25.7301  0.415683059
  25.806  0.41640482
  25.8819  0.417128206
  25.9578  0.41785321
  26.0337  0.418579826
  26.1096  0.419308047
  26.1855  0.420037866
  26.2614  0.420769277
  26.3373  0.421502273
  26.4132  0.422236847
  26.4891  0.422972993
  26.565  0.423710703
  26.6409  0.424449971
  26.7168  0.42519079
  26.7927  0.425933152
  26.8686  0.426677052
  26.9445  0.427422481
  27.0204  0.428169433
  27.0963  0.428917901
  27.1722  0.429667878
  27.2481  0.430419355
  27.324  0.431172327
  27.3999  0.431926786
  27.4758  0.432682725
  27.5517  0.433440135
  27.6276  0.434199011
  27.7035  0.434959344
  27.7794  0.435721127
  27.8553  0.436484353
  27.9312  0.437249014
  28.0071  0.438015103
  28.083  0.438782611
  28.1589  0.439551532
  28.2348  0.440321857
  28.3107  0.441093579
  28.3866  0.441866691
  28.4625  0.442641184
  28.5384  0.443417051
  28.6143  0.444194284
  28.6902  0.444972874
  28.7661  0.445752815
  28.842  0.446534097
  28.9179  0.447316714
  28.9938  0.448100657
  29.0697  0.448885919
  29.1456  0.44967249
  29.2215  0.450460363
  29.2974  0.451249529
  29.3733  0.452039982
  29.4492  0.452831711
  29.5251  0.45362471
  29.601  0.45441897
  29.6769  0.455214482
  29.7528  0.456011238
  29.8287  0.45680923
  29.9046  0.457608449
  29.9805  0.458408888
  30.0564  0.459210536
  30.1323  0.460013387
  30.2082  0.460817431
  30.2841  0.46162266
  30.36  0.462429065
  30.4359  0.463236638
  30.5118  0.46404537
  30.5877  0.464855251
  30.6636  0.465666275
  30.7395  0.466478431
  30.8154  0.467291711
  30.8913  0.468106107
  30.9672  0.468921609
  31.0431  0.469738208
  31.119  0.470555896
  31.1949  0.471374663
  31.2708  0.472194501
  31.3467  0.473015401
  31.4226  0.473837354
  31.4985  0.47466035
  31.5744  0.475484381
  31.6503  0.476309438
  31.7262  0.47713551
  31.8021  0.477962591
  31.878  0.478790669
  31.9539  0.479619736
  32.0298  0.480449783
  32.1057  0.481280801
  32.1816  0.482112779
  32.2575  0.48294571
  32.3334  0.483779583
  32.4093  0.48461439
  32.4852  0.48545012
  32.5611  0.486286765
  32.637  0.487124315
  32.7129  0.487962761
  32.7888  0.488802093
  32.8647  0.489642302
  32.9406  0.490483378
  33.0165  0.491325311
  33.0924  0.492168094
  33.1683  0.493011714
  33.2442  0.493856164
  33.3201  0.494701434
  33.396  0.495547513
  33.4719  0.496394393
  33.5478  0.497242063
  33.6237  0.498090514
  33.6996  0.498939736
  33.7755  0.49978972
  33.8514  0.500640456
  33.9273  0.501491934
  34.0032  0.502344144
  34.0791  0.503197077
  34.155  0.504050723
  34.2309  0.504905072
  34.3068  0.505760113
  34.3827  0.506615838
  34.4586  0.507472237
  34.5345  0.508329299
  34.6104  0.509187015
  34.6863  0.510045375
  34.7622  0.510904369
  34.8381  0.511763987
  34.914  0.512624219
  34.9899  0.513485055
  35.0658  0.514346485
  35.1417  0.5152085
  35.2176  0.516071089
  35.2935  0.516934242
  35.3694  0.51779795
  35.4453  0.518662202
  35.5212  0.519526988
  35.5971  0.520392298
  35.673  0.521258123
  35.7489  0.522124452
  35.8248  0.522991275
  35.9007  0.523858583
  35.9766  0.524726364
  36.0525  0.52559461
  36.1284  0.526463309
  36.2043  0.527332453
  36.2802  0.52820203
  36.3561  0.529072031
  36.432  0.529942446
  36.5079  0.530813264
  36.5838  0.531684475
  36.6597  0.53255607
  36.7356  0.533428038
  36.8115  0.53430037
  36.8874  0.535173054
  36.9633  0.536046081
  37.0392  0.536919441
  37.1151  0.537793124
  37.191  0.53866712
  37.2669  0.539541418
  37.3428  0.540416008
  37.4187  0.541290881
  37.4946  0.542166025
  37.5705  0.543041432
  37.6464  0.543917091
  37.7223  0.544792992
  37.7982  0.545669124
  37.8741  0.546545478
  37.95  0.547422044
  38.0259  0.548298811
  38.1018  0.54917577
  38.1777  0.55005291
  38.2536  0.550930221
  38.3295  0.551807693
  38.4054  0.552685317
  38.4813  0.553563081
  38.5572  0.554440977
  38.6331  0.555318994
  38.709  0.556197121
  38.7849  0.55707535
  38.8608  0.557953669
  38.9367  0.558832069
  39.0126  0.559710541
  39.0885  0.560589073
  39.1644  0.561467656
  39.2403  0.56234628
  39.3162  0.563224935
  39.3921  0.564103612
  39.468  0.564982299
  39.5439  0.565860988
  39.6198  0.566739668
  39.6957  0.567618329
  39.7716  0.568496962
  39.8475  0.569375557
  39.9234  0.570254103
  39.9993  0.571132592
  40.0752  0.572011012
  40.1511  0.572889355
  40.227  0.573767611
  40.3029  0.574645769
  40.3788  0.57552382
  40.4547  0.576401755
  40.5306  0.577279563
  40.6065  0.578157235
  40.6824  0.579034761
  40.7583  0.579912132
  40.8342  0.580789337
  40.9101  0.581666368
  40.986  0.582543214
  41.0619  0.583419867
  41.1378  0.584296315
  41.2137  0.585172551
  41.2896  0.586048563
  41.3655  0.586924344
  41.4414  0.587799883
  41.5173  0.588675171
  41.5932  0.589550198
  41.6691  0.590424955
  41.745  0.591299432
  41.8209  0.592173621
  41.8968  0.593047512
  41.9727  0.593921095
  42.0486  0.594794361
  42.1245  0.595667301
  42.2004  0.596539906
  42.2763  0.597412166
  42.3522  0.598284073
  42.4281  0.599155616
  42.504  0.600026787
  42.5799  0.600897578
  42.6558  0.601767977
  42.7317  0.602637978
  42.8076  0.60350757
  42.8835  0.604376744
  42.9594  0.605245492
  43.0353  0.606113804
  43.1112  0.606981673
  43.1871  0.607849087
  43.263  0.60871604
  43.3389  0.609582522
  43.4148  0.610448524
  43.4907  0.611314038
  43.5666  0.612179054
  43.6425  0.613043564
  43.7184  0.613907559
  43.7943  0.614771031
  43.8702  0.615633971
  43.9461  0.616496371
  44.022  0.617358221
  44.0979  0.618219514
  44.1738  0.619080241
  44.2497  0.619940392
  44.3256  0.620799961
  44.4015  0.621658939
  44.4774  0.622517316
  44.5533  0.623375086
  44.6292  0.624232239
  44.7051  0.625088768
  44.781  0.625944663
  44.8569  0.626799918
  44.9328  0.627654523
  45.0087  0.628508471
  45.0846  0.629361754
  45.1605  0.630214363
  45.2364  0.631066291
  45.3123  0.63191753
  45.3882  0.632768071
  45.4641  0.633617907
  45.54  0.634467029
  45.6159  0.635315431
  45.6918  0.636163105
  45.7677  0.637010042
  45.8436  0.637856235
  45.9195  0.638701676
  45.9954  0.639546357
  46.0713  0.640390272
  46.1472  0.641233412
  46.2231  0.642075771
  46.299  0.642917339
  46.3749  0.643758111
  46.4508  0.644598079
  46.5267  0.645437235
  46.6026  0.646275572
  46.6785  0.647113083
  46.7544  0.64794976
  46.8303  0.648785597
  46.9062  0.649620586
  46.9821  0.65045472
  47.058  0.651287992
  47.1339  0.652120396
  47.2098  0.652951923
  47.2857  0.653782568
  47.3616  0.654612323
  47.4375  0.655441181
  47.5134  0.656269136
  47.5893  0.657096181
  47.6652  0.657922309
  47.7411  0.658747513
  47.817  0.659571787
  47.8929  0.660395124
  47.9688  0.661217518
  48.0447  0.662038962
  48.1206  0.66285945
  48.1965  0.663678975
  48.2724  0.664497531
  48.3483  0.665315112
  48.4242  0.66613171
  48.5001  0.666947321
  48.576  0.667761938
  48.6519  0.668575554
  48.7278  0.669388163
  48.8037  0.67019976
  48.8796  0.671010339
  48.9555  0.671819893
  49.0314  0.672628416
  49.1073  0.673435904
  49.1832  0.674242348
  49.2591  0.675047745
  49.335  0.675852088
  49.4109  0.676655371
  49.4868  0.67745759
  49.5627  0.678258737
  49.6386  0.679058808
  49.7145  0.679857797
  49.7904  0.680655699
  49.8663  0.681452507
  49.9422  0.682248218
  50.0181  0.683042824
  50.094  0.683836322
  50.1699  0.684628706
  50.2458  0.68541997
  50.3217  0.686210109
  50.3976  0.686999119
  50.4735  0.687786994
  50.5494  0.688573729
  50.6253  0.689359319
  50.7012  0.690143759
  50.7771  0.690927044
  50.853  0.69170917
  50.9289  0.692490132
  51.0048  0.693269924
  51.0807  0.694048542
  51.1566  0.694825982
  51.2325  0.695602238
  51.3084  0.696377307
  51.3843  0.697151183
  51.4602  0.697923863
  51.5361  0.698695341
  51.612  0.699465613
  51.6879  0.700234676
  51.7638  0.701002524
  51.8397  0.701769153
  51.9156  0.702534559
  51.9915  0.703298738
  52.0674  0.704061687
  52.1433  0.704823399
  52.2192  0.705583873
  52.2951  0.706343102
  52.371  0.707101085
  52.4469  0.707857816
  52.5228  0.708613293
  52.5987  0.70936751
  52.6746  0.710120464
  52.7505  0.710872153
  52.8264  0.71162257
  52.9023  0.712371715
  52.9782  0.713119581
  53.0541  0.713866167
  53.13  0.714611468
  53.2059  0.715355482
  53.2818  0.716098204
  53.3577  0.716839631
  53.4336  0.71757976
  53.5095  0.718318587
  53.5854  0.71905611
  53.6613  0.719792326
  53.7372  0.72052723
  53.8131  0.72126082
  53.889  0.721993092
  53.9649  0.722724045
  54.0408  0.723453674
  54.1167  0.724181977
  54.1926  0.724908951
  54.2685  0.725634593
  54.3444  0.7263589
  54.4203  0.727081869
  54.4962  0.727803498
  54.5721  0.728523784
  54.648  0.729242725
  54.7239  0.729960317
  54.7998  0.730676559
  54.8757  0.731391447
  54.9516  0.732104979
  55.0275  0.732817152
  55.1034  0.733527966
  55.1793  0.734237416
  55.2552  0.7349455
  55.3311  0.735652217
  55.407  0.736357564
  55.4829  0.737061539
  55.5588  0.73776414
  55.6347  0.738465364
  55.7106  0.73916521
  55.7865  0.739863676
  55.8624  0.740560759
  55.9383  0.741256457
  56.0142  0.741950769
  56.0901  0.742643693
  56.166  0.743335227
  56.2419  0.744025369
  56.3178  0.744714118
  56.3937  0.745401471
  56.4696  0.746087427
  56.5455  0.746771984
  56.6214  0.747455141
  56.6973  0.748136896
  56.7732  0.748817248
  56.8491  0.749496195
  56.925  0.750173736
  57.0009  0.750849869
  57.0768  0.751524593
  57.1527  0.752197907
  57.2286  0.752869809
  57.3045  0.753540297
  57.3804  0.754209372
  57.4563  0.754877031
  57.5322  0.755543274
  57.6081  0.756208099
  57.684  0.756871506
  57.7599  0.757533492
  57.8358  0.758194058
  57.9117  0.758853202
  57.9876  0.759510923
  58.0635  0.760167221
  58.1394  0.760822094
  58.2153  0.761475542
  58.2912  0.762127563
  58.3671  0.762778158
  58.443  0.763427325
  58.5189  0.764075064
  58.5948  0.764721374
  58.6707  0.765366255
  58.7466  0.766009705
  58.8225  0.766651725
  58.8984  0.767292313
  58.9743  0.76793147
  59.0502  0.768569194
  59.1261  0.769205486
  59.202  0.769840345
  59.2779  0.77047377
  59.3538  0.771105762
  59.4297  0.77173632
  59.5056  0.772365443
  59.5815  0.772993132
  59.6574  0.773619387
  59.7333  0.774244206
  59.8092  0.77486759
  59.8851  0.77548954
  59.961  0.776110054
  60.0369  0.776729133
  60.1128  0.777346777
  60.1887  0.777962985
  60.2646  0.778577758
  60.3405  0.779191097
  60.4164  0.779803
  60.4923  0.780413468
  60.5682  0.781022502
  60.6441  0.781630101
  60.72  0.782236266
  60.7959  0.782840997
  60.8718  0.783444294
  60.9477  0.784046157
  61.0236  0.784646588
  61.0995  0.785245585
  61.1754  0.785843151
  61.2513  0.786439284
  61.3272  0.787033986
  61.4031  0.787627257
  61.479  0.788219097
  61.5549  0.788809507
  61.6308  0.789398488
  61.7067  0.78998604
  61.7826  0.790572164
  61.8585  0.79115686
  61.9344  0.791740129
  62.0103  0.792321972
  62.0862  0.792902389
  62.1621  0.793481381
  62.238  0.794058949
  62.3139  0.794635094
  62.3898  0.795209817
  62.4657  0.795783117
  62.5416  0.796354997
  62.6175  0.796925457
  62.6934  0.797494498
  62.7693  0.79806212
  62.8452  0.798628326
  62.9211  0.799193115
  62.997  0.799756489
  63.0729  0.800318449
  63.1488  0.800878996
  63.2247  0.801438131
  63.3006  0.801995855
  63.3765  0.802552168
  63.4524  0.803107074
  63.5283  0.803660571
  63.6042  0.804212662
  63.6801  0.804763348
  63.756  0.80531263
  63.8319  0.805860509
  63.9078  0.806406987
  63.9837  0.806952064
  64.0596  0.807495743
  64.1355  0.808038023
  64.2114  0.808578908
  64.2873  0.809118398
  64.3632  0.809656494
  64.4391  0.810193198
  64.515  0.810728511
  64.5909  0.811262435
  64.6668  0.811794971
  64.7427  0.812326121
  64.8186  0.812855886
  64.8945  0.813384268
  64.9704  0.813911268
  65.0463  0.814436887
  65.1222  0.814961128
  65.1981  0.815483992
  65.274  0.81600548
  65.3499  0.816525595
  65.4258  0.817044337
  65.5017  0.817561709
  65.5776  0.818077711
  65.6535  0.818592347
  65.7294  0.819105617
  65.8053  0.819617523
  65.8812  0.820128067
  65.9571  0.820637251
  66.033  0.821145076
  66.1089  0.821651544
  66.1848  0.822156658
  66.2607  0.822660418
  66.3366  0.823162827
  66.4125  0.823663886
  66.4884  0.824163598
  66.5643  0.824661964
  66.6402  0.825158986
  66.7161  0.825654666
  66.792  0.826149006
  66.8679  0.826642008
  66.9438  0.827133674
  67.0197  0.827624006
  67.0956  0.828113005
  67.1715  0.828600674
  67.2474  0.829087015
  67.3233  0.82957203
  67.3992  0.83005572
  67.4751  0.830538088
  67.551  0.831019136
  67.6269  0.831498866
  67.7028  0.83197728
  67.7787  0.83245438
  67.8546  0.832930168
  67.9305  0.833404647
  68.0064  0.833877818
  68.0823  0.834349683
  68.1582  0.834820245
  68.2341  0.835289506
  68.31  0.835757468
  68.3859  0.836224133
  68.4618  0.836689503
  68.5377  0.837153581
  68.6136  0.837616368
  68.6895  0.838077868
  68.7654  0.838538082
  68.8413  0.838997012
  68.9172  0.839454661
  68.9931  0.839911031
  69.069  0.840366124
  69.1449  0.840819942
  69.2208  0.841272488
  69.2967  0.841723765
  69.3726  0.842173773
  69.4485  0.842622517
  69.5244  0.843069997
  69.6003  0.843516217
  69.6762  0.843961178
  69.7521  0.844404883
  69.828  0.844847335
  69.9039  0.845288535
  69.9798  0.845728487
  70.0557  0.846167191
  70.1316  0.846604652
  70.2075  0.847040871
  70.2834  0.847475851
  70.3593  0.847909593
  70.4352  0.848342101
  70.5111  0.848773377
  70.587  0.849203424
  70.6629  0.849632243
  70.7388  0.850059837
  70.8147  0.850486209
  70.8906  0.85091136
  70.9665  0.851335295
  71.0424  0.851758014
  71.1183  0.852179521
  71.1942  0.852599818
  71.2701  0.853018907
  71.346  0.853436791
  71.4219  0.853853473
  71.4978  0.854268955
  71.5737  0.854683238
  71.6496  0.855096327
  71.7255  0.855508224
  71.8014  0.85591893
  71.8773  0.856328449
  71.9532  0.856736782
  72.0291  0.857143934
  72.105  0.857549905
  72.1809  0.857954699
  72.2568  0.858358318
  72.3327  0.858760765
  72.4086  0.859162042
  72.4845  0.859562153
  72.5604  0.859961098
  72.6363  0.860358881
  72.7122  0.860755505
  72.7881  0.861150973
  72.864  0.861545285
  72.9399  0.861938446
  73.0158  0.862330458
  73.0917  0.862721324
  73.1676  0.863111045
  73.2435  0.863499625
  73.3194  0.863887066
  73.3953  0.864273371
  73.4712  0.864658543
  73.5471  0.865042583
  73.623  0.865425495
  73.6989  0.865807282
  73.7748  0.866187945
  73.8507  0.866567487
  73.9266  0.866945912
  74.0025  0.867323222
  74.0784  0.867699418
  74.1543  0.868074505
  74.2302  0.868448484
  74.3061  0.868821358
  74.382  0.86919313
  74.4579  0.869563803
  74.5338  0.869933379
  74.6097  0.87030186
  74.6856  0.870669249
  74.7615  0.87103555
  74.8374  0.871400764
  74.9133  0.871764894
  74.9892  0.872127943
  75.0651  0.872489914
  75.141  0.872850808
  75.2169  0.87321063
  75.2928  0.873569381
  75.3687  0.873927063
  75.4446  0.874283681
  75.5205  0.874639235
  75.5964  0.87499373
  75.6723  0.875347167
  75.7482  0.87569955
  75.8241  0.87605088
  75.9  0.876401161
 -999 -999
 -41. -0.72
  0.  0.24813759
  0.0702  0.248138461
  0.1404  0.248141073
  0.2106  0.248145426
  0.2808  0.24815152
  0.351  0.248159355
  0.4212  0.248168932
  0.4914  0.24818025
  0.5616  0.248193309
  0.6318  0.24820811
  0.702  0.248224652
  0.7722  0.248242935
  0.8424  0.24826296
  0.9126  0.248284727
  0.9828  0.248308235
  1.053  0.248333485
  1.1232  0.248360477
  1.1934  0.24838921
  1.2636  0.248419686
  1.3338  0.248451903
  1.404  0.248485863
  1.4742  0.248521565
  1.5444  0.248559009
  1.6146  0.248598195
  1.6848  0.248639125
  1.755  0.248681796
  1.8252  0.248726211
  1.8954  0.248772369
  1.9656  0.248820269
  2.0358  0.248869913
  2.106  0.2489213
  2.1762  0.248974431
  2.2464  0.249029305
  2.3166  0.249085924
  2.3868  0.249144286
  2.457  0.249204392
  2.5272  0.249266243
  2.5974  0.249329838
  2.6676  0.249395178
  2.7378  0.249462262
  2.808  0.249531092
  2.8782  0.249601667
  2.9484  0.249673988
  3.0186  0.249748054
  3.0888  0.249823866
  3.159  0.249901424
  3.2292  0.249980729
  3.2994  0.25006178
  3.3696  0.250144578
  3.4398  0.250229123
  3.51  0.250315415
  3.5802  0.250403455
  3.6504  0.250493242
  3.7206  0.250584777
  3.7908  0.250678061
  3.861  0.250773093
  3.9312  0.250869874
  4.0014  0.250968404
  4.0716  0.251068683
  4.1418  0.251170712
  4.212  0.251274491
  4.2822  0.25138002
  4.3524  0.251487299
  4.4226  0.251596329
  4.4928  0.25170711
  4.563  0.251819642
  4.6332  0.251933926
  4.7034  0.252049962
  4.7736  0.252167751
  4.8438  0.252287291
  4.914  0.252408585
  4.9842  0.252531632
  5.0544  0.252656432
  5.1246  0.252782986
  5.1948  0.252911295
  5.265  0.253041357
  5.3352  0.253173175
  5.4054  0.253306748
  5.4756  0.253442076
  5.5458  0.25357916
  5.616  0.253718001
  5.6862  0.253858598
  5.7564  0.254000952
  5.8266  0.254145063
  5.8968  0.254290932
  5.967  0.254438559
  6.0372  0.254587944
  6.1074  0.254739088
  6.1776  0.254891991
  6.2478  0.255046654
  6.318  0.255203076
  6.3882  0.255361259
  6.4584  0.255521202
  6.5286  0.255682907
  6.5988  0.255846372
  6.669  0.2560116
  6.7392  0.256178589
  6.8094  0.256347342
  6.8796  0.256517857
  6.9498  0.256690135
  7.02  0.256864177
  7.0902  0.257039984
  7.1604  0.257217554
  7.2306  0.25739689
  7.3008  0.257577991
  7.371  0.257760858
  7.4412  0.257945491
  7.5114  0.25813189
  7.5816  0.258320056
  7.6518  0.25850999
  7.722  0.258701691
  7.7922  0.258895161
  7.8624  0.259090399
  7.9326  0.259287406
  8.0028  0.259486183
  8.073  0.259686729
  8.1432  0.259889046
  8.2134  0.260093133
  8.2836  0.260298991
  8.3538  0.260506621
  8.424  0.260716022
  8.4942  0.260927196
  8.5644  0.261140142
  8.6346  0.261354862
  8.7048  0.261571355
  8.775  0.261789622
  8.8452  0.262009663
  8.9154  0.262231479
  8.9856  0.26245507
  9.0558  0.262680437
  9.126  0.26290758
  9.1962  0.263136499
  9.2664  0.263367194
  9.3366  0.263599667
  9.4068  0.263833918
  9.477  0.264069947
  9.5472  0.264307754
  9.6174  0.264547339
  9.6876  0.264788704
  9.7578  0.265031849
  9.828  0.265276773
  9.8982  0.265523478
  9.9684  0.265771964
  10.0386  0.266022231
  10.1088  0.266274279
  10.179  0.26652811
  10.2492  0.266783722
  10.3194  0.267041117
  10.3896  0.267300296
  10.4598  0.267561258
  10.53  0.267824003
  10.6002  0.268088533
  10.6704  0.268354847
  10.7406  0.268622946
  10.8108  0.268892831
  10.881  0.269164501
  10.9512  0.269437957
  11.0214  0.269713199
  11.0916  0.269990228
  11.1618  0.270269044
  11.232  0.270549648
  11.3022  0.270832039
  11.3724  0.271116218
  11.4426  0.271402185
  11.5128  0.271689941
  11.583  0.271979486
  11.6532  0.27227082
  11.7234  0.272563944
  11.7936  0.272858858
  11.8638  0.273155562
  11.934  0.273454056
  12.0042  0.273754341
  12.0744  0.274056417
  12.1446  0.274360285
  12.2148  0.274665944
  12.285  0.274973394
  12.3552  0.275282637
  12.4254  0.275593673
  12.4956  0.2759065
  12.5658  0.276221121
  12.636  0.276537535
  12.7062  0.276855742
  12.7764  0.277175743
  12.8466  0.277497537
  12.9168  0.277821125
  12.987  0.278146508
  13.0572  0.278473684
  13.1274  0.278802656
  13.1976  0.279133422
  13.2678  0.279465982
  13.338  0.279800338
  13.4082  0.280136489
  13.4784  0.280474436
  13.5486  0.280814177
  13.6188  0.281155715
  13.689  0.281499048
  13.7592  0.281844177
  13.8294  0.282191102
  13.8996  0.282539823
  13.9698  0.28289034
  14.04  0.283242653
  14.1102  0.283596763
  14.1804  0.283952669
  14.2506  0.284310371
  14.3208  0.28466987
  14.391  0.285031165
  14.4612  0.285394257
  14.5314  0.285759145
  14.6016  0.28612583
  14.6718  0.286494311
  14.742  0.286864589
  14.8122  0.287236663
  14.8824  0.287610534
  14.9526  0.2879862
  15.0228  0.288363664
  15.093  0.288742923
  15.1632  0.289123979
  15.2334  0.289506831
  15.3036  0.289891478
  15.3738  0.290277922
  15.444  0.290666161
  15.5142  0.291056196
  15.5844  0.291448026
  15.6546  0.291841651
  15.7248  0.292237072
  15.795  0.292634287
  15.8652  0.293033297
  15.9354  0.293434102
  16.0056  0.293836701
  16.0758  0.294241093
  16.146  0.29464728
  16.2162  0.29505526
  16.2864  0.295465033
  16.3566  0.295876599
  16.4268  0.296289958
  16.497  0.296705109
  16.5672  0.297122051
  16.6374  0.297540786
  16.7076  0.297961312
  16.7778  0.298383628
  16.848  0.298807735
  16.9182  0.299233632
  16.9884  0.299661318
  17.0586  0.300090794
  17.1288  0.300522058
  17.199  0.300955111
  17.2692  0.301389951
  17.3394  0.301826579
  17.4096  0.302264993
  17.4798  0.302705194
  17.55  0.30314718
  17.6202  0.303590951
  17.6904  0.304036507
  17.7606  0.304483847
  17.8308  0.304932969
  17.901  0.305383875
  17.9712  0.305836563
  18.0414  0.306291031
  18.1116  0.306747281
  18.1818  0.30720531
  18.252  0.307665119
  18.3222  0.308126706
  18.3924  0.308590071
  18.4626  0.309055213
  18.5328  0.309522131
  18.603  0.309990824
  18.6732  0.310461292
  18.7434  0.310933533
  18.8136  0.311407547
  18.8838  0.311883334
  18.954  0.312360891
  19.0242  0.312840218
  19.0944  0.313321314
  19.1646  0.313804179
  19.2348  0.31428881
  19.305  0.314775208
  19.3752  0.315263371
  19.4454  0.315753298
  19.5156  0.316244988
  19.5858  0.31673844
  19.656  0.317233653
  19.7262  0.317730626
  19.7964  0.318229357
  19.8666  0.318729846
  19.9368  0.319232091
  20.007  0.31973609
  20.0772  0.320241844
  20.1474  0.32074935
  20.2176  0.321258607
  20.2878  0.321769614
  20.358  0.32228237
  20.4282  0.322796873
  20.4984  0.323313122
  20.5686  0.323831116
  20.6388  0.324350852
  20.709  0.32487233
  20.7792  0.325395549
  20.8494  0.325920506
  20.9196  0.3264472
  20.9898  0.32697563
  21.06  0.327505794
  21.1302  0.328037691
  21.2004  0.328571318
  21.2706  0.329106675
  21.3408  0.32964376
  21.411  0.33018257
  21.4812  0.330723105
  21.5514  0.331265363
  21.6216  0.331809341
  21.6918  0.332355038
  21.762  0.332902453
  21.8322  0.333451583
  21.9024  0.334002427
  21.9726  0.334554982
  22.0428  0.335109248
  22.113  0.335665221
  22.1832  0.3362229
  22.2534  0.336782283
  22.3236  0.337343368
  22.3938  0.337906154
  22.464  0.338470637
  22.5342  0.339036815
  22.6044  0.339604688
  22.6746  0.340174252
  22.7448  0.340745506
  22.815  0.341318447
  22.8852  0.341893073
  22.9554  0.342469381
  23.0256  0.343047371
  23.0958  0.343627038
  23.166  0.344208382
  23.2362  0.344791399
  23.3064  0.345376087
  23.3766  0.345962444
  23.4468  0.346550467
  23.517  0.347140154
  23.5872  0.347731503
  23.6574  0.34832451
  23.7276  0.348919174
  23.7978  0.349515491
  23.868  0.35011346
  23.9382  0.350713077
  24.0084  0.35131434
  24.0786  0.351917246
  24.1488  0.352521793
  24.219  0.353127977
  24.2892  0.353735796
  24.3594  0.354345248
  24.4296  0.354956328
  24.4998  0.355569035
  24.57  0.356183366
  24.6402  0.356799317
  24.7104  0.357416886
  24.7806  0.358036069
  24.8508  0.358656865
  24.921  0.359279268
  24.9912  0.359903277
  25.0614  0.360528889
  25.1316  0.3611561
  25.2018  0.361784907
  25.272  0.362415307
  25.3422  0.363047297
  25.4124  0.363680873
  25.4826  0.364316032
  25.5528  0.364952771
  25.623  0.365591086
  25.6932  0.366230975
  25.7634  0.366872433
  25.8336  0.367515458
  25.9038  0.368160045
  25.974  0.368806192
  26.0442  0.369453894
  26.1144  0.370103148
  26.1846  0.370753951
  26.2548  0.371406299
  26.325  0.372060189
  26.3952  0.372715615
  26.4654  0.373372576
  26.5356  0.374031067
  26.6058  0.374691084
  26.676  0.375352623
  26.7462  0.376015681
  26.8164  0.376680254
  26.8866  0.377346338
  26.9568  0.378013928
  27.027  0.378683022
  27.0972  0.379353614
  27.1674  0.380025702
  27.2376  0.38069928
  27.3078  0.381374344
  27.378  0.382050892
  27.4482  0.382728917
  27.5184  0.383408417
  27.5886  0.384089386
  27.6588  0.384771822
  27.729  0.385455718
  27.7992  0.386141072
  27.8694  0.386827878
  27.9396  0.387516133
  28.0098  0.388205831
  28.08  0.388896969
  28.1502  0.389589542
  28.2204  0.390283544
  28.2906  0.390978973
  28.3608  0.391675823
  28.431  0.392374089
  28.5012  0.393073768
  28.5714  0.393774853
  28.6416  0.394477341
  28.7118  0.395181227
  28.782  0.395886506
  28.8522  0.396593173
  28.9224  0.397301223
  28.9926  0.398010652
  29.0628  0.398721454
  29.133  0.399433624
  29.2032  0.400147158
  29.2734  0.400862051
  29.3436  0.401578297
  29.4138  0.402295892
  29.484  0.40301483
  29.5542  0.403735106
  29.6244  0.404456716
  29.6946  0.405179653
  29.7648  0.405903912
  29.835  0.406629489
  29.9052  0.407356378
  29.9754  0.408084574
  30.0456  0.408814071
  30.1158  0.409544863
  30.186  0.410276947
  30.2562  0.411010315
  30.3264  0.411744963
  30.3966  0.412480885
  30.4668  0.413218075
  30.537  0.413956529
  30.6072  0.414696239
  30.6774  0.415437201
  30.7476  0.41617941
  30.8178  0.416922858
  30.888  0.417667541
  30.9582  0.418413453
  31.0284  0.419160587
  31.0986  0.419908939
  31.1688  0.420658502
  31.239  0.42140927
  31.3092  0.422161238
  31.3794  0.422914399
  31.4496  0.423668748
  31.5198  0.424424278
  31.59  0.425180984
  31.6602  0.425938859
  31.7304  0.426697897
  31.8006  0.427458092
  31.8708  0.428219438
  31.941  0.428981929
  32.0112  0.429745559
  32.0814  0.430510321
  32.1516  0.431276209
  32.2218  0.432043216
  32.292  0.432811337
  32.3622  0.433580565
  32.4324  0.434350894
  32.5026  0.435122317
  32.5728  0.435894827
  32.643  0.436668419
  32.7132  0.437443085
  32.7834  0.43821882
  32.8536  0.438995616
  32.9238  0.439773467
  32.994  0.440552367
  33.0642  0.441332308
  33.1344  0.442113285
  33.2046  0.442895289
  33.2748  0.443678316
  33.345  0.444462357
  33.4152  0.445247407
  33.4854  0.446033458
  33.5556  0.446820503
  33.6258  0.447608536
  33.696  0.448397549
  33.7662  0.449187537
  33.8364  0.449978491
  33.9066  0.450770405
  33.9768  0.451563272
  34.047  0.452357085
  34.1172  0.453151837
  34.1874  0.453947521
  34.2576  0.454744129
  34.3278  0.455541655
  34.398  0.456340091
  34.4682  0.457139431
  34.5384  0.457939667
  34.6086  0.458740791
  34.6788  0.459542797
  34.749  0.460345678
  34.8192  0.461149426
  34.8894  0.461954033
  34.9596  0.462759493
  35.0298  0.463565799
  35.1  0.464372942
  35.1702  0.465180915
  35.2404  0.465989711
  35.3106  0.466799323
  35.3808  0.467609743
  35.451  0.468420964
  35.5212  0.469232977
  35.5914  0.470045777
  35.6616  0.470859354
  35.7318  0.471673702
  35.802  0.472488812
  35.8722  0.473304678
  35.9424  0.474121292
  36.0126  0.474938646
  36.0828  0.475756732
  36.153  0.476575543
  36.2232  0.477395071
  36.2934  0.478215308
  36.3636  0.479036247
  36.4338  0.479857879
  36.504  0.480680198
  36.5742  0.481503195
  36.6444  0.482326863
  36.7146  0.483151193
  36.7848  0.483976178
  36.855  0.48480181
  36.9252  0.485628081
  36.9954  0.486454984
  37.0656  0.48728251
  37.1358  0.488110651
  37.206  0.4889394
  37.2762  0.489768748
  37.3464  0.490598688
  37.4166  0.491429212
  37.4868  0.492260311
  37.557  0.493091978
  37.6272  0.493924204
  37.6974  0.494756983
  37.7676  0.495590305
  37.8378  0.496424162
  37.908  0.497258547
  37.9782  0.498093451
  38.0484  0.498928867
  38.1186  0.499764786
  38.1888  0.5006012
  38.259  0.501438101
  38.3292  0.502275481
  38.3994  0.503113331
  38.4696  0.503951644
  38.5398  0.504790412
  38.61  0.505629626
  38.6802  0.506469278
  38.7504  0.50730936
  38.8206  0.508149864
  38.8908  0.508990781
  38.961  0.509832103
  39.0312  0.510673822
  39.1014  0.511515931
  39.1716  0.51235842
  39.2418  0.513201281
  39.312  0.514044506
  39.3822  0.514888088
  39.4524  0.515732017
  39.5226  0.516576285
  39.5928  0.517420884
  39.663  0.518265806
  39.7332  0.519111043
  39.8034  0.519956586
  39.8736  0.520802427
  39.9438  0.521648557
  40.014  0.522494969
  40.0842  0.523341654
  40.1544  0.524188603
  40.2246  0.52503581
  40.2948  0.525883264
  40.365  0.526730958
  40.4352  0.527578884
  40.5054  0.528427033
  40.5756  0.529275397
  40.6458  0.530123967
  40.716  0.530972736
  40.7862  0.531821694
  40.8564  0.532670835
  40.9266  0.533520148
  40.9968  0.534369627
  41.067  0.535219263
  41.1372  0.536069047
  41.2074  0.536918971
  41.2776  0.537769026
  41.3478  0.538619206
  41.418  0.5394695
  41.4882  0.540319902
  41.5584  0.541170402
  41.6286  0.542020992
  41.6988  0.542871664
  41.769  0.543722411
  41.8392  0.544573222
  41.9094  0.545424091
  41.9796  0.546275009
  42.0498  0.547125967
  42.12  0.547976958
  42.1902  0.548827973
  42.2604  0.549679004
  42.3306  0.550530042
  42.4008  0.55138108
  42.471  0.55223211
  42.5412  0.553083122
  42.6114  0.553934109
  42.6816  0.554785062
  42.7518  0.555635974
  42.822  0.556486837
  42.8922  0.557337641
  42.9624  0.558188379
  43.0326  0.559039043
  43.1028  0.559889624
  43.173  0.560740115
  43.2432  0.561590507
  43.3134  0.562440793
  43.3836  0.563290963
  43.4538  0.56414101
  43.524  0.564990927
  43.5942  0.565840704
  43.6644  0.566690334
  43.7346  0.567539809
  43.8048  0.56838912
  43.875  0.569238261
  43.9452  0.570087222
  44.0154  0.570935995
  44.0856  0.571784574
  44.1558  0.572632949
  44.226  0.573481113
  44.2962  0.574329058
  44.3664  0.575176775
  44.4366  0.576024258
  44.5068  0.576871498
  44.577  0.577718488
  44.6472  0.578565219
  44.7174  0.579411683
  44.7876  0.580257874
  44.8578  0.581103782
  44.928  0.581949401
  44.9982  0.582794722
  45.0684  0.583639737
  45.1386  0.58448444
  45.2088  0.585328822
  45.279  0.586172875
  45.3492  0.587016593
  45.4194  0.587859966
  45.4896  0.588702988
  45.5598  0.589545651
  45.63  0.590387948
  45.7002  0.59122987
  45.7704  0.592071411
  45.8406  0.592912562
  45.9108  0.593753316
  45.981  0.594593666
  46.0512  0.595433604
  46.1214  0.596273123
  46.1916  0.597112215
  46.2618  0.597950873
  46.332  0.59878909
  46.4022  0.599626858
  46.4724  0.600464169
  46.5426  0.601301018
  46.6128  0.602137395
  46.683  0.602973294
  46.7532  0.603808708
  46.8234  0.60464363
  46.8936  0.605478051
  46.9638  0.606311966
  47.034  0.607145367
  47.1042  0.607978246
  47.1744  0.608810597
  47.2446  0.609642413
  47.3148  0.610473687
  47.385  0.611304411
  47.4552  0.612134578
  47.5254  0.612964183
  47.5956  0.613793216
  47.6658  0.614621673
  47.736  0.615449546
  47.8062  0.616276827
  47.8764  0.617103511
  47.9466  0.617929589
  48.0168  0.618755057
  48.087  0.619579906
  48.1572  0.620404131
  48.2274  0.621227723
  48.2976  0.622050678
  48.3678  0.622872987
  48.438  0.623694645
  48.5082  0.624515645
  48.5784  0.62533598
  48.6486  0.626155644
  48.7188  0.62697463
  48.789  0.627792932
  48.8592  0.628610543
  48.9294  0.629427458
  48.9996  0.630243669
  49.0698  0.63105917
  49.14  0.631873955
  49.2102  0.632688018
  49.2804  0.633501352
  49.3506  0.634313951
  49.4208  0.635125809
  49.491  0.63593692
  49.5612  0.636747278
  49.6314  0.637556876
  49.7016  0.638365709
  49.7718  0.63917377
  49.842  0.639981054
  49.9122  0.640787554
  49.9824  0.641593265
  50.0526  0.64239818
  50.1228  0.643202294
  50.193  0.644005601
  50.2632  0.644808095
  50.3334  0.645609771
  50.4036  0.646410622
  50.4738  0.647210643
  50.544  0.648009828
  50.6142  0.648808171
  50.6844  0.649605667
  50.7546  0.650402311
  50.8248  0.651198096
  50.895  0.651993018
  50.9652  0.652787071
  51.0354  0.653580248
  51.1056  0.654372546
  51.1758  0.655163958
  51.246  0.65595448
  51.3162  0.656744105
  51.3864  0.657532829
  51.4566  0.658320646
  51.5268  0.659107551
  51.597  0.65989354
  51.6672  0.660678606
  51.7374  0.661462744
  51.8076  0.662245951
  51.8778  0.66302822
  51.948  0.663809547
  52.0182  0.664589926
  52.0884  0.665369353
  52.1586  0.666147823
  52.2288  0.66692533
  52.299  0.667701871
  52.3692  0.66847744
  52.4394  0.669252033
  52.5096  0.670025644
  52.5798  0.67079827
  52.65  0.671569905
  52.7202  0.672340545
  52.7904  0.673110185
  52.8606  0.673878821
  52.9308  0.674646449
  53.001  0.675413063
  53.0712  0.676178659
  53.1414  0.676943233
  53.2116  0.677706781
  53.2818  0.678469298
  53.352  0.67923078
  53.4222  0.679991223
  53.4924  0.680750622
  53.5626  0.681508973
  53.6328  0.682266272
  53.703  0.683022515
  53.7732  0.683777698
  53.8434  0.684531817
  53.9136  0.685284868
  53.9838  0.686036847
  54.054  0.686787749
  54.1242  0.687537572
  54.1944  0.68828631
  54.2646  0.689033961
  54.3348  0.68978052
  54.405  0.690525984
  54.4752  0.691270349
  54.5454  0.692013611
  54.6156  0.692755767
  54.6858  0.693496813
  54.756  0.694236746
  54.8262  0.694975561
  54.8964  0.695713256
  54.9666  0.696449826
  55.0368  0.697185269
  55.107  0.697919581
  55.1772  0.698652759
  55.2474  0.699384798
  55.3176  0.700115697
  55.3878  0.700845452
  55.458  0.701574059
  55.5282  0.702301516
  55.5984  0.703027819
  55.6686  0.703752964
  55.7388  0.70447695
  55.809  0.705199773
  55.8792  0.705921429
  55.9494  0.706641917
  56.0196  0.707361232
  56.0898  0.708079372
  56.16  0.708796335
  56.2302  0.709512116
  56.3004  0.710226715
  56.3706  0.710940127
  56.4408  0.711652349
  56.511  0.712363381
  56.5812  0.713073217
  56.6514  0.713781857
  56.7216  0.714489297
  56.7918  0.715195535
  56.862  0.715900568
  56.9322  0.716604393
  57.0024  0.717307009
  57.0726  0.718008413
  57.1428  0.718708602
  57.213  0.719407575
  57.2832  0.720105328
  57.3534  0.720801859
  57.4236  0.721497167
  57.4938  0.722191248
  57.564  0.722884101
  57.6342  0.723575724
  57.7044  0.724266114
  57.7746  0.72495527
  57.8448  0.725643189
  57.915  0.726329869
  57.9852  0.727015308
  58.0554  0.727699505
  58.1256  0.728382457
  58.1958  0.729064162
  58.266  0.729744619
  58.3362  0.730423826
  58.4064  0.73110178
  58.4766  0.731778481
  58.5468  0.732453926
  58.617  0.733128114
  58.6872  0.733801042
  58.7574  0.734472711
  58.8276  0.735143117
  58.8978  0.735812259
  58.968  0.736480135
  59.0382  0.737146745
  59.1084  0.737812087
  59.1786  0.738476158
  59.2488  0.739138959
  59.319  0.739800487
  59.3892  0.74046074
  59.4594  0.741119719
  59.5296  0.74177742
  59.5998  0.742433844
  59.67  0.743088989
  59.7402  0.743742853
  59.8104  0.744395436
  59.8806  0.745046736
  59.9508  0.745696752
  60.021  0.746345483
  60.0912  0.746992929
  60.1614  0.747639087
  60.2316  0.748283957
  60.3018  0.748927539
  60.372  0.74956983
  60.4422  0.75021083
  60.5124  0.750850539
  60.5826  0.751488955
  60.6528  0.752126078
  60.723  0.752761906
  60.7932  0.75339644
  60.8634  0.754029678
  60.9336  0.754661619
  61.0038  0.755292263
  61.074  0.755921609
  61.1442  0.756549657
  61.2144  0.757176406
  61.2846  0.757801855
  61.3548  0.758426004
  61.425  0.759048852
  61.4952  0.7596704
  61.5654  0.760290645
  61.6356  0.760909588
  61.7058  0.761527229
  61.776  0.762143567
  61.8462  0.762758602
  61.9164  0.763372333
  61.9866  0.76398476
  62.0568  0.764595883
  62.127  0.765205701
  62.1972  0.765814215
  62.2674  0.766421423
  62.3376  0.767027327
  62.4078  0.767631925
  62.478  0.768235218
  62.5482  0.768837206
  62.6184  0.769437888
  62.6886  0.770037264
  62.7588  0.770635335
  62.829  0.7712321
  62.8992  0.771827559
  62.9694  0.772421713
  63.0396  0.773014561
  63.1098  0.773606103
  63.18  0.774196341
  63.2502  0.774785273
  63.3204  0.7753729
  63.3906  0.775959222
  63.4608  0.776544239
  63.531  0.777127952
  63.6012  0.777710361
  63.6714  0.778291465
  63.7416  0.778871266
  63.8118  0.779449764
  63.882  0.780026959
  63.9522  0.780602851
  64.0224  0.781177441
  64.0926  0.781750729
  64.1628  0.782322716
  64.233  0.782893401
  64.3032  0.783462787
  64.3734  0.784030872
  64.4436  0.784597657
  64.5138  0.785163144
  64.584  0.785727332
  64.6542  0.786290223
  64.7244  0.786851816
  64.7946  0.787412113
  64.8648  0.787971113
  64.935  0.788528819
  65.0052  0.789085229
  65.0754  0.789640346
  65.1456  0.790194169
  65.2158  0.7907467
  65.286  0.79129794
  65.3562  0.791847888
  65.4264  0.792396546
  65.4966  0.792943914
  65.5668  0.793489994
  65.637  0.794034786
  65.7072  0.794578292
  65.7774  0.795120511
  65.8476  0.795661446
  65.9178  0.796201096
  65.988  0.796739463
  66.0582  0.797276548
  66.1284  0.797812352
  66.1986  0.798346875
  66.2688  0.798880119
  66.339  0.799412085
  66.4092  0.799942774
  66.4794  0.800472186
  66.5496  0.801000323
  66.6198  0.801527187
  66.69  0.802052777
  66.7602  0.802577096
  66.8304  0.803100145
  66.9006  0.803621923
  66.9708  0.804142434
  67.041  0.804661677
  67.1112  0.805179655
  67.1814  0.805696368
  67.2516  0.806211818
  67.3218  0.806726005
  67.392  0.807238932
  67.4622  0.807750599
  67.5324  0.808261007
  67.6026  0.808770159
  67.6728  0.809278055
  67.743  0.809784697
  67.8132  0.810290085
  67.8834  0.810794223
  67.9536  0.811297109
  68.0238  0.811798747
  68.094  0.812299138
  68.1642  0.812798283
  68.2344  0.813296183
  68.3046  0.81379284
  68.3748  0.814288255
  68.445  0.814782431
  68.5152  0.815275367
  68.5854  0.815767066
  68.6556  0.81625753
  68.7258  0.81674676
  68.796  0.817234757
  68.8662  0.817721523
  68.9364  0.818207059
  69.0066  0.818691368
  69.0768  0.819174451
  69.147  0.819656308
  69.2172  0.820136943
  69.2874  0.820616356
  69.3576  0.821094549
  69.4278  0.821571525
  69.498  0.822047283
  69.5682  0.822521827
  69.6384  0.822995158
  69.7086  0.823467277
  69.7788  0.823938186
  69.849  0.824407888
  69.9192  0.824876383
  69.9894  0.825343673
  70.0596  0.825809761
  70.1298  0.826274647
  70.2  0.826738334
 -999 -999
