#Name          MBHm   min  plus MBHSG   min  plus  MBHL   min  plus    DMBH     min    plus     CMBH      min     plus BoNDI   min   plus      EDD      min     plus
#             10^9M   ---   --- 10^9M   ---   --- 10^9M   ---   ---    Msun     ---     ---  Msun/yr      ---      ---   ---   ---    ---      ---      ---      --- 
2A_0335+096	0.0   0.0   0.0   0.0   0.0   0.0   0.5   0.2   0.3   2.2E5   0.6E5   2.0E5   3.8E-3   1.1E-3   3.7E-3    36    26    137   3.6E-4   1.9E-4   7.1E-4
3C_388		0.0   0.0   0.0   1.5   0.7   1.2   0.6   0.2   0.3   1.1E6   0.4E6   1.5E6   3.1E-2   1.2E-2   4.4E-2   960   810   7750   1.0E-3   0.7E-3   3.4E-3
3C_401		0.0   0.0   0.0   0.0   0.0   0.0   0.0   0.0   0.0   2.2E6   1.4E6   3.9E6   1.0E-1   0.7E-1   1.9E-1   0.0   0.0    0.0   0.0E-0   0.0E-0   0.0E-0
4C_55.16	0.0   0.0   0.0   0.0   0.0   0.0   0.5   0.2   0.3   2.4E6   0.9E6   2.5E6   6.7E-2   2.5E-2   7.0E-2  1200   900   5600   6.5E-3   4.0E-3  15.0E-3
ABELL_0085	0.0   0.0   0.0   1.1   0.4   0.6   1.0   0.4   0.6   2.5E5   0.7E5   2.5E5   5.9E-3   1.7E-3   5.9E-3    12     9     52   2.6E-4   1.4E-4   5.2E-4
ABELL_0133	0.0   0.0   0.0   0.0   0.0   0.0   0.7   0.3   0.4   5.0E6   0.2E6   2.1E6   9.8E-2   0.4E-2   4.2E-2  1000   670   3300   7.3E-3   2.9E-3   9.2E-3
ABELL_0262	0.0   0.0   0.0   0.4   0.1   0.2   0.3   0.1   0.1   2.5E4   0.7E4   2.0E4   1.5E-3   0.4E-3   1.2E-3    14     9     41   2.1E-4   1.0E-4   3.2E-4
ABELL_0426	0.0   0.0   0.0   0.3   0.1   0.1   0.6   0.2   0.3   3.8E6   1.0E6   3.9E6   2.4E-2   0.5E-2   1.5E-2  1400   900   4200   3.9E-3   1.7E-3   5.2E-3
ABELL_0478	0.0   0.0   0.0   0.0   0.0   0.0   0.9   0.4   0.6   3.0E5   0.7E5   2.3E5   1.6E-2   0.4E-2   1.2E-2    41    32    206   9.0E-4   4.8E-4  17.0E-4
ABELL_1068	0.0   0.0   0.0   0.0   0.0   0.0   1.0   0.4   0.6   0.0E0   0.0E0   0.0E0 0.003E-0   0.0E-0   0.0E-0   6.4   4.3     18   1.6E-4   0.6E-4   1.0E-4
ABELL_1795	0.0   0.0   0.0   0.6   0.2   0.3   0.8   0.3   0.5   9.4E5   3.1E5  13.0E5   2.6E-2   0.9E-2   3.6E-2   390   300   2660   2.0E-3   1.1E-3   5.2E-3
ABELL_1835	0.0   0.0   0.0   0.0   0.0   0.0   1.9   0.9   1.6   9.5E6   3.3E6  10.0E6   2.8E-1   1.0E-1   3.0E-1   520   430   3570   7.3E-3   4.7E-3  20.0E-3
ABELL_2029	0.0   0.0   0.0   1.5   0.5   0.8   2.1   0.9   1.6   9.6E5   0.3E5   5.4E5   1.4E-2   0.1E-2   0.8E-2   7.0   4.7     26   4.4E-4   1.7E-4   6.3E-4
ABELL_2052	0.0   0.0   0.0   0.4   0.1   0.2   0.6   0.2   0.3   3.6E5   1.5E5   4.5E5   2.3E-2   1.1E-2   3.1E-2   510   420   2710   3.1E-3   1.9E-3   7.6E-3
ABELL_2199	0.0   0.0   0.0   0.7   0.2   0.3   0.7   0.2   0.4   1.5E6   0.3E6   1.3E6   4.3E-2   1.0E-2   3.9E-2   260   170    860   3.1E-3   1.3E-3   4.9E-3
ABELL_2597	0.0   0.0   0.0   0.2   0.1   0.1   0.3   0.1   0.1   7.2E5   3.0E5   9.3E5   1.1E-2   0.5E-2   1.4E-2   640   540   4100   2.6E-3   1.7E-3   7.1E-3
ABELL_4059	0.0   0.0   0.0   0.7   0.4   1.0   1.0   0.4   0.6   6.1E5   1.7E5   5.2E5   1.5E-2   0.6E-2   1.4E-2   450   410   5830   1.2E-3   0.9E-3   4.6E-3
CENTAURUS	0.0   0.0   0.0   0.4   0.1   0.1   0.3   0.1   0.1   1.2E4   0.3E4   1.0E4   1.2E-3   0.3E-3   0.9E-3   2.4   1.5    5.9   1.6E-4   0.7E-4   2.2E-4
CYGNUS_A	2.7   0.7   0.7   0.0   0.0   0.0   1.0   0.4   0.6   1.7E7   0.3E7   1.4E7   2.1E-1   0.4E-1   1.8E-1   210   120    630   3.6E-3   1.2E-3   5.2E-3
HCG_0062	0.0   0.0   0.0   0.0   0.0   0.0   0.2   0.1   0.1   9.3E3   5.5E3  15.0E3   6.1E-4   3.6E-4   9.7E-4    12    10     54   1.4E-4   1.0E-4   3.7E-4
HERCULES_A	0.0   0.0   0.0   0.0   0.0   0.0   0.7   0.3   0.5   6.3E6   1.7E6   8.1E6   5.0E-2   1.4E-2   6.4E-2  2100  1600  13100   3.3E-3   1.9E-3   9.2E-3
HYDRA_A		0.0   0.0   0.0   0.9   0.4   0.7   0.4   0.1   0.2   1.3E7   0.2E7   1.0E7   6.8E-2   0.9E-2   3.1E-2   210   170   1300   3.7E-3   1.8E-3   5.6E-3
MACS_J1423+2404	0.0   0.0   0.0   0.0   0.0   0.0   0.0   0.0   0.0   5.8E6   3.8E6  11.0E6   2.2E-1   1.4E-1   4.0E-1   0.0   0.0    0.0   0.0E-0   0.0E-0   0.0E-0
MKW3S		0.0   0.0   0.0   0.0   0.0   0.0   0.3   0.1   0.1   7.7E6   0.8E6   7.9E6   6.5E-2   0.7E-2   6.7E-2 12000  9000  98000   1.1E-2   0.4E-2   2.2E-2
MS_0735.6+7421	0.0   0.0   0.0   0.0   0.0   0.0   0.7   0.3   0.5   3.2E8   1.2E8   3.5E8   1.1E-0   0.4E-0   1.1E-0 18000 15000 103000   7.9E-2   5.0E-2  20.0E-2
PKS_0745-191	0.0   0.0   0.0   0.0   0.0   0.0   1.1   0.4   0.7   1.4E7   0.2E7   1.1E7   2.7E-1   0.4E-1   2.2E-1   630   490   3570   1.2E-2   0.6E-2   2.5E-2
PKS_1404-267	0.0   0.0   0.0   0.4   0.1   0.1   0.2   0.1   0.1   2.3E4   1.0E4   2.9E4   3.2E-3   1.5E-3   4.1E-3    72    53    266   4.3E-4   2.6E-4   9.2E-4
RBS_797		0.0   0.0   0.0   0.0   0.0   0.0   0.0   0.0   0.0   7.5E6   3.0E6  10.0E6   1.9E-1   0.9E-1   2.7E-1   0.0   0.0    0.0   0.0E-0   0.0E-0   0.0E-0
SERSIC_159-03	0.0   0.0   0.0   0.0   0.0   0.0   0.6   0.2   0.4   5.0E6   1.6E6   5.3E6   1.2E-1   0.4E-1   1.3E-1  1400  1100   8100   1.0E-2   0.6E-2   2.4E-2
ZWCL_2701	0.0   0.0   0.0   0.0   0.0   0.0   0.6   0.2   0.4   7.2E7   4.1E7  11.0E7   1.0E-0   0.4E-0   1.4E-0 62000 54000 453000   8.2E-2   6.0E-2  25.0E-2
ZWCL_3146	0.0   0.0   0.0   0.0   0.0   0.0   2.6   1.3   2.4   7.7E7   2.3E7   9.2E7   0.9E-0   0.2E-0   1.1E-0   370   300   3060   1.7E-2   1.0E-2   5.4E-2
