#Cluster                                          Obsid   Tmode    Rmin    Rmax   Ann             t0         t0_err           t100       t100_err      Power-law       Plaw_err          Chisq           Prob
2A_0335+096                                         919    flat    0.00    0.12    37        0.17912        0.00343        7.05909        0.12825        1.83843        0.01903        7.94159    0.00000E+00
ABELL_0085                                          904    flat    0.00    0.20    39        0.23057        0.01031        7.31224        0.09267        1.31304        0.01660        1.89526    2.99513E-04
ABELL_0119                                         4180    flat    0.00    0.20    23       11.52060        5.61562       18.25583        7.35490        0.91596        0.56730        0.00546    1.00000E+00
ABELL_0133                                         2203    flat    0.00    0.10    20        0.39702        0.01245       10.65485        0.29005        1.81549        0.03483        5.18885    0.00000E+00
ABELL_0262                                    7921_2215    flat    0.00    0.05    30        0.28819        0.01644       20.56458        0.86384        1.41080        0.03693        1.51258    1.73439E-02
ABELL_0399                                         3230    flat    0.00    0.20    31        5.72564        0.63784       13.25891        0.85747        0.87409        0.09219        0.29107    9.99405E-01
ABELL_0400                                         4181    flat    0.00    0.18    73       10.64855        0.53693        8.68397        0.73399        1.31160        0.13429        0.03731    1.00000E+00
ABELL_0401                                     518_2309    flat    0.00    0.40    60        6.25222        0.28464        4.51622        0.44311        1.58484        0.09190        0.22443    1.00000E+00
ABELL_0478                                    1669_6102    flat    0.00    0.40    49        0.22288        0.01607        4.51961        0.08570        1.36325        0.02292        0.44736    9.98504E-01
ABELL_0496                                         3361    flat    0.00    0.08    26        0.21726        0.01578        9.82553        0.49787        1.42897        0.04801        0.59474    8.46389E-01
ABELL_0576                                         3289    flat    0.00    0.08    21        4.36922        1.06032       17.30548        3.00581        1.59315        0.47475        0.17426    9.99470E-01
ABELL_0754                                          577    flat    0.00    0.30    58        8.80390        1.43103        7.82566        1.70982        1.26577        0.19751        0.24483    1.00000E+00
ABELL_1644                                    7922_2206    flat    0.00    0.05    11        0.55502        0.04979       36.96158        5.40357        1.82372        0.11002        0.07612    9.87591E-01
ABELL_1650                                         4178    flat    0.00    0.12    15        0.86358        0.23150        7.71679        0.49483        1.02865        0.14057        0.15696    9.93178E-01
ABELL_1651                                         4185    flat    0.00    0.20    27        2.22464        0.27428        6.70935        0.48477        1.13578        0.13181        0.99951    2.93629E-01
ABELL_1736                                         4186    flat    0.00    0.10    15        9.91102        3.26349       16.08377        4.16899        1.14389        0.76666        0.00713    1.00000E+00
ABELL_1795                                     493_5289    flat    0.00    0.30    53        0.55025        0.02375        5.75408        0.10661        1.56495        0.02677        0.64744    9.48555E-01
ABELL_2029                                4977_6101_891    flat    0.00    0.40    58        0.18102        0.00781        5.74664        0.06172        1.30673        0.01380        2.54182    0.00000E+00
ABELL_2052                                     5807_890    flat    0.00    0.10    29        0.30688        0.02760       11.07398        0.19411        1.62203        0.03064       13.74135    0.00000E+00
ABELL_2063                                    4187_6263    flat    0.00    0.18    52        1.84178        0.10439       10.15929        0.21219        1.28465        0.04095        0.89040    5.72063E-01
ABELL_2065                                        31821    flat    0.00    0.20    29        1.13006        0.27951       12.22353        0.60749        1.10974        0.09967        0.47226    9.65941E-01
ABELL_2142                               5005_1228_1196    flat    0.00    0.30    75        1.88091        0.07081        5.51335        0.15511        1.37501        0.03937        0.19331    1.00000E+00
ABELL_2147                                         3211    flat    0.00    0.20    57        8.29408        1.04715       13.76281        1.44809        0.87116        0.14586        0.68594    9.28617E-01
ABELL_2163                                         1653    flat    0.00    0.60    42       10.16917        1.95507        3.16066        1.41754        1.86965        0.28891        0.02939    1.00000E+00
ABELL_2199                                          497    flat    0.00    0.02     7        0.27766        0.02480       17.96535        4.81863        1.49677        0.13831        1.98818    4.80151E-03
ABELL_2204                                     6104_499    flat    0.00    0.12     9        0.25533        0.01354        6.65267        0.41178        2.08234        0.08515        2.46501    2.00516E-03
ABELL_2244                                         4179    flat    0.00    0.30    34        1.64744        0.12898        6.17470        0.23262        1.30057        0.04691        0.86165    5.34018E-01
ABELL_2255                                          894    flat    0.00    0.30    40       28.84003        2.20941        2.33811        2.11848        1.75492        0.82244        0.02614    1.00000E+00
ABELL_2589                                         3210    flat    0.00    0.10    25        1.79454        1.39115        8.19070        1.49964        0.83893        0.44471        0.05414    1.00000E+00
ABELL_2597                                          922    flat    0.00    0.06     8        0.28294        0.03108        4.34816        0.67738        1.55985        0.17330        0.95413    9.20582E-02
ABELL_2657                                         4941    flat    0.00    0.20    51        2.53656        0.50097       12.48547        0.87294        1.28151        0.12622        0.20673    1.00000E+00
ABELL_3112                                         2516    flat    0.00    0.12    18        0.26673        0.02869        8.51161        0.39362        1.52476        0.06165        0.18533    9.96908E-01
ABELL_3158                                    3201_3712    flat    0.00    0.40    72        6.36879        0.41218        6.98901        0.50991        1.13598        0.05635        0.43010    9.99967E-01
ABELL_3266                                          899    flat    0.00    0.08    15        0.86858        1.70719       19.10393        1.94140        0.62316        0.20592        0.03707    9.99982E-01
ABELL_3376                                    3202_3450    flat    0.00    0.30    67       20.25346        0.90775        8.74060        1.13863        1.57953        0.12857        0.12326    1.00000E+00
ABELL_3391                                         4943    flat    0.00    0.40    75       16.60718        1.13284        5.85379        1.29670        1.44254        0.17480        0.02142    1.00000E+00
ABELL_3395                                         4944    flat    0.00    0.12    24       15.17214        1.97793       10.91199        2.54508        1.94402        0.97071        0.00056    1.00000E+00
ABELL_3558                                         1646    flat    0.00    0.12    25        4.05746        0.86213        8.65963        1.05456        1.51124        0.42585        0.27315    9.97906E-01
ABELL_3562                                         4167    flat    0.00    0.12    26        2.67875        0.28304       12.19883        0.60502        0.98206        0.09402        2.62845    6.07967E-06
ABELL_3571                                         4203    flat    0.00    0.05    15        1.68592        0.18529        7.45787        0.79674        0.93378        0.14324        1.13000    1.38859E-01
ABELL_3581                                         1650    flat    0.00    0.10    46        0.33179        0.03492       12.17963        0.68335        1.55534        0.06213        0.49925    9.92739E-01
ABELL_3667                           5751_889_5752_5753    flat    0.00    0.30    56        9.15346        0.65390        6.31367        0.71660        1.22313        0.09329        0.31640    9.99997E-01
ABELL_4038                                         4992    flat    0.00    0.12    42        1.37270        0.03977        9.04959        0.23138        1.38375        0.04191        1.63767    2.86043E-03
ABELL_4059                                         5785    flat    0.00    0.15    33        0.30033        0.03073       11.52892        0.15778        1.15190        0.02278        1.08642    2.10843E-01
CENTAURUS              5310_4190_4191_4954_4955_504_505    flat    0.00    0.03    27        0.09212        0.00128       25.37462        0.48128        1.65219        0.00947       16.89923    0.00000E+00
EXO_0422-086                                       4183    flat    0.00    0.07    19        0.30162        0.01821       11.99946        0.80362        1.47094        0.05604        0.65217    6.58057E-01
HYDRA_A                                        4970_576    flat    0.00    0.30    57        0.35372        0.01657        7.21131        0.07339        1.36423        0.01381        3.01195    0.00000E+00
MKW3S                                               900    flat    0.00    0.20    46        0.85661        0.05386        9.15569        0.16336        1.39667        0.03384        0.70237    8.69520E-01
MKW_04                                             3234    flat    0.00    0.03    16        0.09022        0.00329       34.66932        2.55751        1.71165        0.03352        1.76211    1.10934E-02
MKW_08                                             4942    flat    0.00    0.05    19        5.46787        0.98471       26.63514        6.36090        1.13665        0.30423        0.02002    1.00000E+00
NGC_0507                                           2882    flat    0.00    0.05    61        0.05403        0.00540        9.50898        0.37176        0.94065        0.01137        1.03891    2.91422E-01
NGC_4636                                      4415_3926    flat    0.00    0.00    12        0.03795        0.00220    37409.70312    33752.67578        3.03307        0.21561        0.88987    2.37454E-01
NGC_5044                                      3225_3664    flat    0.00    0.03    66        0.07167        0.00903        7.11318        0.84710        1.24289        0.06502        0.74129    8.95320E-01
RBS_0461                                           4182    flat    0.00    0.20    70        5.36144        0.20852        9.09441        0.36353        1.62153        0.07164        0.05452    1.00000E+00
RBS_0533                            3186_3187_5800_5801    flat    0.00    0.05    44        0.04400        0.00089       17.97580        0.33335        1.33843        0.00768        3.66418    0.00000E+00
SERSIC_159-03                                      1668    flat    0.00    0.12    23        0.33633        0.01869        5.18109        0.19256        1.50615        0.05637        1.50887    2.50933E-02
ZWCL_1215                                          4184    flat    0.00    0.25    36        6.22088        2.38084        9.76435        2.96778        0.94684        0.29651        0.08905    1.00000E+00
