r,k,t,rho for c=6 and kc = 0.17
  0.000391048  6.70150e-05    0.0515225      21211.6
  0.000392473  6.82173e-05    0.0520564      20975.3
  0.000393908  6.82173e-05    0.0520373      20963.8
  0.000395361  6.88146e-05    0.0522910      20843.0
  0.000396830  6.94092e-05    0.0525424      20724.3
  0.000398318  7.00013e-05    0.0527913      20607.6
  0.000399830  7.11781e-05    0.0533019      20391.1
  0.000401360  7.17628e-05    0.0535441      20279.8
  0.000402908  7.23452e-05    0.0537841      20170.3
  0.000404473  7.29253e-05    0.0540217      20062.4
  0.000406063  7.40785e-05    0.0545115      19862.9
  0.000407663  7.40786e-05    0.0544902      19851.3
  0.000409281  7.46518e-05    0.0547217      19748.4
  0.000410916  7.52229e-05    0.0549507      19646.6
  0.000412570  7.57918e-05    0.0551780      19546.5
  0.000414241  7.63586e-05    0.0554034      19447.9
  0.000415937  7.74860e-05    0.0558706      19266.3
  0.000417658  7.86052e-05    0.0563304      19089.6
  0.000419396  7.91618e-05    0.0565468      18997.6
  0.000421160  8.02692e-05    0.0569967      18828.4
  0.000422934  8.02692e-05    0.0569730      18816.7
  0.000424726  8.08201e-05    0.0571836      18728.0
  0.000426542  8.19162e-05    0.0576238      18565.8
  0.000428384  8.30051e-05    0.0580574      18407.6
  0.000430243  8.35468e-05    0.0582601      18324.4
  0.000432120  8.40868e-05    0.0584609      18242.1
  0.000434022  8.51617e-05    0.0588832      18092.2
  0.000435934  8.51617e-05    0.0588581      18080.6
  0.000437872  8.62298e-05    0.0592746      17934.5
  0.000439834  8.72913e-05    0.0596852      17791.7
  0.000441813  8.78197e-05    0.0598752      17715.7
  0.000443818  8.88717e-05    0.0602782      17578.1
  0.000445847  8.99175e-05    0.0606760      17443.7
  0.000447894  9.04381e-05    0.0608597      17371.9
  0.000449965  9.14749e-05    0.0612502      17242.1
  0.000452054  9.19911e-05    0.0614303      17172.6
  0.000454168  9.30192e-05    0.0618130      17046.9
  0.000456299  9.35311e-05    0.0619888      16979.3
  0.000458461  9.50585e-05    0.0625658      16803.8
  0.000460641  9.55649e-05    0.0627369      16738.8
  0.000462839  9.60700e-05    0.0629065      16674.4
  0.000465060  9.70762e-05    0.0632721      16559.2
  0.000467306  9.80773e-05    0.0636333      16446.2
  0.000469584  9.95693e-05    0.0641825      16286.6
  0.000471878  0.000100064    0.0643434      16226.8
  0.000474190  0.000100558    0.0645035      16167.6
  0.000476533  0.000102032    0.0650379      16015.7
  0.000478893  0.000102520    0.0651933      15958.3
  0.000481277  0.000103495    0.0655332      15856.8
  0.000483692  0.000104948    0.0660522      15713.5
  0.000486130  0.000105911    0.0663830      15616.3
  0.000488579  0.000105911    0.0663505      15604.8
  0.000491059  0.000107347    0.0668562      15467.9
  0.000493562  0.000108299    0.0671782      15374.8
  0.000496095  0.000109720    0.0676718      15243.7
  0.000498652  0.000110662    0.0679864      15154.6
  0.000501226  0.000111132    0.0681254      15104.9
  0.000503831  0.000112534    0.0686051      14980.3
  0.000506458  0.000113465    0.0689098      14895.1
  0.000509115  0.000114853    0.0693793      14775.7
  0.000511789  0.000115314    0.0695106      14728.9
  0.000514487  0.000116233    0.0698070      14647.8
  0.000517214  0.000117605    0.0702642      14533.9
  0.000519964  0.000118515    0.0705538      14455.8
  0.000522743  0.000119873    0.0710010      14346.1
  0.000525546  0.000120775    0.0712835      14270.6
  0.000528378  0.000122121    0.0717214      14164.9
  0.000531232  0.000123014    0.0719981      14092.1
  0.000534115  0.000124348    0.0724272      13990.1
  0.000537022  0.000125233    0.0726978      13919.7
  0.000539957  0.000126555    0.0731187      13821.4
  0.000542914  0.000127433    0.0733834      13753.3
  0.000545894  0.000128307    0.0736456      13685.9
  0.000548903  0.000129614    0.0740547      13592.1
  0.000551946  0.000131345    0.0746066      13473.5
  0.000555011  0.000132207    0.0748597      13410.0
  0.000558105  0.000133494    0.0752550      13321.4
  0.000561227  0.000134774    0.0756465      13234.6
  0.000564377  0.000136049    0.0760339      13149.4
  0.000567554  0.000137318    0.0764166      13065.7
  0.000570760  0.000138581    0.0767952      12983.4
  0.000573987  0.000139420    0.0770315      12925.9
  0.000577248  0.000141090    0.0775405      12823.2
  0.000580530  0.000141921    0.0777709      12767.4
  0.000583846  0.000143577    0.0782702      12668.3
  0.000587195  0.000145223    0.0787631      12571.4
  0.000590565  0.000146042    0.0789855      12518.6
  0.000593962  0.000147267    0.0793376      12445.5
  0.000597392  0.000148893    0.0798167      12353.4
  0.000600849  0.000150106    0.0801605      12282.9
  0.000604339  0.000151716    0.0806290      12194.0
  0.000607860  0.000153318    0.0810925      12107.1
  0.000611403  0.000154115    0.0812984      12059.1
  0.000614978  0.000155704    0.0817532      11974.7
  0.000618579  0.000156891    0.0820788      11910.0
  0.000622212  0.000158466    0.0825245      11828.6
  0.000625877  0.000160034    0.0829649      11748.7
  0.000629574  0.000161593    0.0834008      11670.4
  0.000633296  0.000162758    0.0837123      11610.1
  0.000637050  0.000164305    0.0841392      11534.2
  0.000640835  0.000165845    0.0845612      11459.7
  0.000644656  0.000167759    0.0850954      11371.1
  0.000648503  0.000168902    0.0853919      11314.7
  0.000652381  0.000170421    0.0858008      11244.1
  0.000656294  0.000172310    0.0863188      11160.1
  0.000660228  0.000173063    0.0864934      11121.1
  0.000664198  0.000174937    0.0870022      11039.5
  0.000668203  0.000176801    0.0875047      10959.7
  0.000672238  0.000178286    0.0878915      10895.0
  0.000676308  0.000180133    0.0883829      10818.0
  0.000680408  0.000181604    0.0887609      10755.5
  0.000684539  0.000183069    0.0891355      10694.0
  0.000688699  0.000184528    0.0895062      10633.4
  0.000692898  0.000186706    0.0900835      10549.2
  0.000697127  0.000188151    0.0904452      10490.8
  0.000701391  0.000189949    0.0909064      10421.4
  0.000705688  0.000191739    0.0913629      10353.4
  0.000710020  0.000193520    0.0918146      10286.6
  0.000714385  0.000195294    0.0922613      10221.0
  0.000718784  0.000197059    0.0927030      10156.5
  0.000723222  0.000199167    0.0932380      10082.3
  0.000727692  0.000200915    0.0936693      10020.2
  0.000732196  0.000202656    0.0940960      9959.05
  0.000736734  0.000204389    0.0945181      9898.89
  0.000741304  0.000206115    0.0949360      9839.75
  0.000745912  0.000208177    0.0954440      9771.88
  0.000750552  0.000209887    0.0958525      9714.76
  0.000755230  0.000211931    0.0963494      9649.18
  0.000759945  0.000213964    0.0968409      9584.86
  0.000764696  0.000215988    0.0973270      9521.75
  0.000769480  0.000217667    0.0977177      9468.53
  0.000774300  0.000219674    0.0981939      9407.46
  0.000779157  0.000221671    0.0986646      9347.43
  0.000784055  0.000223990    0.0992183      9280.25
  0.000788988  0.000225969    0.0996781      9222.41
  0.000793958  0.000227938     0.100133      9165.56
  0.000798963  0.000229900     0.100583      9109.67
  0.000804008  0.000232177     0.101114      9047.07
  0.000809093  0.000234444     0.101638      8985.65
  0.000814213  0.000236378     0.102073      8932.64
  0.000819373  0.000238624     0.102586      8873.28
  0.000824567  0.000240541     0.103011      8822.06
  0.000829797  0.000242451     0.103432      8771.56
  0.000835074  0.000245301     0.104091      8701.59
  0.000840386  0.000247192     0.104501      8652.91
  0.000845740  0.000249702     0.105066      8592.00
  0.000851133  0.000251888     0.105546      8538.55
  0.000856564  0.000254065     0.106021      8486.03
  0.000862037  0.000256541     0.106568      8428.29
  0.000867549  0.000258698     0.107032      8377.55
  0.000873105  0.000261459     0.107643      8315.95
  0.000878700  0.000263595     0.108096      8267.00
  0.000884336  0.000266027     0.108619      8213.23
  0.000890009  0.000268145     0.109063      8165.89
  0.000895728  0.000270857     0.109648      8108.40
  0.000901487  0.000273256     0.110154      8057.36
  0.000907290  0.000275942     0.110726      8001.98
  0.000913131  0.000278022     0.111150      7957.81
  0.000919016  0.000280685     0.111710      7904.25
  0.000924944  0.000283336     0.112264      7851.62
  0.000930913  0.000285682     0.112742      7804.75
  0.000936929  0.000288601     0.113353      7749.23
  0.000942993  0.000291505     0.113956      7694.78
  0.000949099  0.000294106     0.114485      7645.87
  0.000955245  0.000296409     0.114942      7602.17
  0.000961437  0.000299275     0.115526      7550.45
  0.000967676  0.000302127     0.116103      7499.67
  0.000973957  0.000304683     0.116608      7453.95
  0.000980280  0.000307228     0.117109      7408.97
  0.000986653  0.000310324     0.117732      7356.71
  0.000993072  0.000313126     0.118284      7309.35
  0.000999535  0.000315915     0.118830      7262.79
   0.00100604  0.000318691     0.119370      7217.04
   0.00101260  0.000321732     0.119966      7168.33
   0.00101921  0.000324758     0.120555      7120.51
   0.00102586  0.000327770     0.121137      7073.56
   0.00103256  0.000330769     0.121713      7027.43
   0.00103931  0.000333483     0.122223      6985.46
   0.00104610  0.000336456     0.122786      6940.81
   0.00105294  0.000339416     0.123343      6896.92
   0.00105983  0.000342897     0.124010      6847.35
   0.00106678  0.000346095     0.124612      6801.88
   0.00107377  0.000349013     0.125149      6760.27
   0.00108081  0.000352447     0.125794      6713.31
   0.00108790  0.000355339     0.126320      6673.12
   0.00109504  0.000358742     0.126950      6627.73
   0.00110224  0.000362129     0.127574      6583.19
   0.00110948  0.000365501     0.128190      6539.45
   0.00111678  0.000368599     0.128745      6499.18
   0.00112412  0.000371941     0.129348      6456.89
   0.00113153  0.000375778     0.130050      6410.08
   0.00113898  0.000378834     0.130585      6371.85
   0.00114648  0.000382131     0.131167      6331.69
   0.00115404  0.000385917     0.131847      6287.28
   0.00116165  0.000389184     0.132415      6248.50
   0.00116931  0.000392686     0.133028      6207.98
   0.00117703  0.000396422     0.133685      6165.84
   0.00118481  0.000400140     0.134334      6124.44
   0.00119264  0.000403840     0.134975      6083.79
   0.00120052  0.000407279     0.135560      6046.03
   0.00120846  0.000411192     0.136236      6004.58
   0.00121646  0.000414843     0.136856      5965.97
   0.00122451  0.000418478     0.137469      5928.02
   0.00123261  0.000422338     0.138122      5888.68
   0.00124078  0.000426181     0.138768      5850.03
   0.00124900  0.000430244     0.139452      5810.11
   0.00125728  0.000434052     0.140083      5772.79
   0.00126562  0.000437843     0.140707      5736.09
   0.00127402  0.000442088     0.141413      5696.33
   0.00128247  0.000446078     0.142067      5659.11
   0.00129099  0.000450051     0.142714      5622.50
   0.00129957  0.000454471     0.143440      5583.08
   0.00130820  0.000458407     0.144071      5547.75
   0.00131690  0.000462557     0.144739      5511.35
   0.00132566  0.000466917     0.145441      5473.95
   0.00133448  0.000471029     0.146092      5438.78
   0.00134336  0.000475349     0.146778      5402.65
   0.00135231  0.000479877     0.147498      5365.62
   0.00136132  0.000484158     0.148168      5330.75
   0.00137039  0.000488644     0.148872      5295.02
   0.00137952  0.000493110     0.149567      5259.89
   0.00138872  0.000497333     0.150214      5226.77
   0.00139798  0.000501981     0.150933      5191.45
   0.00140731  0.000506607     0.151644      5156.73
   0.00141670  0.000510994     0.152308      5123.94
   0.00142615  0.000515797     0.153041      5089.09
   0.00143568  0.000520361     0.153727      5056.12
   0.00144526  0.000525121     0.154444      5022.46
   0.00145492  0.000530290     0.155228      4986.94
   0.00146465  0.000535006     0.155927      4954.47
   0.00147444  0.000539701     0.156619      4922.54
   0.00148430  0.000544800     0.157376      4888.85
   0.00149423  0.000549664     0.158088      4856.88
   0.00150423  0.000554507     0.158791      4825.44
   0.00151430  0.000559747     0.159558      4792.38
   0.00152444  0.000564962     0.160316      4759.90
   0.00153465  0.000569947     0.161030      4729.00
   0.00154494  0.000575322     0.161804      4696.59
   0.00155529  0.000580467     0.162536      4665.76
   0.00156572  0.000585794     0.163293      4634.47
   0.00157621  0.000591096     0.164041      4603.72
   0.00158679  0.000596578     0.164814      4572.56
   0.00159743  0.000602034     0.165577      4541.93
   0.00160816  0.000607466     0.166332      4511.82
   0.00161895  0.000612874     0.167078      4482.23
   0.00162982  0.000618656     0.167880      4451.42
   0.00164077  0.000624213     0.168640      4421.98
   0.00165179  0.000629943     0.169422      4392.21
   0.00166289  0.000635646     0.170196      4362.96
   0.00167407  0.000641324     0.170961      4334.20
   0.00168532  0.000647366     0.171778      4304.38
   0.00169665  0.000653187     0.172555      4275.84
   0.00170807  0.000659367     0.173384      4246.29
   0.00171956  0.000665327     0.174173      4217.98
   0.00173113  0.000671069     0.174922      4190.88
   0.00174278  0.000677167     0.175722      4162.80
   0.00175452  0.000683616     0.176571      4133.83
   0.00176633  0.000689846     0.177380      4106.04
   0.00177823  0.000695861     0.178151      4079.38
   0.00179021  0.000702410     0.178999      4051.22
   0.00180228  0.000708929     0.179837      4023.56
   0.00181443  0.000715233     0.180636      3996.99
   0.00182666  0.000722062     0.181509      3969.05
   0.00183898  0.000728309     0.182289      3943.38
   0.00185138  0.000735077     0.183141      3916.38
   0.00186388  0.000741813     0.183984      3889.85
   0.00187645  0.000748520     0.184816      3863.76
   0.00188912  0.000755196     0.185638      3838.12
   0.00190187  0.000762202     0.186503      3811.84
   0.00191472  0.000769354     0.187384      3785.48
   0.00192765  0.000776118     0.188202      3760.60
   0.00194067  0.000783382     0.189087      3734.62
   0.00195379  0.000790438     0.189936      3709.59
   0.00196699  0.000797637     0.190800      3684.49
   0.00198029  0.000804978     0.191679      3659.34
   0.00199368  0.000812286     0.192547      3634.63
   0.00200716  0.000819562     0.193404      3610.33
   0.00202074  0.000827149     0.194299      3585.54
   0.00203441  0.000834873     0.195208      3560.73
   0.00204818  0.000842220     0.196058      3537.22
   0.00206204  0.000850215     0.196992      3512.41
   0.00207600  0.000857665     0.197844      3489.28
   0.00209006  0.000865588     0.198755      3465.30
   0.00210422  0.000873475     0.199656      3441.74
   0.00211847  0.000881492     0.200568      3418.19
   0.00213282  0.000889474     0.201469      3395.04
   0.00214728  0.000897585     0.202381      3371.91
   0.00216183  0.000905660     0.203282      3349.17
   0.00217649  0.000914026     0.204216      3326.09
   0.00219124  0.000922192     0.205116      3303.76
   0.00220610  0.000930645     0.206049      3281.11
   0.00222107  0.000939222     0.206992      3258.52
   0.00223614  0.000947760     0.207923      3236.31
   0.00225131  0.000956420     0.208863      3214.15
   0.00226659  0.000965200     0.209813      3192.06
   0.00228198  0.000974099     0.210772      3170.03
   0.00229748  0.000982958     0.211718      3148.37
   0.00231308  0.000991934     0.212673      3126.78
   0.00232879   0.00100087     0.213617      3105.56
   0.00234461   0.00101023     0.214608      3083.84
   0.00236055   0.00101940     0.215567      3062.77
   0.00237659   0.00102852     0.216514      3042.06
   0.00239275   0.00103806     0.217507      3020.88
   0.00240902   0.00104741     0.218469      3000.33
   0.00242540   0.00105702     0.219457      2979.61
   0.00244190   0.00106659     0.220433      2959.25
   0.00245851   0.00107642     0.221433      2938.72
   0.00247524   0.00108605     0.222403      2918.79
   0.00249208   0.00109609     0.223415      2898.48
   0.00250905   0.00110608     0.224415      2878.51
   0.00252613   0.00111603     0.225402      2858.89
   0.00254333   0.00112652     0.226448      2838.69
   0.00256065   0.00113681     0.227463      2819.07
   0.00257810   0.00114707     0.228465      2799.78
   0.00259566   0.00115756     0.229489      2780.38
   0.00261335   0.00116801     0.230501      2761.32
   0.00263116   0.00117870     0.231533      2742.18
   0.00264910   0.00118949     0.232570      2723.15
   0.00266717   0.00120037     0.233610      2704.26
   0.00268535   0.00121120     0.234636      2685.69
   0.00270367   0.00122241     0.235699      2666.87
   0.00272212   0.00123356     0.236749      2648.37
   0.00274069   0.00124481     0.237801      2630.00
   0.00275940   0.00125601     0.238840      2611.94
   0.00277823   0.00126757     0.239913      2593.67
   0.00279720   0.00127894     0.240956      2575.88
   0.00281630   0.00129068     0.242033      2557.89
   0.00283553   0.00130263     0.243127      2539.88
   0.00285490   0.00131440     0.244192      2522.34
   0.00287441   0.00132625     0.245258      2504.94
   0.00289405   0.00133845     0.246355      2487.37
   0.00291383   0.00135060     0.247439      2470.10
   0.00293375   0.00136309     0.248552      2452.69
   0.00295381   0.00137540     0.249636      2435.71
   0.00297401   0.00138805     0.250750      2418.60
   0.00299435   0.00140064     0.251849      2401.78
   0.00301483   0.00141357     0.252977      2384.84
   0.00303546   0.00142644     0.254090      2368.18
   0.00305624   0.00143938     0.255203      2351.68
   0.00307716   0.00145253     0.256328      2335.20
   0.00309822   0.00146574     0.257453      2318.88
   0.00311944   0.00147915     0.258590      2302.59
   0.00314080   0.00149264     0.259726      2286.45
   0.00316232   0.00150631     0.260873      2270.36
   0.00318398   0.00152005     0.262019      2254.42
   0.00320580   0.00153386     0.263163      2238.64
   0.00322777   0.00154785     0.264317      2222.90
   0.00324990   0.00156204     0.265482      2207.22
   0.00327218   0.00157628     0.266645      2191.69
   0.00329462   0.00159058     0.267805      2176.33
   0.00331722   0.00160519     0.268987      2160.92
   0.00333998   0.00161986     0.270165      2145.67
   0.00336290   0.00163470     0.271353      2130.48
   0.00338598   0.00164948     0.272525      2115.55
   0.00340922   0.00166444     0.273705      2100.69
   0.00343262   0.00167981     0.274918      2085.71
   0.00345619   0.00169499     0.276102      2071.07
   0.00347993   0.00171046     0.277306      2056.42
   0.00350383   0.00172611     0.278517      2041.84
   0.00352791   0.00174191     0.279735      2027.34
   0.00355215   0.00175777     0.280948      2013.00
   0.00357656   0.00177379     0.282167      1998.74
   0.00360115   0.00178997     0.283392      1984.56
   0.00362591   0.00180643     0.284635      1970.39
   0.00365085   0.00182293     0.285871      1956.39
   0.00367596   0.00183947     0.287102      1942.55
   0.00370125   0.00185628     0.288348      1928.72
   0.00372672   0.00187313     0.289588      1915.05
   0.00375237   0.00189024     0.290844      1901.40
   0.00377820   0.00190751     0.292103      1887.84
   0.00380421   0.00192492     0.293366      1874.38
   0.00383041   0.00194259     0.294642      1860.95
   0.00385679   0.00196029     0.295912      1847.69
   0.00388336   0.00197814     0.297184      1834.51
   0.00391012   0.00199624     0.298470      1821.38
   0.00393707   0.00201448     0.299757      1808.34
   0.00396421   0.00203274     0.301037      1795.47
   0.00399154   0.00205125     0.302328      1782.64
   0.00401906   0.00207001     0.303631      1769.85
   0.00404678   0.00208901     0.304944      1757.11
   0.00407470   0.00210791     0.306240      1744.58
   0.00410282   0.00212728     0.307564      1732.00
   0.00413113   0.00214666     0.308880      1719.58
   0.00415964   0.00216606     0.310187      1707.31
   0.00418836   0.00218601     0.311530      1694.95
   0.00421729   0.00220597     0.312864      1682.75
   0.00424641   0.00222605     0.314197      1670.66
   0.00427575   0.00224647     0.315547      1658.58
   0.00430529   0.00226689     0.316887      1646.66
   0.00433504   0.00228753     0.318235      1634.80
   0.00436501   0.00230849     0.319598      1622.96
   0.00439519   0.00232946     0.320952      1611.28
   0.00442558   0.00235085     0.322328      1599.58
   0.00445619   0.00237214     0.323685      1588.08
   0.00448702   0.00239394     0.325073      1576.53
   0.00451807   0.00241574     0.326450      1565.13
   0.00454933   0.00243765     0.327824      1553.84
   0.00458083   0.00245996     0.329218      1542.55
   0.00461254   0.00248246     0.330618      1531.34
   0.00464448   0.00250506     0.332013      1520.24
   0.00467665   0.00252796     0.333420      1509.19
   0.00470905   0.00255094     0.334823      1498.24
   0.00474168   0.00257432     0.336244      1487.31
   0.00477455   0.00259787     0.337668      1476.46
   0.00480764   0.00262142     0.339079      1465.76
   0.00484098   0.00264544     0.340515      1455.05
   0.00487455   0.00266964     0.341953      1444.41
   0.00490837   0.00269392     0.343386      1433.90
   0.00494242   0.00271857     0.344834      1423.40
   0.00497672   0.00274329     0.346276      1413.03
   0.00501126   0.00276847     0.347740      1402.65
   0.00504605   0.00279363     0.349190      1392.41
   0.00508110   0.00281914     0.350654      1382.21
   0.00511639   0.00284481     0.352119      1372.09
   0.00515193   0.00287083     0.353596      1362.01
   0.00518773   0.00289701     0.355073      1352.02
   0.00522378   0.00292353     0.356561      1342.07
   0.00526010   0.00295021     0.358049      1332.21
   0.00529667   0.00297704     0.359535      1322.43
   0.00533351   0.00300428     0.361038      1312.68
   0.00537061   0.00303168     0.362539      1303.02
   0.00540798   0.00305940     0.364051      1293.40
   0.00544561   0.00308726     0.365559      1283.87
   0.00548352   0.00311544     0.367077      1274.40
   0.00552170   0.00314394     0.368605      1264.97
   0.00556015   0.00317248     0.370122      1255.65
   0.00559888   0.00320159     0.371666      1246.33
   0.00563789   0.00323066     0.373193      1237.13
   0.00567718   0.00326021     0.374740      1227.95
   0.00571675   0.00329006     0.376294      1218.83
   0.00575661   0.00331994     0.377837      1209.82
   0.00579675   0.00335037     0.379404      1200.81
   0.00583719   0.00338101     0.380971      1191.87
   0.00587791   0.00341176     0.382532      1183.03
   0.00591893   0.00344288     0.384103      1174.23
   0.00596024   0.00347437     0.385686      1165.48
   0.00600186   0.00350604     0.387267      1156.80
   0.00604377   0.00353800     0.388851      1148.18
   0.00608598   0.00357038     0.390451      1139.59
   0.00612850   0.00360296     0.392048      1131.08
   0.00617133   0.00363579     0.393648      1122.63
   0.00621447   0.00366905     0.395261      1114.22
   0.00625791   0.00370241     0.396866      1105.91
   0.00630168   0.00373626     0.398488      1097.61
   0.00634576   0.00377036     0.400112      1089.38
   0.00639015   0.00380488     0.401747      1081.19
   0.00643488   0.00383963     0.403382      1073.06
   0.00647992   0.00387463     0.405018      1065.01
   0.00652529   0.00391002     0.406663      1056.99
   0.00657099   0.00394565     0.408309      1049.04
   0.00661702   0.00398175     0.409968      1041.13
   0.00666338   0.00401808     0.411625      1033.28
   0.00671008   0.00405470     0.413287      1025.49
   0.00675712   0.00409179     0.414960      1017.74
   0.00680451   0.00412916     0.416636      1010.04
   0.00685223   0.00416676     0.418309      1002.42
   0.00690030   0.00420487     0.419998      994.818
   0.00694872   0.00424319     0.421684      987.290
   0.00699750   0.00428194     0.423380      979.802
   0.00704663   0.00432105     0.425081      972.364
   0.00709611   0.00436050     0.426786      964.978
   0.00714596   0.00440030     0.428495      957.645
   0.00719617   0.00444052     0.430213      950.354
   0.00724674   0.00448107     0.431934      943.117
   0.00729769   0.00452196     0.433658      935.934
   0.00734900   0.00456324     0.435388      928.795
   0.00740069   0.00460493     0.437125      921.703
   0.00745276   0.00464694     0.438863      914.667
   0.00750521   0.00468940     0.440611      907.669
   0.00755804   0.00473226     0.442364      900.719
   0.00761125   0.00477542     0.444117      893.826
   0.00766486   0.00481910     0.445882      886.966
   0.00771885   0.00486301     0.447643      880.171
   0.00777325   0.00490743     0.449414      873.411
   0.00782803   0.00495221     0.451189      866.702
   0.00788323   0.00499742     0.452969      860.036
   0.00793882   0.00504306     0.454756      853.415
   0.00799482   0.00508911     0.456547      846.839
   0.00805124   0.00513558     0.458343      840.308
   0.00810806   0.00518253     0.460147      833.817
   0.00816531   0.00522982     0.461951      827.379
   0.00822297   0.00527764     0.463765      820.976
   0.00828106   0.00532586     0.465583      814.620
   0.00833957   0.00537440     0.467399      808.319
   0.00839851   0.00542346     0.469224      802.054
   0.00845789   0.00547304     0.471058      795.826
   0.00851770   0.00552299     0.472892      789.647
   0.00857795   0.00557352     0.474738      783.501
   0.00863865   0.00562441     0.476584      777.406
   0.00869979   0.00567573     0.478432      771.355
   0.00876139   0.00572760     0.480290      765.339
   0.00882344   0.00577990     0.482150      759.369
   0.00888594   0.00583267     0.484015      753.440
   0.00894891   0.00588591     0.485885      747.553
   0.00901234   0.00593969     0.487761      741.703
   0.00907624   0.00599392     0.489641      735.896
   0.00914061   0.00604868     0.491527      730.127
   0.00920545   0.00610388     0.493415      724.401
   0.00927078   0.00615966     0.495312      718.711
   0.00933659   0.00621601     0.497216      713.056
   0.00940289   0.00627272     0.499118      707.450
   0.00946967   0.00633006     0.501029      701.876
   0.00953695   0.00638794     0.502947      696.339
   0.00960473   0.00644617     0.504861      690.852
   0.00967302   0.00650513     0.506789      685.391
   0.00974181   0.00656461     0.508721      679.969
   0.00981111   0.00662450     0.510651      674.593
   0.00988092   0.00668509     0.512593      669.245
   0.00995125   0.00674612     0.514535      663.941
    0.0100221   0.00680779     0.516484      658.669
    0.0100935   0.00686995     0.518436      653.439
    0.0101654   0.00693272     0.520394      648.242
    0.0102379   0.00699610     0.522359      643.079
    0.0103108   0.00705996     0.524323      637.958
    0.0103844   0.00712453     0.526298      632.867
    0.0104584   0.00718957     0.528272      627.817
    0.0105331   0.00725525     0.530253      622.800
    0.0106083   0.00732150     0.532237      617.819
    0.0106840   0.00738848     0.534231      612.867
    0.0107603   0.00745592     0.536222      607.958
    0.0108372   0.00752413     0.538226      603.075
    0.0109147   0.00759283     0.540227      598.234
    0.0109927   0.00766224     0.542237      593.422
    0.0110713   0.00773230     0.544252      588.643
    0.0111505   0.00780294     0.546269      583.901
    0.0112303   0.00787426     0.548292      579.191
    0.0113107   0.00794621     0.550318      574.515
    0.0113917   0.00801888     0.552352      569.869
    0.0114734   0.00809211     0.554385      565.260
    0.0115556   0.00816610     0.556427      560.680
    0.0116384   0.00824069     0.558469      556.135
    0.0117219   0.00831603     0.560519      551.620
    0.0118060   0.00839211     0.562575      547.135
    0.0118907   0.00846877     0.564630      542.686
    0.0119761   0.00854620     0.566693      538.266
    0.0120621   0.00862430     0.568758      533.878
    0.0121487   0.00870316     0.570830      529.520
    0.0122360   0.00878272     0.572905      525.194
    0.0123240   0.00886303     0.574984      520.898
    0.0124126   0.00894403     0.577066      516.633
    0.0125019   0.00902575     0.579152      512.400
    0.0125919   0.00910835     0.581247      508.192
    0.0126825   0.00919162     0.583342      504.018
    0.0127739   0.00927569     0.585443      499.871
    0.0128659   0.00936045     0.587545      495.757
    0.0129586   0.00944606     0.589654      491.670
    0.0130520   0.00953266     0.591774      487.605
    0.0131462   0.00962007     0.593899      483.569
    0.0132410   0.00970824     0.596026      479.564
    0.0133366   0.00979717     0.598155      475.588
    0.0134329   0.00988709     0.600295      471.636
    0.0135299   0.00997765     0.602432      467.718
    0.0136277    0.0100691     0.604574      463.827
    0.0137262    0.0101614     0.606722      459.961
    0.0138255    0.0102546     0.608873      456.125
    0.0139255    0.0103486     0.611027      452.316
    0.0140263    0.0104434     0.613184      448.536
    0.0141278    0.0105392     0.615346      444.781
    0.0142301    0.0106358     0.617512      441.054
    0.0143332    0.0107332     0.619680      437.355
    0.0144371    0.0108316     0.621851      433.682
    0.0145418    0.0109310     0.624030      430.033
    0.0146473    0.0110312     0.626208      426.413
    0.0147536    0.0111323     0.628391      422.819
    0.0148607    0.0112344     0.630578      419.251
    0.0149687    0.0113373     0.632766      415.710
    0.0150774    0.0114412     0.634959      412.193
    0.0151870    0.0115461     0.637155      408.702
    0.0152975    0.0116520     0.639354      405.237
    0.0154087    0.0117588     0.641558      401.796
    0.0155209    0.0118667     0.643765      398.380
    0.0156339    0.0119754     0.645973      394.990
    0.0157478    0.0120852     0.648185      391.625
    0.0158625    0.0121960     0.650401      388.283
    0.0159782    0.0123079     0.652620      384.966
    0.0160947    0.0124207     0.654841      381.673
    0.0162121    0.0125346     0.657064      378.406
    0.0163305    0.0126495     0.659292      375.161
    0.0164497    0.0127656     0.661523      371.939
    0.0165699    0.0128826     0.663756      368.742
    0.0166910    0.0130007     0.665990      365.569
    0.0168130    0.0131199     0.668228      362.418
    0.0169360    0.0132403     0.670470      359.290
    0.0170599    0.0133617     0.672714      356.186
    0.0171848    0.0134842     0.674959      353.105
    0.0173107    0.0136079     0.677209      350.045
    0.0174376    0.0137327     0.679461      347.009
    0.0175654    0.0138587     0.681714      343.995
    0.0176942    0.0139858     0.683971      341.003
    0.0178240    0.0141141     0.686229      338.033
    0.0179549    0.0142436     0.688491      335.085
    0.0180867    0.0143742     0.690752      332.160
    0.0182196    0.0145061     0.693018      329.255
    0.0183535    0.0146391     0.695285      326.373
    0.0184885    0.0147735     0.697555      323.511
    0.0186245    0.0149091     0.699828      320.670
    0.0187616    0.0150458     0.702102      317.851
    0.0188998    0.0151842     0.704387      315.049
    0.0190390    0.0153239     0.706674      312.267
    0.0191794    0.0154649     0.708964      309.506
    0.0193208    0.0156071     0.711253      306.767
    0.0194634    0.0157507     0.713546      304.047
    0.0196070    0.0158956     0.715840      301.348
    0.0197519    0.0160419     0.718136      298.669
    0.0198978    0.0161894     0.720432      296.010
    0.0200449    0.0163384     0.722732      293.371
    0.0201932    0.0164887     0.725031      290.752
    0.0203426    0.0166404     0.727331      288.153
    0.0204932    0.0167935     0.729634      285.573
    0.0206450    0.0169480     0.731938      283.013
    0.0207980    0.0171040     0.734242      280.472
    0.0209522    0.0172614     0.736549      277.950
    0.0211076    0.0174202     0.738856      275.447
    0.0212643    0.0175805     0.741163      272.964
    0.0214222    0.0177423     0.743471      270.499
    0.0215813    0.0179056     0.745781      268.053
    0.0217418    0.0180703     0.748091      265.625
    0.0219035    0.0182367     0.750403      263.216
    0.0220665    0.0184046     0.752715      260.825
    0.0222307    0.0185739     0.755026      258.453
    0.0223963    0.0187449     0.757339      256.098
    0.0225632    0.0189174     0.759651      253.761
    0.0227315    0.0190916     0.761965      251.442
    0.0229011    0.0192673     0.764277      249.141
    0.0230720    0.0194447     0.766591      246.858
    0.0232443    0.0196238     0.768905      244.591
    0.0234180    0.0198044     0.771218      242.343
    0.0235931    0.0199872     0.773543      240.108
    0.0237696    0.0201717     0.775867      237.891
    0.0239475    0.0203580     0.778192      235.690
    0.0241269    0.0205459     0.780515      233.507
    0.0243076    0.0207357     0.782840      231.340
    0.0244899    0.0209271     0.785162      229.190
    0.0246736    0.0211203     0.787485      227.057
    0.0248588    0.0213154     0.789807      224.940
    0.0250455    0.0215122     0.792128      222.839
    0.0252337    0.0217108     0.794448      220.755
    0.0254234    0.0219114     0.796768      218.688
    0.0256147    0.0221137     0.799086      216.636
    0.0258075    0.0223180     0.801404      214.600
    0.0260019    0.0225241     0.803720      212.580
    0.0261978    0.0227321     0.806036      210.576
    0.0263953    0.0229421     0.808349      208.588
    0.0265945    0.0231541     0.810662      206.615
    0.0267953    0.0233679     0.812973      204.657
    0.0269977    0.0235839     0.815283      202.715
    0.0272017    0.0238017     0.817590      200.788
    0.0274075    0.0240216     0.819895      198.877
    0.0276149    0.0242439     0.822206      196.979
    0.0278240    0.0244686     0.824520      195.094
    0.0280348    0.0246953     0.826832      193.224
    0.0282473    0.0249240     0.829140      191.370
    0.0284616    0.0251550     0.831447      189.530
    0.0286777    0.0253881     0.833752      187.704
    0.0288955    0.0256233     0.836054      185.893
    0.0291151    0.0258608     0.838355      184.096
    0.0293365    0.0261004     0.840650      182.314
    0.0295598    0.0263423     0.842945      180.546
    0.0297849    0.0265865     0.845236      178.793
    0.0300118    0.0268329     0.847525      177.053
    0.0302407    0.0270816     0.849810      175.327
    0.0304714    0.0273327     0.852091      173.614
    0.0307040    0.0275861     0.854371      171.916
    0.0309386    0.0278418     0.856645      170.231
    0.0311751    0.0281000     0.858918      168.560
    0.0314136    0.0283612     0.861197      166.900
    0.0316541    0.0286249     0.863474      165.253
    0.0318965    0.0288911     0.865748      163.619
    0.0321410    0.0291597     0.868017      161.999
    0.0323876    0.0294309     0.870283      160.392
    0.0326362    0.0297046     0.872543      158.798
    0.0328868    0.0299809     0.874800      157.217
    0.0331396    0.0302597     0.877052      155.648
    0.0333945    0.0305412     0.879299      154.093
    0.0336516    0.0308253     0.881542      152.550
    0.0339108    0.0311120     0.883780      151.020
    0.0341721    0.0314015     0.886014      149.502
    0.0344357    0.0316937     0.888242      147.997
    0.0347015    0.0319888     0.890468      146.504
    0.0349696    0.0322872     0.892699      145.021
    0.0352399    0.0325885     0.894924      143.550
    0.0355125    0.0328926     0.897144      142.092
    0.0357874    0.0331996     0.899358      140.646
    0.0360646    0.0335094     0.901566      139.211
    0.0363442    0.0338222     0.903769      137.789
    0.0366262    0.0341379     0.905965      136.378
    0.0369106    0.0344565     0.908155      134.979
    0.0371974    0.0347782     0.910339      133.592
    0.0374866    0.0351028     0.912516      132.217
    0.0377783    0.0354306     0.914687      130.852
    0.0380725    0.0357621     0.916860      129.498
    0.0383692    0.0360970     0.919032      128.155
    0.0386685    0.0364350     0.921196      126.823
    0.0389703    0.0367762     0.923353      125.502
    0.0392748    0.0371207     0.925502      124.192
    0.0395818    0.0374684     0.927645      122.894
    0.0398915    0.0378194     0.929779      121.606
    0.0402039    0.0381737     0.931906      120.329
    0.0405190    0.0385314     0.934025      119.063
    0.0408368    0.0388924     0.936136      117.808
    0.0411573    0.0392575     0.938248      116.562
    0.0414806    0.0396264     0.940357      115.327
    0.0418068    0.0399989     0.942457      114.102
    0.0421357    0.0403748     0.944548      112.887
    0.0424676    0.0407543     0.946631      111.683
    0.0428023    0.0411373     0.948705      110.489
    0.0431399    0.0415241     0.950770      109.306
    0.0434805    0.0419145     0.952826      108.132
    0.0438241    0.0423087     0.954872      106.969
    0.0441707    0.0427074     0.956920      105.815
    0.0445203    0.0431101     0.958961      104.670
    0.0448730    0.0435167     0.960994      103.535
    0.0452288    0.0439272     0.963015      102.410
    0.0455878    0.0443416     0.965027      101.295
    0.0459499    0.0447600     0.967029      100.190
    0.0463152    0.0451823     0.969020      99.0944
    0.0466837    0.0456086     0.971000      98.0083
    0.0470555    0.0460400     0.972982      96.9305
    0.0474306    0.0464758     0.974956      95.8620
    0.0478091    0.0469157     0.976919      94.8028
    0.0481909    0.0473599     0.978870      93.7531
    0.0485761    0.0478083     0.980810      92.7126
    0.0489647    0.0482610     0.982738      91.6814
    0.0493568    0.0487181     0.984655      90.6593
    0.0497524    0.0491802     0.986567      89.6456
    0.0501516    0.0496473     0.988475      88.6403
    0.0505544    0.0501189     0.990370      87.6440
    0.0509608    0.0505951     0.992253      86.6566
    0.0513708    0.0510758     0.994123      85.6782
    0.0517845    0.0515612     0.995980      84.7085
    0.0522020    0.0520512     0.997823      83.7476
    0.0526232    0.0525472     0.999668      82.7942
    0.0530483    0.0530481      1.00150      81.8493
    0.0534772    0.0535538      1.00332      80.9131
    0.0539100    0.0540645      1.00513      79.9853
    0.0543468    0.0545800      1.00692      79.0661
    0.0547875    0.0551006      1.00869      78.1552
    0.0552323    0.0556273      1.01047      77.2516
    0.0556811    0.0561596      1.01223      76.3561
    0.0561341    0.0566969      1.01398      75.4689
    0.0565912    0.0572395      1.01572      74.5899
    0.0570525    0.0577873      1.01744      73.7189
    0.0575180    0.0583405      1.01914      72.8560
    0.0579879    0.0589007      1.02085      72.0000
    0.0584621    0.0594662      1.02254      71.1520
    0.0589406    0.0600373      1.02421      70.3118
    0.0594236    0.0606140      1.02587      69.4796
    0.0599111    0.0611962      1.02751      68.6552
    0.0604031    0.0617855      1.02915      67.8376
    0.0608997    0.0623809      1.03077      67.0275
    0.0614010    0.0629821      1.03238      66.2250
    0.0619069    0.0635892      1.03397      65.4302
    0.0624176    0.0642022      1.03554      64.6430
    0.0629330    0.0648226      1.03711      63.8623
    0.0634533    0.0654495      1.03866      63.0890
    0.0639785    0.0660826      1.04020      62.3230
    0.0645086    0.0667218      1.04172      61.5644
    0.0650438    0.0673676      1.04322      60.8129
    0.0655840    0.0680214      1.04472      60.0678
    0.0661293    0.0686817      1.04620      59.3299
    0.0666798    0.0693485      1.04766      58.5992
    0.0672355    0.0700219      1.04910      57.8755
    0.0677966    0.0707032      1.05054      57.1583
    0.0683630    0.0713920      1.05196      56.4477
    0.0689348    0.0720875      1.05336      55.7441
    0.0695121    0.0727900      1.05474      55.0475
    0.0700950    0.0735003      1.05610      54.3572
    0.0706834    0.0742189      1.05746      53.6733
    0.0712776    0.0749446      1.05879      52.9962
    0.0718774    0.0756774      1.06011      52.3258
    0.0724831    0.0764186      1.06141      51.6617
    0.0730947    0.0771685      1.06270      51.0037
    0.0737122    0.0779258      1.06397      50.3523
    0.0743357    0.0786906      1.06521      49.7074
    0.0749653    0.0794646      1.06645      49.0685
    0.0756010    0.0802471      1.06767      48.4358
    0.0762430    0.0810375      1.06886      47.8095
    0.0768913    0.0818358      1.07004      47.1895
    0.0775459    0.0826445      1.07120      46.5750
    0.0782070    0.0834614      1.07235      45.9669
    0.0788746    0.0842865      1.07347      45.3649
    0.0795489    0.0851212      1.07458      44.7688
    0.0802298    0.0859655      1.07567      44.1784
    0.0809175    0.0868184      1.07674      43.5941
    0.0816120    0.0876802      1.07778      43.0158
    0.0823135    0.0885532      1.07882      42.4428
    0.0830219    0.0894349      1.07983      41.8759
    0.0837375    0.0903256      1.08082      41.3148
    0.0844603    0.0912277      1.08180      40.7591
    0.0851903    0.0921394      1.08275      40.2090
    0.0859277    0.0930603      1.08368      39.6649
    0.0866726    0.0939928      1.08460      39.1259
    0.0874250    0.0949355      1.08549      38.5925
    0.0881851    0.0958878      1.08636      38.0648
    0.0889528    0.0968522      1.08721      37.5423
    0.0897285    0.0978272      1.08805      37.0252
    0.0905120    0.0988121      1.08885      36.5137
    0.0913036    0.0998099      1.08964      36.0071
    0.0921033     0.100818      1.09041      35.5060
    0.0929113     0.101837      1.09115      35.0103
    0.0937275     0.102870      1.09188      34.5193
    0.0945523     0.103913      1.09258      34.0338
    0.0953856     0.104968      1.09326      33.5534
    0.0962275     0.106037      1.09393      33.0779
    0.0970782     0.107116      1.09456      32.6077
    0.0979378     0.108209      1.09517      32.1423
    0.0988064     0.109314      1.09577      31.6819
    0.0996841     0.110432      1.09633      31.2266
     0.100571     0.111564      1.09688      30.7759
     0.101467     0.112708      1.09740      30.3303
     0.102373     0.113866      1.09790      29.8894
     0.103289     0.115038      1.09838      29.4533
     0.104214     0.116223      1.09883      29.0220
     0.105149     0.117423      1.09926      28.5952
     0.106094     0.118636      1.09966      28.1734
     0.107049     0.119865      1.10005      27.7560
     0.108014     0.121108      1.10041      27.3433
     0.108990     0.122366      1.10074      26.9351
     0.109976     0.123640      1.10105      26.5314
     0.110973     0.124928      1.10133      26.1324
     0.111980     0.126232      1.10159      25.7376
     0.112999     0.127551      1.10182      25.3475
     0.114029     0.128889      1.10203      24.9616
     0.115070     0.130240      1.10221      24.5802
     0.116122     0.131610      1.10238      24.2030
     0.117186     0.132995      1.10251      23.8302
     0.118262     0.134399      1.10262      23.4615
     0.119350     0.135819      1.10270      23.0973
     0.120450     0.137258      1.10275      22.7370
     0.121562     0.138713      1.10278      22.3811
     0.122686     0.140188      1.10279      22.0292
     0.123823     0.141680      1.10276      21.6815
     0.124973     0.143193      1.10271      21.3377
     0.126135     0.144722      1.10263      20.9982
     0.127311     0.146274      1.10253      20.6624
     0.128500     0.147842      1.10240      20.3309
     0.129702     0.149433      1.10225      20.0030
     0.130918     0.151043      1.10206      19.6793
     0.132148     0.152674      1.10185      19.3593
     0.133393     0.154326      1.10161      19.0432
     0.134651     0.156000      1.10134      18.7309
     0.135924     0.157695      1.10104      18.4224
     0.137211     0.159412      1.10072      18.1178
     0.138514     0.161152      1.10037      17.8167
     0.139832     0.162914      1.09998      17.5195
     0.141165     0.164701      1.09958      17.2258
     0.142513     0.166510      1.09914      16.9358
     0.143877     0.168343      1.09867      16.6494
     0.145258     0.170202      1.09818      16.3666
     0.146655     0.172084      1.09765      16.0874
     0.148068     0.173993      1.09710      15.8116
     0.149498     0.175927      1.09652      15.5393
     0.150945     0.177886      1.09591      15.2706
     0.152410     0.179874      1.09527      15.0052
     0.153891     0.181888      1.09460      14.7432
     0.155391     0.183928      1.09389      14.4847
     0.156909     0.185999      1.09317      14.2294
     0.158445     0.188097      1.09241      13.9775
     0.160000     0.190224      1.09161      13.7289
     0.161574     0.192382      1.09080      13.4835
     0.163167     0.194569      1.08994      13.2414
     0.164780     0.196785      1.08906      13.0026
     0.166413     0.199036      1.08815      12.7668
     0.168065     0.201317      1.08721      12.5342
     0.169739     0.203630      1.08623      12.3048
     0.171433     0.205976      1.08522      12.0785
     0.173148     0.208357      1.08419      11.8552
     0.174885     0.210771      1.08312      11.6350
     0.176643     0.213220      1.08202      11.4178
     0.178424     0.215705      1.08089      11.2036
     0.180228     0.218227      1.07973      10.9924
     0.182054     0.220785      1.07854      10.7841
     0.183904     0.223380      1.07731      10.5787
     0.185777     0.226013      1.07605      10.3762
     0.187674     0.228688      1.07476      10.1766
     0.189596     0.231401      1.07344      9.97978
     0.191543     0.234155      1.07209      9.78581
     0.193515     0.236949      1.07070      9.59463
     0.195513     0.239786      1.06928      9.40622
     0.197537     0.242668      1.06783      9.22050
     0.199588     0.245593      1.06635      9.03750
     0.201665     0.248562      1.06483      8.85720
     0.203771     0.251577      1.06328      8.67957
     0.205904     0.254638      1.06170      8.50457
     0.208066     0.257747      1.06008      8.33219
     0.210257     0.260904      1.05843      8.16239
     0.212477     0.264113      1.05675      7.99512
     0.214727     0.267371      1.05504      7.83041
     0.217008     0.270681      1.05329      7.66821
     0.219320     0.274044      1.05151      7.50849
     0.221663     0.277460      1.04969      7.35125
     0.224039     0.280931      1.04784      7.19645
     0.226447     0.284457      1.04596      7.04407
     0.228889     0.288042      1.04404      6.89407
     0.231365     0.291684      1.04209      6.74645
     0.233876     0.295387      1.04011      6.60118
     0.236421     0.299150      1.03809      6.45822
     0.239003     0.302976      1.03603      6.31756
     0.241621     0.306865      1.03395      6.17918
     0.244276     0.310820      1.03183      6.04305
     0.246969     0.314841      1.02967      5.90915
     0.249701     0.318930      1.02748      5.77745
     0.252472     0.323088      1.02525      5.64793
     0.255283     0.327318      1.02300      5.52058
     0.258135     0.331620      1.02070      5.39536
     0.261028     0.335997      1.01837      5.27226
     0.263964     0.340449      1.01601      5.15125
     0.266943     0.344979      1.01361      5.03231
     0.269966     0.349588      1.01118      4.91542
     0.273034     0.354278      1.00871      4.80056
     0.276148     0.359051      1.00621      4.68770
     0.279309     0.363908      1.00367      4.57683
     0.282517     0.368852      1.00109      4.46792
     0.285773     0.373886     0.998480      4.36094
     0.289079     0.379013     0.995838      4.25586
     0.292436     0.384232     0.993160      4.15269
     0.295844     0.389546     0.990445      4.05139
     0.299305     0.394957     0.987694      3.95194
     0.302819     0.400467     0.984906      3.85433
     0.306388     0.406080     0.982083      3.75852
     0.310012     0.411801     0.979229      3.66449
     0.313694     0.417628     0.976337      3.57223
     0.317434     0.423564     0.973408      3.48172
     0.321233     0.429611     0.970442      3.39294
     0.325093     0.435776     0.967443      3.30585
     0.329015     0.442061     0.964409      3.22044
     0.333000     0.448465     0.961338      3.13670
     0.337049     0.454992     0.958227      3.05461
     0.341165     0.461650     0.955087      2.97412
     0.345347     0.468438     0.951909      2.89523
     0.349599     0.475358     0.948692      2.81794
     0.353921     0.482417     0.945441      2.74220
     0.358314     0.489619     0.942156      2.66799
     0.362781     0.496962     0.938831      2.59531
     0.367323     0.504456     0.935473      2.52413
     0.371942     0.512103     0.932079      2.45442
     0.376639     0.519902     0.928645      2.38618
     0.381416     0.527867     0.925180      2.31937
     0.386275     0.535994     0.921676      2.25399
     0.391218     0.544289     0.918136      2.19001
     0.396246     0.552761     0.914562      2.12740
     0.401363     0.561406     0.910946      2.06617
     0.406569     0.570242     0.907302      2.00626
     0.411866     0.579259     0.903614      1.94769
     0.417258     0.588475     0.899896      1.89042
     0.422746     0.597885     0.896137      1.83444
     0.428332     0.607503     0.892346      1.77972
     0.434019     0.617326     0.888514      1.72626
     0.439809     0.627371     0.884650      1.67401
     0.445704     0.637630     0.880745      1.62299
     0.451708     0.648126     0.876809      1.57315
     0.457823     0.658847     0.872830      1.52450
     0.464051     0.669817     0.868822      1.47699
     0.470395     0.681031     0.864773      1.43062
     0.476858     0.692500     0.860688      1.38538
     0.483443     0.704235     0.856569      1.34123
     0.490154     0.716233     0.852409      1.29818
     0.496992     0.728517     0.848218      1.25618
     0.503963     0.741084     0.843989      1.21524
     0.511068     0.753941     0.839719      1.17533
     0.518311     0.767110     0.835419      1.13643
     0.525696     0.780589     0.831081      1.09853
     0.533226     0.794385     0.826703      1.06161
     0.540906     0.808516     0.822291      1.02565
     0.548739     0.822991     0.817844     0.990638
     0.556730     0.837816     0.813359     0.956556
     0.564882     0.853000     0.808836     0.923388
     0.573199     0.868560     0.804277     0.891115
     0.581686     0.884510     0.799684     0.859718
     0.590349     0.900856     0.795053     0.829187
     0.599191     0.917609     0.790385     0.799504
     0.608217     0.934784     0.785680     0.770652
     0.617433     0.952394     0.780937     0.742616
     0.626843     0.970455     0.776159     0.715378
     0.636454     0.988983     0.771346     0.688923
     0.646270      1.00799     0.766495     0.663237
     0.656298      1.02749     0.761607     0.638304
     0.666544      1.04750     0.756683     0.614109
     0.677013      1.06804     0.751721     0.590636
     0.687713      1.08912     0.746722     0.567871
     0.698650      1.11076     0.741686     0.545799
     0.709830      1.13298     0.736612     0.524405
     0.721262      1.15580     0.731501     0.503675
     0.732952      1.17923     0.726354     0.483593
     0.744908      1.20331     0.721168     0.464147
     0.757138      1.22804     0.715944     0.445322
     0.769650      1.25346     0.710682     0.427103
     0.782453      1.27958     0.705383     0.409477
     0.795556      1.30644     0.700048     0.392430
     0.808968      1.33405     0.694674     0.375948
     0.822699      1.36243     0.689261     0.360019
     0.836758      1.39162     0.683808     0.344630
     0.851156      1.42163     0.678315     0.329768
     0.865904      1.45251     0.672786     0.315417
     0.881012      1.48429     0.667217     0.301567
     0.896493      1.51697     0.661607     0.288206
     0.912358      1.55060     0.655954     0.275321
     0.928620      1.58524     0.650266     0.262898
     0.945291      1.62087     0.644535     0.250926
     0.962386      1.65755     0.638759     0.239395
