#Name                              Obsid        type           z        flux         err        rlum     rlumerr
# ---                                ---        ----         ---         mJy         mJy    10^40e/s    10^40e/s
1E0657_56                           3184          OA      0.2960     -0.4440     -0.5550     -0.0000     -0.0000
1E0657_56                           5356          OA      0.2960     -0.4440     -0.5550     -0.0000     -0.0000
1E0657_56                           5361          OA      0.2960     -0.4440     -0.5550     -0.0000     -0.0000
1RXS_J2129.4-0741                   3199          NF      0.5700      0.0025      0.0003     36.8221      3.6822
1RXS_J2129.4-0741                   3595          NF      0.5700      0.0025      0.0003     36.8221      3.6822
2A_0335+096                          919           F      0.0347      0.0367      0.0018      1.1181      0.0548
2PIGG_J0011.5-2850                  5797           F      0.0753      0.0110      0.0006      1.6756      0.0914
2PIGG_J0311.8-2655                  5799          NF      0.0618      0.0025      0.0003      0.2515      0.0252
2PIGG_J2227.0-3041                  5798           F      0.0729      0.2277      0.0068     32.3975      0.9675
3C_28.0                             3233           F      0.1952      1.3617      0.0454   1633.4775     54.4612
3C_295                              2254           F      0.4641     22.7201      0.6816 203380.5509   6101.3899
3C_388                              5295           F      0.0917      5.5968      0.1854   1294.0981     42.8684
4C_55.16                            4940           F      0.2420      8.2831      0.2485  16141.1180    484.2472
ABELL_0013                          4945          NF      0.0940      0.0025      0.0003      0.6094      0.0609
ABELL_0068                          3250          NF      0.2546      0.0025      0.0003      5.4701      0.5470
ABELL_0085                           904           F      0.0558      0.0567      0.0025      4.6103      0.2033
ABELL_0119                          4180          NF      0.0442      0.0025      0.0003      0.1254      0.0125
ABELL_0133                          2203          NF      0.0558      0.0025      0.0003      0.2033      0.0203
ABELL_0168                          3203          NF      0.0450      0.0025      0.0003      0.1301      0.0130
ABELL_0168                          3204          NF      0.0450      0.0025      0.0003      0.1301      0.0130
ABELL_0209                          3579          NF      0.2060      0.0025      0.0003      3.3840      0.3384
ABELL_0209                           522          NF      0.2060      0.0025      0.0003      3.3840      0.3384
ABELL_0262                          2215           F      0.0164      0.0657      0.0023      0.4347      0.0152
ABELL_0267                          1448          NF      0.2300      0.0025      0.0003      4.3399      0.4340
ABELL_0267                          3580          NF      0.2300      0.0025      0.0003      4.3399      0.4340
ABELL_0370                           515          NF      0.3747      0.0025      0.0003     13.4355      1.3436
ABELL_0383                          2321           F      0.1871      0.0409      0.0013     44.6304      1.4186
ABELL_0399                          3230          NF      0.0716      0.0025      0.0003      0.3425      0.0342
ABELL_0401                          2309          NF      0.0745      0.0025      0.0003      0.3723      0.0372
ABELL_0401                           518          NF      0.0745      0.0025      0.0003      0.3723      0.0372
ABELL_0478                          1669           F      0.0883      0.0369      0.0015      7.8734      0.3201
ABELL_0478                          6102           F      0.0883      0.0369      0.0015      7.8734      0.3201
ABELL_0496                          3361           F      0.0328      0.1206      0.0043      3.2735      0.1167
ABELL_0514                          3578          NF      0.0720      0.0025      0.0003      0.3465      0.0347
ABELL_0520                          4215          NF      0.2020      0.0025      0.0003      3.2382      0.3238
ABELL_0521                           430          NF      0.2533      0.0025      0.0003      5.4064      0.5406
ABELL_0576                          3289          NF      0.0385      0.0025      0.0003      0.0943      0.0094
ABELL_0586                           530           F      0.1710      0.0055      0.0005      4.9137      0.4467
ABELL_0611                          3194          NF      0.2880      0.0025      0.0003      7.2625      0.7262
ABELL_0644                          2211          NF      0.0698      0.0025      0.0003      0.3246      0.0325
ABELL_0665                          3586          NF      0.1810      0.0025      0.0003      2.5338      0.2534
ABELL_0697                          4217          NF      0.2820      0.0025      0.0003      6.9178      0.6918
ABELL_0754                           577          NF      0.0543      0.0025      0.0003      0.1921      0.0192
ABELL_0773                          5006          NF      0.2170      0.0025      0.0003      3.8046      0.3805
ABELL_0907                          3185           F      0.1527      0.0686      0.0025     47.7444      1.7400
ABELL_0963                           903          NF      0.2056      0.0025      0.0003      3.3692      0.3369
ABELL_1060                          2220          NF      0.0125      0.0025      0.0003      0.0096      0.0010
ABELL_1063S                         4966          OA      0.3540     -0.4440     -0.5550     -0.0000     -0.0000
ABELL_1068                          1652           F      0.1375      0.0231      0.0011     12.7801      0.6086
ABELL_1201                          4216          NF      0.1688      0.0025      0.0003      2.1704      0.2170
ABELL_1204                          2205          NF      0.1706      0.0025      0.0003      2.2219      0.2222
ABELL_1361                          2200           F      0.1171      0.8632      0.0259    337.0631     10.1135
ABELL_1413                          5003           F      0.1426      0.0035      0.0005      2.0967      0.2995
ABELL_1423                           538           F      0.2130      0.0333      0.0014     48.5950      2.0430
ABELL_1644                          2206           F      0.0471      0.0984      0.0030      5.6275      0.1716
ABELL_1650                          4178          NF      0.0843      0.0025      0.0003      0.4835      0.0483
ABELL_1651                          4185           F      0.0840      0.0060      0.0005      1.1516      0.0960
ABELL_1664                          1648           F      0.1276      0.0364      0.0012     17.1166      0.5643
ABELL_1689                          1663           F      0.1843      0.0103      0.0005     10.8679      0.5276
ABELL_1689                          5004          NF      0.1843      0.0025      0.0003      2.6378      0.2638
ABELL_1689                           540           F      0.1843      0.0103      0.0005     10.8679      0.5276
ABELL_1736                          4186          NF      0.0338      0.0025      0.0003      0.0722      0.0072
ABELL_1758                          2213          NF      0.2792      0.0025      0.0003      6.7605      0.6760
ABELL_1763                          3591          NF      0.1866      0.0025      0.0003      2.7118      0.2712
ABELL_1795                           493           F      0.0622      0.9245      0.0277     94.2854      2.8250
ABELL_1795                          5289           F      0.0625      0.9245      0.0277     95.2389      2.8536
ABELL_1835                           495           F      0.2532      0.0393      0.0016     84.9120      3.4570
ABELL_1914                          3593          NF      0.1712      0.0025      0.0003      2.2393      0.2239
ABELL_1942                          3290           F      0.2240      0.7433      0.0239   1215.3407     39.0780
ABELL_1991                          3193           F      0.0565      0.0390      0.0012      3.2545      0.1001
ABELL_1995                           906          NF      0.3186      0.0025      0.0003      9.1810      0.9181
ABELL_2029                          4977           F      0.0765      0.5278      0.0182     83.1245      2.8664
ABELL_2029                          6101           F      0.0765      0.5278      0.0182     83.1245      2.8664
ABELL_2029                           891           F      0.0761      0.5278      0.0182     82.2104      2.8348
ABELL_2034                          2204          NF      0.1130      0.0025      0.0003      0.9040      0.0904
ABELL_2052                          5807           F      0.0353      5.4993      0.2091    173.5508      6.5989
ABELL_2052                           890           F      0.0353      5.4993      0.2091    173.5508      6.5989
ABELL_2063                          4187           F      0.0351      0.0146      0.0006      0.4554      0.0187
ABELL_2063                          6263           F      0.0351      0.0146      0.0006      0.4554      0.0187
ABELL_2065                         31821          NF      0.0730      0.0025      0.0003      0.3567      0.0357
ABELL_2069                          4965          NF      0.1160      0.0025      0.0003      0.9565      0.0957
ABELL_2104                           895          NF      0.1554      0.0025      0.0003      1.8083      0.1808
ABELL_2111                           544          NF      0.2300      0.0025      0.0003      4.3399      0.4340
ABELL_2124                          3238          NF      0.0658      0.0025      0.0003      0.2868      0.0287
ABELL_2125                          2207           F      0.2465      0.0411      0.0016     83.5258      3.2516
ABELL_2142                          1196          NF      0.0898      0.0025      0.0003      0.5529      0.0553
ABELL_2142                          1228          NF      0.0898      0.0025      0.0003      0.5529      0.0553
ABELL_2142                          5005          NF      0.0898      0.0025      0.0003      0.5529      0.0553
ABELL_2147                          3211          NF      0.0356      0.0025      0.0003      0.0803      0.0080
ABELL_2163                          1653          NF      0.1695      0.0025      0.0003      2.1903      0.2190
ABELL_2199                           497           F      0.0300      3.6787      0.1233     83.1768      2.7879
ABELL_2204                           499           F      0.1524      0.0693      0.0025     48.0237      1.7325
ABELL_2204                          6104           F      0.1524      0.0693      0.0025     48.0237      1.7325
ABELL_2218                          1666          NF      0.1713      0.0025      0.0003      2.2422      0.2242
ABELL_2219                           896          NF      0.2256      0.0025      0.0003      4.1540      0.4154
ABELL_2244                          4179           F      0.0967      0.0031      0.0004      0.8027      0.1036
ABELL_2255                           894          NF      0.0805      0.0025      0.0003      0.4385      0.0438
ABELL_2256                          1386          NF      0.0579      0.0025      0.0003      0.2195      0.0220
ABELL_2259                          3245          NF      0.1640      0.0025      0.0003      2.0363      0.2036
ABELL_2261                          5007           F      0.2240      0.0053      0.0005      8.6658      0.8175
ABELL_2294                          3246          NF      0.1780      0.0025      0.0003      2.4414      0.2441
ABELL_2319                          3231          NF      0.0562      0.0025      0.0003      0.2063      0.0206
ABELL_2384                          4202          NF      0.0945      0.0025      0.0003      0.6163      0.0616
ABELL_2390                          4193           F      0.2301      0.2353      0.0083    408.8757     14.4227
ABELL_2409                          3247          NF      0.1479      0.0025      0.0003      1.6222      0.1622
ABELL_2537                          4962          NF      0.2950      0.0025      0.0003      7.6775      0.7677
ABELL_2550                          2225           F      0.1543      0.0043      0.0005      3.0621      0.3561
ABELL_2554                          1696          NF      0.1103      0.0025      0.0003      0.8581      0.0858
ABELL_2556                          2226          NF      0.0862      0.0025      0.0003      0.5069      0.0507
ABELL_2597                           922           F      0.0854      1.8746      0.0562    372.6155     11.1709
ABELL_2626                          3192           F      0.0573      0.0545      0.0024      4.6832      0.2062
ABELL_2631                          3248          NF      0.2779      0.0025      0.0003      6.6881      0.6688
ABELL_2634                          4816          NF      0.0314      0.0025      0.0003      0.0621      0.0062
ABELL_2667                          2214           F      0.2300      0.0194      0.0010     33.6777      1.7360
ABELL_2670                          4959           F      0.0763      0.0062      0.0005      0.9711      0.0783
ABELL_2717                          6974           F      0.0475      0.5155      0.0173     30.0022      1.0069
ABELL_2744                          2212          NF      0.3080      0.0025      0.0003      8.4855      0.8486
ABELL_3112                          2516          OA      0.0720     -0.4440     -0.5550     -0.0000     -0.0000
ABELL_3128                           893          OA      0.0624     -0.4440     -0.5550     -0.0000     -0.0000
ABELL_3158                          3201          OA      0.0580     -0.4440     -0.5550     -0.0000     -0.0000
ABELL_3158                          3712          OA      0.0586     -0.4440     -0.5550     -0.0000     -0.0000
ABELL_3164                          6955          OA      0.0570     -0.4440     -0.5550     -0.0000     -0.0000
ABELL_3266                           899          OA      0.0590     -0.4440     -0.5550     -0.0000     -0.0000
ABELL_3376                          3202          NF      0.0456      0.0025      0.0003      0.1337      0.0134
ABELL_3376                          3450          NF      0.0456      0.0025      0.0003      0.1337      0.0134
ABELL_3391                          4943          OA      0.0560     -0.4440     -0.5550     -0.0000     -0.0000
ABELL_3558                          1646           F      0.0480      0.0040      0.0006      0.2379      0.0357
ABELL_3562                          4167          NF      0.0490      0.0025      0.0003      0.1552      0.0155
ABELL_3571                          4203          NF      0.0391      0.0025      0.0003      0.0974      0.0097
ABELL_3667                          5751          OA      0.0556     -0.4440     -0.5550     -0.0000     -0.0000
ABELL_3667                          5752          OA      0.0556     -0.4440     -0.5550     -0.0000     -0.0000
ABELL_3667                          5753          OA      0.0556     -0.4440     -0.5550     -0.0000     -0.0000
ABELL_3667                           889          OA      0.0566     -0.4440     -0.5550     -0.0000     -0.0000
ABELL_3921                          4973          NF      0.0927      0.0025      0.0003      0.5916      0.0592
ABELL_4038                          4992           F      0.0300      0.0275      0.0013      0.6218      0.0294
AC_114                              1562          NF      0.3120      0.0025      0.0003      8.7441      0.8744
AWM7                                 908          NF      0.0172      0.0025      0.0003      0.0182      0.0018
CENTAURUS                           4954          OA      0.0109     -0.4440     -0.5550     -0.0000     -0.0000
CL_0024+17                           929           F      0.3940      0.0026      0.0004     15.7382      2.4213
CL_J0030+2618                       1190          NF      0.5000      0.0025      0.0003     26.7837      2.6784
CL_J0030+2618                       1226          NF      0.5000      0.0025      0.0003     26.7837      2.6784
CL_J0030+2618                       5762          NF      0.5000      0.0025      0.0003     26.7837      2.6784
CL_J0848+4456                       1708          NF      0.5740      0.0025      0.0003     37.4560      3.7456
CL_J0848+4456                        927          NF      0.5740      0.0025      0.0003     37.4560      3.7456
CL_J1226.9+3332                     3180           F      0.8900      0.0043      0.0005    190.3130     22.1294
CL_J1226.9+3332                     5014           F      0.8900      0.0043      0.0005    190.3130     22.1294
CL_J2302.8+0844                      918           F      0.7300      0.0252      0.0009    681.8106     24.3504
COMA                                 556          NF      0.0231      0.0025      0.0003      0.0332      0.0033
CYGNUS_A                             360          NF      0.0561      0.0025      0.0003      0.2056      0.0206
DLS_J0514-4904                      4980          OA      0.0912     -0.4440     -0.5550     -0.0000     -0.0000
ESO_3060170                         3189          OA      0.0358     -0.4440     -0.5550     -0.0000     -0.0000
ESO_5520200                         3206          NF      0.0314      0.0025      0.0003      0.0621      0.0062
EXO_0422-086                        4183           F      0.0397      0.1124      0.0034      4.5165      0.1366
HERCULES_A                          1625          NF      0.1541      0.0025      0.0003      1.7752      0.1775
HYDRA_A                             4970           F      0.0549     40.8499      1.2788   3210.9906    100.5196
HYDRA_A                              576           F      0.0522     40.8499      1.2788   2891.3585     90.5136
IRAS_09104+4109                      509           F      0.4420      0.0159      0.0009    126.6012      7.1661
LYNX_E                             17081          NF      0.5740      0.0025      0.0003     37.4560      3.7456
LYNX_E                              9271          NF      1.2600      0.0025      0.0003    263.6781     26.3678
MACS_J0011.7-1523                   3261           F      0.3600      0.0311      0.0015    152.0755      7.3348
MACS_J0011.7-1523                   6105           F      0.3600      0.0311      0.0015    152.0755      7.3348
MACS_J0025.4-1222                   3251          NF      0.5843      0.0025      0.0003     39.1190      3.9119
MACS_J0025.4-1222                   5010          NF      0.5843      0.0025      0.0003     39.1190      3.9119
MACS_J0035.4-2015                   3262          NF      0.3644      0.0025      0.0003     12.5798      1.2580
MACS_J0111.5+0855                   3256          NF      0.2627      0.0025      0.0003      5.8769      0.5877
MACS_J0152.5-2852                   3264          NF      0.3407      0.0025      0.0003     10.7397      1.0740
MACS_J0159.0-3412                   5818          NF      0.4584      0.0025      0.0003     21.7240      2.1724
MACS_J0159.8-0849                   3265           F      0.4050      0.0367      0.0012    237.1731      7.7550
MACS_J0159.8-0849                   6106           F      0.4050      0.0367      0.0012    237.1731      7.7550
MACS_J0242.5-2132                   3266           F      0.3140      1.2549      0.0377   4454.9464    133.8365
MACS_J0257.1-2325                   1654          NF      0.5053      0.0025      0.0003     27.4757      2.7476
MACS_J0257.1-2325                   3581          NF      0.5053      0.0025      0.0003     27.4757      2.7476
MACS_J0257.6-2209                   3267          NF      0.3224      0.0025      0.0003      9.4385      0.9438
MACS_J0308.9+2645                   3268          NF      0.3240      0.0025      0.0003      9.5482      0.9548
MACS_J0329.6-0211                   3257           F      0.4500      0.0069      0.0006     57.3542      4.9873
MACS_J0329.6-0211                   3582           F      0.4500      0.0069      0.0006     57.3542      4.9873
MACS_J0329.6-0211                   6108           F      0.4500      0.0069      0.0006     57.3542      4.9873
MACS_J0417.5-1154                   3270           F      0.4400      0.0298      0.0017    234.7141     13.3897
MACS_J0429.6-0253                   3271           F      0.3990      0.1388      0.0042    865.7203     26.1961
MACS_J0455.2+0657                   5812          NF      0.4247      0.0025      0.0003     18.0928      1.8093
MACS_J0520.7-1328                   3272           F      0.3398      0.0930      0.0028    397.0481     11.9541
MACS_J0547.0-3904                   3273           F      0.2100      0.0314      0.0010     44.3815      1.4134
MACS_J0553.4-3342                   5813          NF      0.4067      0.0025      0.0003     16.3180      1.6318
MACS_J0717.5+3745                   1655          NF      0.5480      0.0025      0.0003     33.4543      3.3454
MACS_J0717.5+3745                   4200          NF      0.5480      0.0025      0.0003     33.4543      3.3454
MACS_J0744.8+3927                   3197          NF      0.6860      0.0025      0.0003     58.0112      5.8011
MACS_J0744.8+3927                   3585          NF      0.6860      0.0025      0.0003     58.0112      5.8011
MACS_J0744.8+3927                   6111          NF      0.6860      0.0025      0.0003     58.0112      5.8011
MACS_J0911.2+1746                   5012          NF      0.5409      0.0025      0.0003     32.4096      3.2410
MACS_J1006.9+3200                   5819          NF      0.3587      0.0025      0.0003     12.1210      1.2121
MACS_J1105.7-1014                   5817          NF      0.4664      0.0025      0.0003     22.6466      2.2647
MACS_J1108.8+0906                   3252          NF      0.4493      0.0025      0.0003     20.7031      2.0703
MACS_J1108.8+0906                   5009          NF      0.4493      0.0025      0.0003     20.7031      2.0703
MACS_J1115.2+5320                   3253          NF      0.4390      0.0025      0.0003     19.5838      1.9584
MACS_J1115.2+5320                   5008          NF      0.4390      0.0025      0.0003     19.5838      1.9584
MACS_J1115.2+5320                   5350          NF      0.4390      0.0025      0.0003     19.5838      1.9584
MACS_J1115.8+0129                   3275           F      0.1200      0.0162      0.0010      6.6691      0.4117
MACS_J1131.8-1955                   3276          NF      0.3070      0.0025      0.0003      8.4216      0.8422
MACS_J1149.5+2223                   1656          NF      0.1761      0.0025      0.0003      2.3839      0.2384
MACS_J1149.5+2223                   3589          NF      0.1761      0.0025      0.0003      2.3839      0.2384
MACS_J1206.2-0847                   3277           F      0.4400      0.1609      0.0063   1267.2986     49.6208
MACS_J1311.0-0310                   3258          NF      0.4940      0.0025      0.0003     26.0134      2.6013
MACS_J1311.0-0310                   6110          NF      0.4940      0.0025      0.0003     26.0134      2.6013
MACS_J1427.2+4407                   6112           F      0.4771      0.0479      0.0018    458.2648     17.2208
MACS_J1621.3+3810                   3254           F      0.4650      0.0088      0.0005     79.1417      4.4967
MACS_J1621.3+3810                   3594           F      0.4610      0.0088      0.0005     77.5148      4.4042
MACS_J1621.3+3810                   6109           F      0.4610      0.0088      0.0005     77.5148      4.4042
MACS_J1621.3+3810                   6172           F      0.4610      0.0088      0.0005     77.5148      4.4042
MACS_J1731.6+2252                   3281           F      0.3661      0.0189      0.0011     96.1532      5.5962
MACS_J1931.8-2634                   3282          NF      0.3520      0.0025      0.0003     11.5949      1.1595
MACS_J2046.0-3430                   5816           F      0.4133      0.0081      0.0005     54.9365      3.3911
MACS_J2049.9-3217                   3283          NF      0.3254      0.0025      0.0003      9.6448      0.9645
MACS_J2211.7-0349                   3284          NF      0.2700      0.0025      0.0003      6.2586      0.6259
MACS_J2214.9-1359                   3259          NF      0.5026      0.0025      0.0003     27.1218      2.7122
MACS_J2214.9-1359                   5011          NF      0.5026      0.0025      0.0003     27.1218      2.7122
MACS_J2228+2036                     3285          NF      0.4120      0.0025      0.0003     16.8289      1.6829
MACS_J2229.7-2755                   3286           F      0.3240      0.0073      0.0005     27.8807      1.9096
MACS_J2243.3-0935                   3260          NF      0.1010      0.0025      0.0003      0.7104      0.0710
MACS_J2245.0+2637                   3287           F      0.3040      0.0058      0.0005     19.0974      1.6463
MKW3S                                900           F      0.0450      0.0113      0.0010      0.5881      0.0520
MKW_04                              3234          NF      0.0198      0.0025      0.0003      0.0242      0.0024
MS_0016.9+1609                       520          NF      0.5410      0.0025      0.0003     32.4242      3.2424
MS_0440.5+0204                      4196           F      0.1900      0.0406      0.0016     45.8503      1.8069
MS_0451.6-0305                       902          NF      0.5386      0.0025      0.0003     32.0756      3.2076
MS_0735.6+7421                      4197           F      0.2160      0.0211      0.0014     31.7780      2.1085
MS_0839.8+2938                      2224           F      0.1940      0.0247      0.0008     29.2238      0.9465
MS_0906.5+1110                       924          NF      0.1630      0.0025      0.0003      2.0089      0.2009
MS_1006.0+1202                       925           F      0.2210      0.0045      0.0006      7.1368      0.9516
MS_1008.1-1224                       926          NF      0.3010      0.0025      0.0003      8.0443      0.8044
MS_1054.5-0321                       512           F      0.8300      0.0141      0.0009    524.5345     33.4809
MS_1455.0+2232                      4192           F      0.2590      0.0165      0.0013     37.5465      2.9582
MS_1621.5+2640                       546           F      0.4260      0.0098      0.0005     71.4433      3.6451
MS_2053.7-0449                      1667          NF      0.5830      0.0025      0.0003     38.9066      3.8907
MS_2053.7-0449                       551          NF      0.5830      0.0025      0.0003     38.9066      3.8907
MS_2137.3-2353                      4974           F      0.3130      0.0038      0.0005     13.3903      1.7619
MS_J1157.3+5531                     4964          NF      0.0810      0.0025      0.0003      0.4443      0.0444
NGC_6338                            4194           F      0.0280      0.0570      0.0018      1.1193      0.0353
OPHIUCHUS                           3200           F      0.0280      0.0288      0.0010      0.5655      0.0196
PKS_0745-191                        2427           F      0.1028      2.3720      0.0837    699.9968     24.7006
PKS_0745-191                         508           F      0.1028      2.3720      0.0837    699.9968     24.7006
PKS_0745-191                        6103           F      0.1028      2.3720      0.0837    699.9968     24.7006
RBS_0797                            2202           F      0.3540      0.0217      0.0008    101.9940      3.7601
RX_J0232.2-4420                     4993          OA      0.2836     -0.4440     -0.5550     -0.0000     -0.0000
RX_J0340-4542                       6954          OA      0.0818     -0.4440     -0.5550     -0.0000     -0.0000
RX_J0439+0520                        527           F      0.2080      0.0815      0.0029    112.7399      4.0116
RX_J0439.0+0715                     1449          NF      0.2300      0.0025      0.0003      4.3399      0.4340
RX_J0439.0+0715                     3583          NF      0.2300      0.0025      0.0003      4.3399      0.4340
RX_J0528.9-3927                     4994           F      0.2632      0.0047      0.0006     11.0968      1.4166
RX_J0647.7+7015                     3196          NF      0.5840      0.0025      0.0003     39.0699      3.9070
RX_J0647.7+7015                     3584          NF      0.5840      0.0025      0.0003     39.0699      3.9070
RX_J0819.6+6336                     2199           F      0.1190      0.0344      0.0014     13.9077      0.5660
RX_J1347.5-1145                     3592           F      0.4510      0.0459      0.0015    383.5676     12.5349
RX_J1347.5-1145                      507           F      0.4510      0.0459      0.0015    383.5676     12.5349
RX_J1423.8+2404                     1657           F      0.5450      0.0080      0.0011    105.6333     14.5246
RX_J1423.8+2404                     4195           F      0.5450      0.0080      0.0011    105.6333     14.5246
RX_J1504.1-0248                     5793           F      0.2150      0.0605      0.0025     90.1683      3.7260
RX_J1532.9+3021                     1649           F      0.3450      0.0228      0.0008    100.8713      3.5393
RX_J1532.9+3021                     1665           F      0.3450      0.0228      0.0008    100.8713      3.5393
RX_J1720.1+2638                     4361           F      0.1640      0.0877      0.0033     71.4319      2.6879
RX_J1720.2+3536                     3280           F      0.3913      0.0180      0.0010    107.1933      5.9552
RX_J1720.2+3536                     6107           F      0.3913      0.0180      0.0010    107.1933      5.9552
RX_J1720.2+3536                     7225           F      0.3913      0.0180      0.0010    107.1933      5.9552
RX_J2011.3-5725                     4995          OA      0.2786     -0.4440     -0.5550     -0.0000     -0.0000
RX_J2129.6+0005                      552           F      0.2350      0.0254      0.0012     46.2995      2.1874
S0463                               6956          OA      0.0986     -0.4440     -0.5550     -0.0000     -0.0000
S0463                               7250          OA      0.0986     -0.4440     -0.5550     -0.0000     -0.0000
SERSIC_159-03                       1668          OA      0.0580     -0.4440     -0.5550     -0.0000     -0.0000
TRIANG_AUSTR                        1281          OA      0.0510     -0.4440     -0.5550     -0.0000     -0.0000
ZWCL_1215                           4184          NF      0.0750      0.0025      0.0003      0.3776      0.0378
ZWCL_1358+6245                       516          NF      0.3280      0.0025      0.0003      9.8258      0.9826
ZWCL_1953                           1659           F      0.3800      0.0194      0.0012    107.7814      6.6669
ZWCL_3146                            909           F      0.2900      0.0071      0.0005     20.9582      1.4759
ZWCL_5247                            539          NF      0.2290      0.0025      0.0003      4.2972      0.4297
ZWCL_7160                            543           F      0.2578      0.0165      0.0013     37.1493      2.9269
ZWICKY_2701                         3195           F      0.2100      0.0145      0.0006     20.4946      0.8481
ZwCl_0848.5+3341                    4205          NF      0.3706      0.0025      0.0003     13.0908      1.3091
