R_in (pixel), R_out (pixel), SB (ct/pixel/sec), SB_error
0.000000 5.000000 2.467288e-04 9.142995e-06
5.000000 10.000000 9.182042e-05 3.253354e-06
10.000000 15.000000 5.221577e-05 1.941190e-06
15.000000 20.000000 3.360801e-05 1.291653e-06
20.000000 25.000000 2.462863e-05 9.852796e-07
25.000000 29.999999 1.864223e-05 7.752391e-07
29.999999 34.999999 1.734198e-05 6.866944e-07
34.999999 39.999999 1.649827e-05 6.307938e-07
39.999999 44.999999 1.406945e-05 5.441833e-07
44.999999 49.999999 1.543360e-05 5.401240e-07
49.999999 54.999999 1.513009e-05 5.091413e-07
54.999999 59.999999 1.373763e-05 4.617553e-07
59.999999 64.999999 1.429093e-05 4.549907e-07
64.999999 69.999999 1.282298e-05 4.145420e-07
69.999999 74.999999 1.301372e-05 4.027269e-07
74.999999 79.999998 1.203242e-05 3.756389e-07
79.999998 84.999998 1.086195e-05 3.452347e-07
84.999998 89.999998 1.082736e-05 3.361906e-07
89.999998 94.999998 9.973332e-06 3.142405e-07
94.999998 99.999998 9.650380e-06 3.011193e-07
99.999998 105.000000 8.349125e-06 2.743439e-07
105.000000 110.000000 7.026905e-06 2.468612e-07
110.000000 115.000000 5.559304e-06 2.161457e-07
115.000000 120.000000 4.279282e-06 1.881666e-07
120.000000 125.000000 3.590919e-06 1.707441e-07
125.000000 130.000000 2.820679e-06 1.501079e-07
130.000000 135.000000 2.826666e-06 1.470262e-07
135.000000 140.000000 2.279452e-06 1.317011e-07
140.000000 145.000000 2.134939e-06 1.268097e-07
145.000000 150.000000 1.907394e-06 1.182012e-07
150.000000 155.000000 1.599286e-06 1.093340e-07
155.000000 160.000000 1.594084e-06 1.076953e-07
160.000000 165.000000 1.535853e-06 1.037813e-07
165.000000 170.000000 1.407440e-06 9.909795e-08
170.000000 175.000000 1.224283e-06 9.198435e-08
175.000000 180.000000 1.214601e-06 9.111014e-08
180.000000 185.000000 1.289100e-06 9.159927e-08
185.000000 190.000000 1.170975e-06 8.784800e-08
190.000000 195.000000 1.174344e-06 8.552342e-08
195.000000 200.000000 1.068104e-06 8.188714e-08
200.000000 205.000000 1.063633e-06 8.024997e-08
205.000000 210.000000 8.937022e-07 7.482172e-08
210.000000 215.000000 1.008870e-06 7.649938e-08
215.000000 220.000000 9.439415e-07 7.478932e-08
220.000000 225.000000 8.618855e-07 7.189580e-08
225.000000 230.000000 8.546482e-07 7.002186e-08
230.000000 235.000000 7.405115e-07 6.720506e-08
235.000000 240.000000 7.097763e-07 6.584226e-08
240.000000 245.000000 7.294084e-07 6.579517e-08
245.000000 250.000000 6.862998e-07 6.270034e-08
250.000000 255.000000 7.378195e-07 6.411540e-08
255.000000 259.999990 6.650068e-07 6.241005e-08
259.999990 264.999990 6.512765e-07 6.000550e-08
264.999990 269.999990 6.157860e-07 5.945334e-08
269.999990 274.999990 6.065412e-07 5.840532e-08
274.999990 279.999990 6.064776e-07 5.773635e-08
279.999990 284.999990 5.457668e-07 5.555828e-08
284.999990 289.999990 4.105193e-07 5.153212e-08
289.999990 294.999990 5.208883e-07 5.444140e-08
294.999990 299.999990 4.862742e-07 5.218038e-08
