# Model: wabs(mekal) for r2500 spectra; Fit Range = 0.7 - 7.0; Count Rates = 0.7 - 7.0 keV
# Nh frozen = no; Fe frozen = no; Confidence Levels = 2.71; Systematic error = 0.00
# Cluster                  ObsID    Rin   Rout  nh20   nlo   nhi    Tx   Tlo   Thi    Fe  Felo  Fehi       Norm     Normlo     Normhi   Tx2  Tlo2  Thi2      Norm2    Normlo2    Normhi2       z     Cr   Src%  chisq    dof
1RXS_J2129.4-0741           3595   0.00   1.69  3.83  0.00  8.60  9.17  7.31 12.06  0.42  0.20  0.68   2.01e-03   1.83e-03   2.22e-03  0.00  0.00  0.00   0.00e+00   0.00e+00   0.00e+00  0.5700  0.141   71.1   1.04     94
3C_220.1                     839   0.00   1.46  0.00  0.00  2.80  7.05  5.37  9.31  0.00  0.00  0.17   9.15e-04   8.64e-04   1.02e-03  0.00  0.00  0.00   0.00e+00   0.00e+00   0.00e+00  0.6100  0.088   68.3   0.87     58
3C_28.0                     3233   0.00   2.30  2.74  1.24  4.29  4.88  4.60  5.20  0.30  0.24  0.37   4.67e-03   4.53e-03   4.81e-03  0.00  0.00  0.00   0.00e+00   0.00e+00   0.00e+00  0.1952  0.476   83.2   1.03    297
3C_295                      2254   0.00   1.64  0.00  0.00  0.50  4.90  4.63  5.19  0.48  0.39  0.58   1.65e-03   1.60e-03   1.69e-03  0.00  0.00  0.00   0.00e+00   0.00e+00   0.00e+00  0.4641  0.133   85.1   1.26    204
3C_388                      5295   0.00   4.10  4.48  2.18  6.88  3.26  3.03  3.51  0.69  0.55  0.85   2.89e-03   2.70e-03   3.12e-03  0.00  0.00  0.00   0.00e+00   0.00e+00   0.00e+00  0.0917  0.355   73.2   0.99    224
4C_55.16                    4940   0.00   2.02  3.97  3.03  4.91  4.13  3.98  4.28  0.55  0.50  0.61   4.56e-03   4.45e-03   4.67e-03  0.00  0.00  0.00   0.00e+00   0.00e+00   0.00e+00  0.2420  0.603   58.1   0.96    334
ABELL_0068                  3250   0.00   3.01  7.35  3.69 11.22  7.62  6.37  9.35  0.32  0.14  0.52   4.92e-03   4.59e-03   5.29e-03  0.00  0.00  0.00   0.00e+00   0.00e+00   0.00e+00  0.2546  0.461   70.3   1.08    147
ABELL_0085                   904   0.00   4.81  1.00  0.60  1.39  5.67  5.57  5.77  0.55  0.53  0.58   4.84e-02   4.79e-02   4.88e-02  0.00  0.00  0.00   0.00e+00   0.00e+00   0.00e+00  0.0558  6.640   95.3   1.54    426
ABELL_0133                  2203   0.00   2.57  0.69  0.09  1.31  3.45  3.37  3.54  0.83  0.77  0.89   1.15e-02   1.12e-02   1.18e-02  0.00  0.00  0.00   0.00e+00   0.00e+00   0.00e+00  0.0558  2.487   84.4   1.24    344
ABELL_0267                  3580   0.00   2.67  0.00  0.00  1.29  7.49  6.82  8.26  0.30  0.18  0.44   4.46e-03   4.33e-03   4.61e-03  0.00  0.00  0.00   0.00e+00   0.00e+00   0.00e+00  0.2300  0.457   76.1   1.11    199
ABELL_0370                   515   0.00   1.96  0.00  0.00  0.44 13.09 11.67 14.83  0.50  0.34  0.66   2.43e-03   2.36e-03   2.50e-03  0.00  0.00  0.00   0.00e+00   0.00e+00   0.00e+00  0.3747  0.334   75.1   1.10    288
ABELL_0383                  2321   0.00   2.39  1.71  0.41  3.03  4.47  4.22  4.74  0.62  0.52  0.72   6.24e-03   6.00e-03   6.49e-03  0.00  0.00  0.00   0.00e+00   0.00e+00   0.00e+00  0.1871  1.025   71.2   1.09    230
ABELL_0399                  3230   0.00   6.65  9.75  9.01 10.49  6.71  6.46  6.97  0.15  0.11  0.19   2.12e-02   2.10e-02   2.15e-02  0.00  0.00  0.00   0.00e+00   0.00e+00   0.00e+00  0.0716  2.272   73.0   1.36    425
ABELL_0478                  1669   0.00   3.39 29.23 28.86 29.59  6.79  6.67  6.91  0.37  0.35  0.40   6.79e-02   6.74e-02   6.83e-02  0.00  0.00  0.00   0.00e+00   0.00e+00   0.00e+00  0.0883  8.360   89.1   1.24    427
ABELL_0478                  6102   0.00   5.95 30.24 29.15 31.34  6.74  6.47  7.04  0.41  0.36  0.46   7.08e-02   6.97e-02   7.20e-02  0.00  0.00  0.00   0.00e+00   0.00e+00   0.00e+00  0.0883  6.650   89.6   1.03    409
ABELL_0496                  3361   0.00   2.46  3.85  3.18  4.58  3.87  3.76  3.97  0.88  0.81  0.94   3.01e-02   2.94e-02   3.09e-02  0.00  0.00  0.00   0.00e+00   0.00e+00   0.00e+00  0.0328  6.236   93.8   1.11    322
ABELL_0520                  4215   0.00   3.08  3.04  1.96  4.14  8.02  7.55  8.55  0.26  0.20  0.32   7.17e-03   7.03e-03   7.31e-03  0.00  0.00  0.00   0.00e+00   0.00e+00   0.00e+00  0.2020  0.715   79.4   1.18    386
ABELL_0521                   430   0.00   2.48  4.10  2.36  5.91  7.03  6.27  7.97  0.37  0.25  0.50   4.06e-03   3.90e-03   4.23e-03  0.00  0.00  0.00   0.00e+00   0.00e+00   0.00e+00  0.2533  0.560   44.0   1.15    234
ABELL_0576                  3289   0.00   3.85  6.39  5.59  7.19  3.98  3.85  4.13  0.43  0.38  0.48   1.19e-02   1.16e-02   1.22e-02  0.00  0.00  0.00   0.00e+00   0.00e+00   0.00e+00  0.0385  1.966   55.1   0.97    346
ABELL_0586                   530   0.00   3.82  0.99  0.00  3.31  7.27  6.46  8.14  0.45  0.30  0.61   7.97e-03   7.64e-03   8.35e-03  0.00  0.00  0.00   0.00e+00   0.00e+00   0.00e+00  0.1710  0.939   81.4   0.87    201
ABELL_0611                  3194   0.00   2.25  2.89  1.38  4.46  7.63  6.90  8.49  0.36  0.26  0.47   4.02e-03   3.89e-03   4.16e-03  0.00  0.00  0.00   0.00e+00   0.00e+00   0.00e+00  0.2880  0.531   57.8   0.99    250
ABELL_0644                  2211   0.00   6.38  9.06  8.46  9.66  6.60  6.41  6.80  0.33  0.29  0.37   4.11e-02   4.06e-02   4.16e-02  0.00  0.00  0.00   0.00e+00   0.00e+00   0.00e+00  0.0698  4.802   85.5   1.35    422
ABELL_0665                  3586   0.00   3.56  2.43  1.14  3.74  7.60  7.09  8.19  0.24  0.17  0.31   1.05e-02   1.02e-02   1.07e-02  0.00  0.00  0.00   0.00e+00   0.00e+00   0.00e+00  0.1810  1.091   81.9   1.02    344
ABELL_0697                  4217   0.00   2.66  0.00  0.00  0.81 10.69  9.79 11.73  0.37  0.24  0.50   7.35e-03   7.18e-03   7.53e-03  0.00  0.00  0.00   0.00e+00   0.00e+00   0.00e+00  0.2820  0.718   84.4   0.98    252
ABELL_0773                  5006   0.00   3.13  0.53  0.00  2.65  7.62  6.80  8.36  0.30  0.19  0.41   6.57e-03   6.38e-03   6.84e-03  0.00  0.00  0.00   0.00e+00   0.00e+00   0.00e+00  0.2170  0.669   76.6   1.11    247
ABELL_0781                   534   0.00   2.79  0.00  0.00  2.72  5.61  4.83  6.56  0.26  0.05  0.50   2.62e-03   2.45e-03   2.82e-03  0.00  0.00  0.00   0.00e+00   0.00e+00   0.00e+00  0.2984  0.251   69.7   1.34     87
ABELL_0907                  3185   0.00   3.19  3.31  2.31  4.34  5.38  5.16  5.60  0.41  0.36  0.46   9.23e-03   9.05e-03   9.43e-03  0.00  0.00  0.00   0.00e+00   0.00e+00   0.00e+00  0.1527  1.020   84.8   1.15    374
ABELL_0963                   903   0.00   2.87  0.94  0.01  1.90  6.79  6.39  7.23  0.35  0.28  0.43   7.19e-03   7.02e-03   7.37e-03  0.00  0.00  0.00   0.00e+00   0.00e+00   0.00e+00  0.2056  1.107   67.2   1.05    332
ABELL_1060                  2220   0.00   3.66  2.99  2.24  3.73  3.52  3.44  3.61  0.47  0.43  0.51   1.89e-02   1.85e-02   1.93e-02  0.00  0.00  0.00   0.00e+00   0.00e+00   0.00e+00  0.0125  2.356   93.9   1.26    364
ABELL_1068                  1652   0.00   3.05  0.43  0.00  1.25  3.95  3.81  4.09  0.45  0.40  0.51   1.08e-02   1.05e-02   1.11e-02  0.00  0.00  0.00   0.00e+00   0.00e+00   0.00e+00  0.1375  1.816   75.6   1.09    317
ABELL_1201                  4216   0.00   2.75  1.43  0.00  3.10  5.55  5.06  6.12  0.39  0.28  0.50   4.29e-03   4.11e-03   4.48e-03  0.00  0.00  0.00   0.00e+00   0.00e+00   0.00e+00  0.1688  0.642   47.7   1.07    239
ABELL_1204                  2205   0.00   2.52  0.00  0.00  0.87  3.50  3.39  3.62  0.38  0.31  0.45   8.05e-03   7.83e-03   8.28e-03  0.00  0.00  0.00   0.00e+00   0.00e+00   0.00e+00  0.1706  0.857   88.8   1.20    243
ABELL_1361                  2200   0.00   2.94  0.22  0.00  3.24  4.45  3.87  5.02  0.55  0.35  0.80   6.47e-03   6.11e-03   7.09e-03  0.00  0.00  0.00   0.00e+00   0.00e+00   0.00e+00  0.1171  1.209   64.3   1.03    109
ABELL_1413                  5003   0.00   2.79  0.79  0.08  1.52  7.49  7.21  7.78  0.32  0.28  0.36   1.31e-02   1.29e-02   1.33e-02  0.00  0.00  0.00   0.00e+00   0.00e+00   0.00e+00  0.1426  1.277   90.2   1.09    405
ABELL_1423                   538   0.00   3.17  0.07  0.00  3.55  5.53  4.79  6.15  0.34  0.18  0.52   4.57e-03   4.41e-03   4.92e-03  0.00  0.00  0.00   0.00e+00   0.00e+00   0.00e+00  0.2130  0.497   77.6   0.96    139
ABELL_1650                  4178   0.00   2.94  2.04  1.42  2.68  5.82  5.63  6.03  0.42  0.38  0.47   1.83e-02   1.80e-02   1.86e-02  0.00  0.00  0.00   0.00e+00   0.00e+00   0.00e+00  0.0843  3.051   79.7   0.99    374
ABELL_1651                  4185   0.00   6.31  1.37  0.09  2.66  6.06  5.70  6.46  0.35  0.27  0.43   2.54e-02   2.48e-02   2.61e-02  0.00  0.00  0.00   0.00e+00   0.00e+00   0.00e+00  0.0840  3.121   81.1   1.16    335
ABELL_1664                  1648   0.00   2.94  7.41  5.86  9.05  3.50  3.29  3.73  0.40  0.31  0.48   9.56e-03   9.13e-03   1.01e-02  0.00  0.00  0.00   0.00e+00   0.00e+00   0.00e+00  0.1276  1.402   61.0   1.04    196
ABELL_1682                  3244   0.00   3.10  0.00  0.00  4.88  6.31  4.97  7.91  0.39  0.09  0.74   3.63e-03   3.36e-03   4.01e-03  0.00  0.00  0.00   0.00e+00   0.00e+00   0.00e+00  0.2260  0.365   46.7   1.11     81
ABELL_1689                  5004   0.00   3.87  0.00  0.00  0.70  9.84  9.31 10.36  0.38  0.31  0.46   1.94e-02   1.92e-02   1.97e-02  0.00  0.00  0.00   0.00e+00   0.00e+00   0.00e+00  0.1843  2.121   88.3   1.25    374
ABELL_1758                  2213   0.00   2.51  0.00  0.00  0.44 11.51 10.69 12.48  0.51  0.39  0.63   4.90e-03   4.79e-03   5.01e-03  0.00  0.00  0.00   0.00e+00   0.00e+00   0.00e+00  0.2792  0.683   47.4   1.14    344
ABELL_1763                  3591   0.00   3.17  0.00  0.00  1.95  7.41  6.63  8.05  0.15  0.05  0.25   6.47e-03   6.32e-03   6.71e-03  0.00  0.00  0.00   0.00e+00   0.00e+00   0.00e+00  0.1866  0.677   77.5   1.16    243
ABELL_1795                  5289   0.00   6.58  0.23  0.00  0.86  5.59  5.43  5.71  0.41  0.37  0.44   6.11e-02   6.05e-02   6.20e-02  0.00  0.00  0.00   0.00e+00   0.00e+00   0.00e+00  0.0625  7.723   94.2   1.31    412
ABELL_1835                   495   0.00   2.64  1.74  0.96  2.54  8.21  7.74  8.71  0.30  0.25  0.36   1.83e-02   1.80e-02   1.87e-02  0.00  0.00  0.00   0.00e+00   0.00e+00   0.00e+00  0.2532  2.688   89.3   1.04    347
ABELL_1914                  3593   0.00   4.00  0.00  0.00  0.50 10.15  9.63 10.71  0.34  0.26  0.42   1.93e-02   1.91e-02   1.96e-02  0.00  0.00  0.00   0.00e+00   0.00e+00   0.00e+00  0.1712  2.126   92.5   1.03    358
ABELL_1942                  3290   0.00   2.37  2.93  0.00  5.97  4.28  3.83  4.83  0.20  0.08  0.32   1.59e-03   1.48e-03   1.70e-03  0.00  0.00  0.00   0.00e+00   0.00e+00   0.00e+00  0.2240  0.139   55.9   1.13    191
ABELL_1991                  3193   0.00   2.88  0.00  0.00  0.44  2.23  2.19  2.27  0.54  0.51  0.58   8.92e-03   8.82e-03   9.12e-03  0.00  0.00  0.00   0.00e+00   0.00e+00   0.00e+00  0.0565  1.653   67.9   1.70    308
ABELL_2029                  4977   0.00   3.00  2.89  2.68  3.11  7.31  7.22  7.41  0.45  0.43  0.46   5.76e-02   5.74e-02   5.79e-02  0.00  0.00  0.00   0.00e+00   0.00e+00   0.00e+00  0.0765  9.588   92.1   2.53    427
ABELL_2029                  6101   0.00   6.68  2.51  1.77  3.26  7.91  7.58  8.26  0.40  0.35  0.46   6.98e-02   6.88e-02   7.08e-02  0.00  0.00  0.00   0.00e+00   0.00e+00   0.00e+00  0.0765  8.644   89.8   1.12    413
ABELL_2034                  2204   0.00   4.91  0.33  0.00  1.12  6.94  6.63  7.24  0.20  0.15  0.25   1.21e-02   1.20e-02   1.23e-02  0.00  0.00  0.00   0.00e+00   0.00e+00   0.00e+00  0.1130  1.446   76.7   1.20    414
ABELL_2069                  4965   0.00   4.95  0.55  0.00  1.78  6.90  6.44  7.37  0.27  0.20  0.35   7.17e-03   6.98e-03   7.36e-03  0.00  0.00  0.00   0.00e+00   0.00e+00   0.00e+00  0.1160  0.782   71.6   1.03    388
ABELL_2104                   895   0.00   2.45 15.06 14.18 15.95  8.45  7.98  8.99  0.37  0.30  0.44   7.50e-03   7.36e-03   7.64e-03  0.00  0.00  0.00   0.00e+00   0.00e+00   0.00e+00  0.1554  1.048   70.4   1.07    370
ABELL_2111                   544   0.00   2.90  0.00  0.00  1.72  6.58  5.62  7.89  0.08  0.00  0.28   2.88e-03   2.73e-03   3.02e-03  0.00  0.00  0.00   0.00e+00   0.00e+00   0.00e+00  0.2300  0.296   73.0   0.96    106
ABELL_2124                  3238   0.00   2.77  0.04  0.00  1.79  4.47  4.09  4.77  0.43  0.30  0.56   3.41e-03   3.21e-03   3.61e-03  0.00  0.00  0.00   0.00e+00   0.00e+00   0.00e+00  0.0658  0.619   45.3   1.14    202
ABELL_2125                  2207   0.00   1.60  0.00  0.00  2.01  3.12  2.82  3.43  0.29  0.14  0.48   5.61e-04   5.38e-04   6.14e-04  0.00  0.00  0.00   0.00e+00   0.00e+00   0.00e+00  0.2465  0.050   62.7   1.16    132
ABELL_2147                  3211   0.00   7.77  0.00  0.00  0.74  4.06  3.91  4.19  0.24  0.19  0.30   1.84e-02   1.81e-02   1.88e-02  0.00  0.00  0.00   0.00e+00   0.00e+00   0.00e+00  0.0356  2.183   66.9   1.14    371
ABELL_2163                  1653   0.00   4.54 14.90 14.30 15.51 14.69 13.95 15.46  0.07  0.03  0.12   2.80e-02   2.77e-02   2.82e-02  0.00  0.00  0.00   0.00e+00   0.00e+00   0.00e+00  0.1695  2.506   84.6   1.37    427
ABELL_2199                   497   0.00   2.89  1.30  0.89  1.72  3.89  3.82  3.96  0.47  0.45  0.50   4.75e-02   4.69e-02   4.81e-02  0.00  0.00  0.00   0.00e+00   0.00e+00   0.00e+00  0.0300  9.525   92.7   1.71    389
ABELL_2204                   499   0.00   3.09  6.13  5.35  6.93  6.68  6.37  7.01  0.46  0.40  0.53   3.19e-02   3.13e-02   3.25e-02  0.00  0.00  0.00   0.00e+00   0.00e+00   0.00e+00  0.1524  5.053   88.2   1.16    334
ABELL_2204                  6104   0.00   4.27  4.52  3.31  5.75  7.10  6.69  7.56  0.45  0.38  0.53   3.10e-02   3.03e-02   3.17e-02  0.00  0.00  0.00   0.00e+00   0.00e+00   0.00e+00  0.1524  3.494   92.9   1.00    342
ABELL_2218                  1666   0.00   3.34  1.35  0.11  2.62  7.43  6.90  8.04  0.13  0.07  0.20   7.49e-03   7.32e-03   7.66e-03  0.00  0.00  0.00   0.00e+00   0.00e+00   0.00e+00  0.1713  0.798   81.4   0.96    350
ABELL_2219                   896   0.00   2.99  2.73  2.10  3.37 11.87 11.13 12.70  0.26  0.20  0.33   1.46e-02   1.44e-02   1.48e-02  0.00  0.00  0.00   0.00e+00   0.00e+00   0.00e+00  0.2256  2.132   75.8   0.99    397
ABELL_2244                  4179   0.00   2.96  2.71  2.27  3.16  5.35  5.23  5.48  0.36  0.33  0.39   1.84e-02   1.82e-02   1.86e-02  0.00  0.00  0.00   0.00e+00   0.00e+00   0.00e+00  0.0967  2.928   77.3   1.06    409
ABELL_2255                   894   0.00   6.29  0.00  0.00  0.06 12.20 11.72 12.69  1.36  1.24  1.47   1.43e-02   1.40e-02   1.45e-02  0.00  0.00  0.00   0.00e+00   0.00e+00   0.00e+00  0.0805  2.080  100.0   2.32    421
ABELL_2259                  3245   0.00   2.97  1.22  0.00  4.09  5.28  4.73  5.93  0.34  0.21  0.48   6.16e-03   5.84e-03   6.53e-03  0.00  0.00  0.00   0.00e+00   0.00e+00   0.00e+00  0.1640  0.663   79.4   1.02    166
ABELL_2261                  5007   0.00   2.88  1.74  0.27  3.26  7.68  7.10  8.34  0.37  0.29  0.45   9.66e-03   9.40e-03   9.93e-03  0.00  0.00  0.00   0.00e+00   0.00e+00   0.00e+00  0.2240  0.977   86.7   0.96    314
ABELL_2294                  3246   0.00   3.34 11.14  8.33 14.14  7.52  6.53  8.72  0.33  0.18  0.48   7.72e-03   7.34e-03   8.14e-03  0.00  0.00  0.00   0.00e+00   0.00e+00   0.00e+00  0.1780  0.764   75.2   1.08    193
ABELL_2319                  3231   0.00   7.77  7.01  6.38  7.64  9.89  9.47 10.35  0.26  0.21  0.31   7.93e-02   7.84e-02   8.02e-02  0.00  0.00  0.00   0.00e+00   0.00e+00   0.00e+00  0.0562  9.187   89.1   1.49    423
ABELL_2384                  4202   0.00   4.19  0.42  0.00  1.73  4.19  3.99  4.38  0.24  0.18  0.30   7.80e-03   7.58e-03   8.05e-03  0.00  0.00  0.00   0.00e+00   0.00e+00   0.00e+00  0.0945  0.890   75.2   1.15    320
ABELL_2390                  4193   0.00   2.87  8.08  7.63  8.54  9.02  8.74  9.33  0.34  0.31  0.38   1.63e-02   1.61e-02   1.64e-02  0.00  0.00  0.00   0.00e+00   0.00e+00   0.00e+00  0.2301  2.055   70.5   1.13    426
ABELL_2409                  3247   0.00   3.42  7.73  5.47 10.11  5.41  4.96  5.92  0.40  0.28  0.50   9.89e-03   9.47e-03   1.04e-02  0.00  0.00  0.00   0.00e+00   0.00e+00   0.00e+00  0.1479  1.012   83.3   1.11    208
ABELL_2537                  4962   0.00   2.11  6.69  4.90  8.53  7.21  6.50  8.07  0.41  0.31  0.53   3.32e-03   3.19e-03   3.45e-03  0.00  0.00  0.00   0.00e+00   0.00e+00   0.00e+00  0.2950  0.400   49.2   1.00    245
ABELL_2550                  2225   0.00   2.26  0.76  0.00  2.99  1.97  1.85  2.07  0.43  0.34  0.52   1.52e-03   1.42e-03   1.67e-03  0.00  0.00  0.00   0.00e+00   0.00e+00   0.00e+00  0.1543  0.219   26.6   1.36    191
ABELL_2554                  1696   0.00   3.69  1.89  0.19  3.67  4.60  4.17  5.09  0.21  0.10  0.32   4.19e-03   3.98e-03   4.43e-03  0.00  0.00  0.00   0.00e+00   0.00e+00   0.00e+00  0.1103  0.645   22.8   1.14    239
ABELL_2556                  2226   0.00   3.90  0.50  0.00  1.59  3.24  3.09  3.38  0.39  0.33  0.45   9.70e-03   9.38e-03   1.01e-02  0.00  0.00  0.00   0.00e+00   0.00e+00   0.00e+00  0.0862  1.583   50.3   1.05    290
ABELL_2589                  3210   0.00   2.38  0.00  0.00  1.73  7.87  6.97  8.92  1.88  1.36  2.47   8.66e-03   8.01e-03   9.40e-03  0.00  0.00  0.00   0.00e+00   0.00e+00   0.00e+00  0.0415  2.100   75.5   1.52    137
ABELL_2597                   922   0.00   1.13  0.01  0.00  0.72  3.51  3.41  3.58  0.47  0.43  0.51   1.48e-02   1.46e-02   1.52e-02  0.00  0.00  0.00   0.00e+00   0.00e+00   0.00e+00  0.0854  2.767   96.8   0.99    301
ABELL_2626                  3192   0.00   3.10  4.61  3.56  5.67  2.88  2.78  2.99  0.47  0.42  0.53   1.03e-02   9.91e-03   1.07e-02  0.00  0.00  0.00   0.00e+00   0.00e+00   0.00e+00  0.0573  1.682   51.9   1.03    290
ABELL_2667                  2214   0.00   2.58  1.06  0.00  2.54  5.96  5.50  6.50  0.35  0.26  0.44   1.18e-02   1.14e-02   1.22e-02  0.00  0.00  0.00   0.00e+00   0.00e+00   0.00e+00  0.2300  1.716   74.3   1.05    224
ABELL_2670                  4959   0.00   5.20  7.58  6.30  8.89  3.15  3.02  3.28  0.31  0.26  0.36   9.38e-03   9.05e-03   9.71e-03  0.00  0.00  0.00   0.00e+00   0.00e+00   0.00e+00  0.0763  0.960   58.1   1.37    367
ABELL_2744                  2212   0.00   2.57  2.39  1.09  3.73  8.24  7.50  9.11  0.21  0.12  0.29   7.27e-03   7.06e-03   7.50e-03  0.00  0.00  0.00   0.00e+00   0.00e+00   0.00e+00  0.3080  0.892   58.6   1.09    273
ABELL_3112                  2516   0.00   3.00  0.44  0.00  1.10  4.65  4.51  4.79  0.75  0.69  0.81   2.33e-02   2.28e-02   2.38e-02  0.00  0.00  0.00   0.00e+00   0.00e+00   0.00e+00  0.0720  4.566   85.4   1.12    350
ABELL_3158                  3201   0.00   7.08  1.87  1.14  2.60  4.60  4.46  4.73  0.32  0.29  0.36   2.91e-02   2.86e-02   2.96e-02  0.00  0.00  0.00   0.00e+00   0.00e+00   0.00e+00  0.0580  3.500   78.3   1.28    414
ABELL_3266                   899   0.00   3.80  0.00  0.00  0.21 11.63 11.10 12.22  0.53  0.45  0.62   1.74e-02   1.72e-02   1.76e-02  0.00  0.00  0.00   0.00e+00   0.00e+00   0.00e+00  0.0590  2.178  100.0   1.21    385
ABELL_3558                  1646   0.00   3.03  3.24  2.42  4.07  6.33  6.02  6.65  0.52  0.44  0.60   2.02e-02   1.97e-02   2.07e-02  0.00  0.00  0.00   0.00e+00   0.00e+00   0.00e+00  0.0480  3.755   82.2   1.01    327
ABELL_3562                  4167   0.00   5.41  4.26  3.09  5.45  4.18  4.01  4.37  0.35  0.28  0.41   1.53e-02   1.49e-02   1.57e-02  0.00  0.00  0.00   0.00e+00   0.00e+00   0.00e+00  0.0490  1.775   76.7   1.25    346
ABELL_3571                  4203   0.00   2.17  3.46  2.99  3.94  7.55  7.32  7.79  0.44  0.40  0.49   2.72e-02   2.69e-02   2.75e-02  0.00  0.00  0.00   0.00e+00   0.00e+00   0.00e+00  0.0391  4.783   90.5   1.27    413
ABELL_3667                  5751   0.00   6.11  4.98  4.66  5.30  6.60  6.50  6.71  0.37  0.35  0.39   3.54e-02   3.52e-02   3.57e-02  0.00  0.00  0.00   0.00e+00   0.00e+00   0.00e+00  0.0556  3.892   88.2   1.79    427
ABELL_4038                  4992   0.00   8.00  3.97  3.41  4.54  2.79  2.75  2.84  0.36  0.33  0.38   4.15e-02   4.08e-02   4.22e-02  0.00  0.00  0.00   0.00e+00   0.00e+00   0.00e+00  0.0300  4.673   76.5   1.83    424
AC_114                      1562   0.00   2.18  1.09  0.00  2.36  7.65  6.98  8.42  0.25  0.17  0.34   3.02e-03   2.94e-03   3.11e-03  0.00  0.00  0.00   0.00e+00   0.00e+00   0.00e+00  0.3120  0.393   56.5   1.09    320
CL_0024+17                   929   0.00   1.55  0.00  0.00  1.18  7.39  5.88  9.69  0.60  0.26  1.01   5.83e-04   5.38e-04   6.28e-04  0.00  0.00  0.00   0.00e+00   0.00e+00   0.00e+00  0.3940  0.079   38.6   1.08    102
CL_1221+4918                1662   0.00   1.41  3.08  0.00  8.85  5.26  4.23  6.63  0.32  0.14  0.51   6.46e-04   5.75e-04   7.43e-04  0.00  0.00  0.00   0.00e+00   0.00e+00   0.00e+00  0.7000  0.034   43.0   0.94    101
CL_J0030+2618               5762   0.00   2.06  0.25  0.00  8.69  5.54  3.00  9.19  0.06  0.00  0.96   5.73e-04   5.17e-04   8.07e-04  0.00  0.00  0.00   0.00e+00   0.00e+00   0.00e+00  0.5000  0.037   38.7   1.12     29
CL_J0152-1357                913   0.00   1.70  0.88  0.00  9.83  5.55  3.80  7.05  0.00  0.00  0.22   8.00e-04   7.25e-04   1.03e-03  0.00  0.00  0.00   0.00e+00   0.00e+00   0.00e+00  0.8310  0.039   60.0   1.01     61
CL_J0542.8-4100              914   0.00   1.42  0.00  0.00  5.32  7.02  5.42  8.70  0.21  0.00  0.45   5.95e-04   5.62e-04   6.71e-04  0.00  0.00  0.00   0.00e+00   0.00e+00   0.00e+00  0.6300  0.041   67.3   0.96     75
CL_J0848+4456                927   0.00   0.78 11.62  0.98 25.26  3.63  2.46  5.35  0.00  0.00  0.41   1.13e-04   8.54e-05   1.64e-04  0.00  0.00  0.00   0.00e+00   0.00e+00   0.00e+00  0.5740  0.005   59.8   0.56     28
CL_J1113.1-2615              915   0.00   1.39  1.59  0.00 11.61  4.20  2.98  5.64  0.61  0.20  1.23   2.20e-04   1.93e-04   2.79e-04  0.00  0.00  0.00   0.00e+00   0.00e+00   0.00e+00  0.7300  0.013   61.0   1.19     74
CL_J1213+0253               4934   0.00   1.11  0.00  0.00 16.41  4.27  2.56  7.73  0.25  0.00  1.49   2.73e-04   2.00e-04   3.71e-04  0.00  0.00  0.00   0.00e+00   0.00e+00   0.00e+00  0.4090  0.019   53.3   0.89     13
CL_J1226.9+3332              932   0.00   1.53 10.68  2.92 19.17  6.74  4.44 11.32  0.21  0.00  0.66   1.64e-03   1.31e-03   2.09e-03  0.00  0.00  0.00   0.00e+00   0.00e+00   0.00e+00  0.8900  0.102   28.1   0.66     32
CL_J1641+4001               3575   0.00   0.66  0.00  0.00  5.29  3.81  3.05  4.99  0.62  0.16  1.27   2.41e-04   2.01e-04   2.80e-04  0.00  0.00  0.00   0.00e+00   0.00e+00   0.00e+00  0.4640  0.018   76.9   1.13     26
CL_J2302.8+0844              918   0.00   1.64  0.00  0.00  1.33 79.90 72.71 79.90  0.54  0.00  1.92   5.27e-04   4.60e-04   5.72e-04  0.00  0.00  0.00   0.00e+00   0.00e+00   0.00e+00  0.7300  0.033  100.0   2.98     99
CYGNUS_A                     360   0.00   2.39 30.66 30.14 31.18  5.95  5.83  6.08  0.63  0.60  0.67   3.67e-02   3.63e-02   3.71e-02  0.00  0.00  0.00   0.00e+00   0.00e+00   0.00e+00  0.0561  5.129   88.9   1.88    420
ESO_3060170                 3189   0.00   5.29  3.88  2.15  5.85  2.32  2.20  2.44  0.40  0.33  0.47   1.01e-02   9.54e-03   1.08e-02  0.00  0.00  0.00   0.00e+00   0.00e+00   0.00e+00  0.0358  1.147   67.9   1.23    241
ESO_5520200                 3206   0.00   5.77  7.99  5.32 10.81  1.92  1.81  2.05  0.41  0.33  0.51   5.11e-03   4.67e-03   5.59e-03  0.00  0.00  0.00   0.00e+00   0.00e+00   0.00e+00  0.0314  0.546   40.3   1.50    244
EXO_0422-086                4183   0.00   7.87 12.20 10.78 13.66  2.70  2.60  2.81  0.39  0.34  0.45   2.73e-02   2.62e-02   2.85e-02  0.00  0.00  0.00   0.00e+00   0.00e+00   0.00e+00  0.0397  2.824   70.4   1.03    312
HERCULES_A                  1625   0.00   2.32  2.42  0.68  4.20  4.22  3.90  4.58  0.37  0.26  0.48   5.02e-03   4.76e-03   5.31e-03  0.00  0.00  0.00   0.00e+00   0.00e+00   0.00e+00  0.1541  0.776   62.2   0.96    185
HYDRA_A                     4970   0.00   4.66  3.35  3.05  3.51  3.79  3.77  3.84  0.45  0.44  0.47   4.11e-02   4.07e-02   4.12e-02  0.00  0.00  0.00   0.00e+00   0.00e+00   0.00e+00  0.0549  6.813   81.1   1.70    427
IRAS_09104+4109              509   0.00   1.98  6.60  4.54  8.77 79.90 76.01 79.90  3.55  2.08  5.37   7.05e-03   6.12e-03   8.01e-03  0.00  0.00  0.00   0.00e+00   0.00e+00   0.00e+00  0.4420  0.888   85.2   2.77    175
LYNX_E                      9271   0.00   0.52  0.30  0.00 21.45  7.75  4.24 24.30  1.51  0.00  4.25   4.39e-05   3.12e-05   7.39e-05  0.00  0.00  0.00   0.00e+00   0.00e+00   0.00e+00  1.2600  0.002   62.3   0.76     10
MACS_J0011.7-1523           6105   0.00   1.74  2.04  0.00  4.65  6.09  5.48  6.85  0.36  0.25  0.47   2.94e-03   2.80e-03   3.10e-03  0.00  0.00  0.00   0.00e+00   0.00e+00   0.00e+00  0.3600  0.248   84.3   0.97    193
MACS_J0159.8-0849           6106   0.00   2.15  0.65  0.00  2.64  8.60  7.72  9.52  0.34  0.25  0.44   4.97e-03   4.84e-03   5.16e-03  0.00  0.00  0.00   0.00e+00   0.00e+00   0.00e+00  0.4050  0.424   86.2   1.09    254
MACS_J0242.5-2132           3266   0.00   2.04  0.00  0.00  1.60  4.78  4.46  5.10  0.44  0.32  0.56   6.56e-03   6.33e-03   6.84e-03  0.00  0.00  0.00   0.00e+00   0.00e+00   0.00e+00  0.3140  0.607   92.0   1.05    154
MACS_J0329.6-0211           3582   0.00   1.50  0.00  0.00  1.32  5.53  5.09  6.03  0.50  0.36  0.65   3.07e-03   2.95e-03   3.21e-03  0.00  0.00  0.00   0.00e+00   0.00e+00   0.00e+00  0.4500  0.244   91.0   1.03    134
MACS_J0429.6-0253           3271   0.00   1.83  0.51  0.00  3.61  5.89  5.21  6.48  0.49  0.36  0.62   3.33e-03   3.20e-03   3.53e-03  0.00  0.00  0.00   0.00e+00   0.00e+00   0.00e+00  0.3990  0.290   87.4   1.01    156
MACS_J0547.0-3904           3273   0.00   1.89  0.00  0.00  0.92  3.50  3.16  3.79  0.10  0.00  0.21   2.49e-03   2.38e-03   2.63e-03  0.00  0.00  0.00   0.00e+00   0.00e+00   0.00e+00  0.2100  0.225   83.5   1.20    133
MACS_J0744.9+3927           6111   0.00   1.79  3.80  1.08  6.62  8.22  7.14  9.56  0.38  0.25  0.52   2.27e-03   2.14e-03   2.42e-03  0.00  0.00  0.00   0.00e+00   0.00e+00   0.00e+00  0.6860  0.140   73.8   1.24    184
MACS_J0949+1708             3274   0.00   1.78  1.29  0.00  4.83  9.99  8.22 12.68  0.40  0.18  0.62   3.36e-03   3.18e-03   3.58e-03  0.00  0.00  0.00   0.00e+00   0.00e+00   0.00e+00  0.3820  0.295   89.7   0.89    127
MACS_J1115.8+0129           3275   0.00   3.53  0.00  0.00  2.26  6.92  6.05  7.73  0.02  0.00  0.16   4.82e-03   4.74e-03   5.03e-03  0.00  0.00  0.00   0.00e+00   0.00e+00   0.00e+00  0.1200  0.556   77.3   1.16    193
MACS_J1311.0-0311           6110   0.00   1.61  3.09  0.29  6.05  5.09  4.55  5.70  0.39  0.28  0.51   1.84e-03   1.73e-03   1.96e-03  0.00  0.00  0.00   0.00e+00   0.00e+00   0.00e+00  0.4940  0.127   76.4   0.94    183
MACS_J1319+7003             3278   0.00   1.68  0.00  0.00  3.45  8.92  7.09 11.50  0.26  0.00  0.54   1.79e-03   1.73e-03   1.91e-03  0.00  0.00  0.00   0.00e+00   0.00e+00   0.00e+00  0.3275  0.171   76.1   1.11     85
MACS_J1427.6-2521           3279   0.00   2.07  0.00  0.00  2.06  5.06  4.45  5.79  0.23  0.04  0.43   1.68e-03   1.59e-03   1.79e-03  0.00  0.00  0.00   0.00e+00   0.00e+00   0.00e+00  0.2200  0.172   77.5   1.30     97
MACS_J1621.3+3810           3594   0.00   1.77  0.00  0.00  6.01  6.02  4.70  7.49  0.56  0.21  0.96   1.91e-03   1.73e-03   2.16e-03  0.00  0.00  0.00   0.00e+00   0.00e+00   0.00e+00  0.4610  0.147   78.3   0.72     40
MACS_J1621.6+3810           6109   0.00   1.77  2.90  0.00  6.34  6.22  5.36  7.29  0.27  0.15  0.40   2.09e-03   1.95e-03   2.24e-03  0.00  0.00  0.00   0.00e+00   0.00e+00   0.00e+00  0.4610  0.155   77.3   1.06    157
MACS_J1931.8-2634           3282   0.00   2.08  4.93  2.55  7.39  6.77  6.10  7.58  0.36  0.25  0.46   8.03e-03   7.68e-03   8.42e-03  0.00  0.00  0.00   0.00e+00   0.00e+00   0.00e+00  0.3520  0.690   93.2   1.04    191
MACS_J2228+2036             3285   0.00   1.67  0.00  0.00  2.19  9.53  8.25 11.02  0.45  0.27  0.63   2.88e-03   2.78e-03   3.02e-03  0.00  0.00  0.00   0.00e+00   0.00e+00   0.00e+00  0.4120  0.250   88.7   0.92    144
MACS_J2229.7-2755           3286   0.00   1.88  0.00  0.00  2.29  4.30  3.98  4.57  0.60  0.47  0.75   4.41e-03   4.24e-03   4.64e-03  0.00  0.00  0.00   0.00e+00   0.00e+00   0.00e+00  0.3240  0.414   90.5   1.05    146
MACS_J2311+0338             3288   0.00   1.30  0.00  0.00  2.82  9.76  8.13 11.71  0.49  0.26  0.74   3.17e-03   3.02e-03   3.36e-03  0.00  0.00  0.00   0.00e+00   0.00e+00   0.00e+00  0.2998  0.318   89.6   0.95    119
MKW_04                      3234   0.00   3.83  5.64  4.63  6.67  1.78  1.74  1.81  0.70  0.65  0.76   7.79e-03   7.46e-03   8.13e-03  0.00  0.00  0.00   0.00e+00   0.00e+00   0.00e+00  0.0198  1.574   61.1   1.34    282
MS_0016.9+1609               520   0.00   1.86  1.66  0.00  3.47  9.19  8.31 10.24  0.32  0.23  0.41   3.12e-03   3.01e-03   3.24e-03  0.00  0.00  0.00   0.00e+00   0.00e+00   0.00e+00  0.5410  0.234   82.5   0.91    253
MS_0302.7+1658               525   0.00   1.28 13.15  0.00 29.63  3.08  2.24  5.00  0.57  0.00  1.66   9.34e-04   6.91e-04   1.30e-03  0.00  0.00  0.00   0.00e+00   0.00e+00   0.00e+00  0.4240  0.059   71.1   0.75     19
MS_0440.5+0204              4196   0.00   3.02 14.11 11.32 17.05 79.90 70.09 79.90  8.05  3.95 17.19   3.42e-03   2.25e-03   4.47e-03  0.00  0.00  0.00   0.00e+00   0.00e+00   0.00e+00  0.1900  0.607  -20.2   1.80    163
MS_0451.6-0305               902   0.00   1.74  2.14  0.47  3.83 11.27  9.80 13.21  0.43  0.29  0.57   3.24e-03   3.11e-03   3.36e-03  0.00  0.00  0.00   0.00e+00   0.00e+00   0.00e+00  0.5386  0.332   61.6   0.94    228
MS_0735.6+7421              4197   0.00   2.51  1.24  0.24  2.22  5.14  4.91  5.40  0.41  0.35  0.47   5.77e-03   5.63e-03   5.92e-03  0.00  0.00  0.00   0.00e+00   0.00e+00   0.00e+00  0.2160  0.808   59.6   0.92    320
MS_0839.8+2938              2224   0.00   2.28  4.78  3.20  6.40  4.04  3.78  4.33  0.54  0.44  0.64   3.61e-03   3.45e-03   3.79e-03  0.00  0.00  0.00   0.00e+00   0.00e+00   0.00e+00  0.1940  0.540   65.3   1.01    217
MS_0906.5+1110               924   0.00   3.83  3.06  1.34  4.82  5.12  4.75  5.54  0.22  0.14  0.30   5.68e-03   5.48e-03   5.90e-03  0.00  0.00  0.00   0.00e+00   0.00e+00   0.00e+00  0.1630  0.595   73.7   1.36    281
MS_1006.0+1202               925   0.00   2.80  0.00  0.00  0.60 11.70 10.49 13.37  0.66  0.48  0.85   3.02e-03   2.92e-03   3.11e-03  0.00  0.00  0.00   0.00e+00   0.00e+00   0.00e+00  0.2210  0.350  100.0   1.74    201
MS_1008.1-1224               926   0.00   2.31  0.00  0.00  0.47 12.16 10.86 13.85  0.66  0.48  0.85   2.37e-03   2.30e-03   2.44e-03  0.00  0.00  0.00   0.00e+00   0.00e+00   0.00e+00  0.3010  0.250  100.0   1.55    193
MS_1054.5-0321               512   0.00   1.80  2.84  0.15  5.63  9.62  7.65 12.61  0.13  0.00  0.31   1.34e-03   1.26e-03   1.44e-03  0.00  0.00  0.00   0.00e+00   0.00e+00   0.00e+00  0.8300  0.103   41.7   0.99    205
MS_1455.0+2232              4192   0.00   1.99  0.00  0.00  0.70  4.83  4.70  4.93  0.39  0.35  0.42   7.12e-03   7.05e-03   7.23e-03  0.00  0.00  0.00   0.00e+00   0.00e+00   0.00e+00  0.2590  0.643   89.5   1.24    364
MS_1621.5+2640               546   0.00   1.86  3.25  0.00  7.87  6.56  5.29  8.40  0.43  0.22  0.66   1.14e-03   1.04e-03   1.26e-03  0.00  0.00  0.00   0.00e+00   0.00e+00   0.00e+00  0.4260  0.098   68.3   0.90    112
MS_2053.7-0449              1667   0.00   1.81  5.42  0.00 16.29  2.84  2.10  3.95  0.04  0.00  0.43   5.34e-04   4.19e-04   7.44e-04  0.00  0.00  0.00   0.00e+00   0.00e+00   0.00e+00  0.5830  0.021   37.5   0.98     58
MS_2137.3-2353              4974   0.00   2.06  1.44  0.00  3.28  5.55  5.09  6.08  0.45  0.35  0.55   5.41e-03   5.20e-03   5.64e-03  0.00  0.00  0.00   0.00e+00   0.00e+00   0.00e+00  0.3130  0.687   67.3   1.04    201
OPHIUCHUS                   3200   0.00   3.00 33.45 33.17 33.74  8.90  8.75  9.04  0.39  0.37  0.41   1.16e-01   1.15e-01   1.16e-01  0.00  0.00  0.00   0.00e+00   0.00e+00   0.00e+00  0.0280 14.600   93.9   2.90    427
PKS_0745-191                 508   0.00   2.98 32.09 31.24 32.95 79.90 76.88 79.90  5.10  4.11  6.23   6.73e-02   6.24e-02   7.22e-02  0.00  0.00  0.00   0.00e+00   0.00e+00   0.00e+00  0.1028  9.095   91.2   2.04    400
PKS_0745-191                6103   0.00   5.81 40.62 39.31 41.94  6.83  6.51  7.17  0.33  0.28  0.38   6.44e-02   6.32e-02   6.56e-02  0.00  0.00  0.00   0.00e+00   0.00e+00   0.00e+00  0.1028  5.418   87.6   1.07    403
RBS_0797                    2202   0.00   1.92  0.25  0.00  2.61  6.92  6.21  7.54  0.34  0.24  0.45   8.35e-03   8.12e-03   8.76e-03  0.00  0.00  0.00   0.00e+00   0.00e+00   0.00e+00  0.3540  0.777   92.1   0.95    180
RDCS_1252-29                4198   0.00   0.53  0.16  0.00 12.95  5.43  3.66  7.73  0.54  0.06  1.19   1.01e-04   8.65e-05   1.47e-04  0.00  0.00  0.00   0.00e+00   0.00e+00   0.00e+00  1.2370  0.003   53.3   1.04     22
RX_J0439+0520                527   0.00   2.38  8.86  5.27 12.63  4.07  3.65  4.59  0.52  0.36  0.69   4.60e-03   4.26e-03   4.97e-03  0.00  0.00  0.00   0.00e+00   0.00e+00   0.00e+00  0.2080  0.455   84.1   0.92    128
RX_J0439.0+0715             1449   0.00   3.06  2.42  0.00  5.87 14.97 10.74 23.21  1.13  0.63  1.83   5.80e-03   5.31e-03   6.28e-03  0.00  0.00  0.00   0.00e+00   0.00e+00   0.00e+00  0.2400  0.712  100.0   1.23    128
RX_J0647.7+7015             3584   0.00   1.72 10.82  5.95 15.83  8.67  7.08 11.13  0.28  0.10  0.48   2.57e-03   2.35e-03   2.81e-03  0.00  0.00  0.00   0.00e+00   0.00e+00   0.00e+00  0.5840  0.157   69.7   0.99     99
RX_J0819.6+6336             2199   0.00   2.98  5.35  2.57  8.23  3.31  2.92  3.77  0.22  0.11  0.35   3.56e-03   3.25e-03   3.92e-03  0.00  0.00  0.00   0.00e+00   0.00e+00   0.00e+00  0.1190  0.520  -17.5   1.13    149
RX_J0820.9+0752             1647   0.00   3.03  0.00  0.00  1.54 79.90 27.10 79.90 10.46  2.47 45.27   3.17e-03   0.00e+00   5.26e-03  0.00  0.00  0.00   0.00e+00   0.00e+00   0.00e+00  0.1100  0.826   26.0   1.22     73
RX_J0910+5422               2227   0.00   0.86  0.00  0.00 15.51  5.13  2.76  8.59  0.00  0.00  0.60   9.72e-05   7.97e-05   1.53e-04  0.00  0.00  0.00   0.00e+00   0.00e+00   0.00e+00  1.1000  0.003   33.8   0.54     21
RX_J1053+5735               4936   0.00   0.49  7.45  0.00 23.53  9.23  4.26 33.24  0.68  0.00  4.27   7.45e-05   4.44e-05   1.18e-04  0.00  0.00  0.00   0.00e+00   0.00e+00   0.00e+00  1.1400  0.004   35.1   1.15     17
RX_J1347.5-1145             3592   0.00   2.15  2.58  1.67  3.48 13.18 12.36 14.13  0.37  0.31  0.44   1.29e-02   1.27e-02   1.31e-02  0.00  0.00  0.00   0.00e+00   0.00e+00   0.00e+00  0.4510  1.030   92.0   1.20    389
RX_J1347.5-1145              507   0.00   2.15  3.55  2.04  5.05 14.07 12.20 16.76  0.56  0.40  0.73   1.32e-02   1.28e-02   1.36e-02  0.00  0.00  0.00   0.00e+00   0.00e+00   0.00e+00  0.4510  1.563   80.2   1.00    230
RX_J1350+6007               2229   0.00   0.71  0.00  0.00 16.17  3.51  2.32  5.13  0.54  0.00  2.37   1.79e-04   1.40e-04   2.58e-04  0.00  0.00  0.00   0.00e+00   0.00e+00   0.00e+00  0.8040  0.008   59.3   1.04     17
RX_J1423.8+2404             1657   0.00   1.44  6.00  1.77 10.55  5.46  4.65  6.47  0.37  0.22  0.53   2.78e-03   2.53e-03   3.07e-03  0.00  0.00  0.00   0.00e+00   0.00e+00   0.00e+00  0.5450  0.181   85.1   1.08     98
RX_J1423.8+2404             4195   0.00   1.44  0.71  0.00  2.02  5.87  5.50  6.23  0.43  0.38  0.50   2.67e-03   2.60e-03   2.76e-03  0.00  0.00  0.00   0.00e+00   0.00e+00   0.00e+00  0.5450  0.257   53.9   1.04    294
RX_J1504.1-0248             5793   0.00   3.22  6.29  5.60  6.99  6.73  6.52  6.95  0.40  0.37  0.44   2.98e-02   2.94e-02   3.01e-02  0.00  0.00  0.00   0.00e+00   0.00e+00   0.00e+00  0.2150  2.915   94.8   1.26    411
RX_J1525+0958               1664   0.00   1.08  0.00  0.00  2.21  3.94  3.44  4.60  0.55  0.29  0.88   5.04e-04   4.56e-04   5.52e-04  0.00  0.00  0.00   0.00e+00   0.00e+00   0.00e+00  0.5160  0.035   78.3   1.37     59
RX_J1532.9+3021             1649   0.00   1.80  0.01  0.00  1.87  5.75  5.23  6.19  0.36  0.26  0.48   7.40e-03   7.22e-03   7.73e-03  0.00  0.00  0.00   0.00e+00   0.00e+00   0.00e+00  0.3450  0.948   75.4   0.93    160
RX_J1532.9+3021             1665   0.00   1.80  0.00  0.00  1.58  5.24  4.86  5.64  0.49  0.37  0.62   7.13e-03   7.00e-03   7.42e-03  0.00  0.00  0.00   0.00e+00   0.00e+00   0.00e+00  0.3450  0.652   92.1   1.18    152
RX_J1716.9+6708              548   0.00   1.57  3.94  0.00 11.05  5.60  4.26  7.55  0.59  0.28  0.96   5.52e-04   4.70e-04   6.60e-04  0.00  0.00  0.00   0.00e+00   0.00e+00   0.00e+00  0.8100  0.031   56.5   0.77     75
RX_J1720.1+2638             4361   0.00   3.15  2.88  1.79  3.99  5.78  5.51  6.08  0.34  0.29  0.39   1.51e-02   1.48e-02   1.54e-02  0.00  0.00  0.00   0.00e+00   0.00e+00   0.00e+00  0.1640  1.641   89.1   1.12    353
RX_J1720.2+3536             3280   0.00   1.69  1.44  0.00  4.61  6.16  5.43  6.96  0.48  0.34  0.62   3.45e-03   3.27e-03   3.67e-03  0.00  0.00  0.00   0.00e+00   0.00e+00   0.00e+00  0.3913  0.300   84.1   1.19    152
RX_J2129.6+0005              552   0.00   3.35  0.00  0.00  1.76  5.96  5.47  6.43  0.41  0.28  0.54   7.67e-03   7.49e-03   7.99e-03  0.00  0.00  0.00   0.00e+00   0.00e+00   0.00e+00  0.2350  0.825   82.2   1.09    182
SERSIC_159-03               1668   0.00   2.93  1.60  0.60  2.63  2.38  2.30  2.45  0.31  0.28  0.35   2.36e-02   2.28e-02   2.46e-02  0.00  0.00  0.00   0.00e+00   0.00e+00   0.00e+00  0.0580  3.821   80.8   1.18    246
V_1121.0+2327               1660   0.00   1.44  2.69  0.00  9.51  3.12  2.58  3.83  0.33  0.07  0.64   4.81e-04   4.18e-04   5.77e-04  0.00  0.00  0.00   0.00e+00   0.00e+00   0.00e+00  0.5600  0.026   49.0   1.54     74
ZWCL_1215                   4184   0.00   4.59  0.00  0.00  0.90  7.06  6.64  7.47  0.29  0.20  0.38   1.55e-02   1.52e-02   1.59e-02  0.00  0.00  0.00   0.00e+00   0.00e+00   0.00e+00  0.0750  1.912   88.9   1.13    303
ZWCL_1358+6245               516   0.00   2.14  0.00  0.00  1.27  9.72  8.66 10.76  0.49  0.33  0.65   2.81e-03   2.72e-03   2.90e-03  0.00  0.00  0.00   0.00e+00   0.00e+00   0.00e+00  0.3280  0.389   58.9   0.99    227
ZWCL_1953                   1659   0.00   2.76  0.00  0.00  2.54  8.63  7.27  9.86  0.16  0.01  0.31   3.46e-03   3.37e-03   3.63e-03  0.00  0.00  0.00   0.00e+00   0.00e+00   0.00e+00  0.3800  0.306   74.8   0.85    179
ZWCL_3146                    909   0.00   3.10  0.00  0.00  0.10  8.86  8.53  9.19  0.43  0.38  0.49   1.20e-02   1.19e-02   1.22e-02  0.00  0.00  0.00   0.00e+00   0.00e+00   0.00e+00  0.2900  1.295  100.0   1.53    380
ZWCL_5247                    539   0.00   3.00  0.00  0.00  3.71  4.90  4.16  5.69  0.19  0.00  0.40   2.75e-03   2.63e-03   3.00e-03  0.00  0.00  0.00   0.00e+00   0.00e+00   0.00e+00  0.2290  0.277   70.3   1.01     91
ZWCL_7160                    543   0.00   2.92  0.00  0.00  2.64  4.75  4.29  5.08  0.42  0.31  0.54   7.18e-03   6.97e-03   7.61e-03  0.00  0.00  0.00   0.00e+00   0.00e+00   0.00e+00  0.2578  0.744   85.4   0.75    161
ZWICKY_2701                 3195   0.00   2.32  2.62  1.08  4.20  4.21  3.94  4.51  0.45  0.36  0.55   4.53e-03   4.34e-03   4.73e-03  0.00  0.00  0.00   0.00e+00   0.00e+00   0.00e+00  0.2100  0.649   55.0   0.89    222
