# Model: wabs(mekal) for r5000 spectra; Fit Range = 0.7 - 7.0; Count Rates = 0.7 - 7.0 keV
# Nh frozen = yes; Fe frozen = yes; Confidence Levels = 2.71; Systematic error = 0.00
# Cluster                  ObsID    Rin   Rout  nh20   nlo   nhi    Tx   Tlo   Thi    Fe  Felo  Fehi       Norm     Normlo     Normhi   Tx2  Tlo2  Thi2      Norm2    Normlo2    Normhi2       z     Cr   Src%  chisq    dof
1RXS_J2129.4-0741           3595   0.00   1.20  4.36  0.00  0.00  9.73  8.19 11.91  0.52  0.52  0.52   1.80e-03   1.74e-03   1.87e-03  0.00  0.00  0.00   0.00e+00   0.00e+00   0.00e+00  0.5700  0.128   88.4   1.01     80
3C_220.1                     839   0.00   1.03  1.91  0.00  0.00  6.21  4.91  8.10  0.30  0.30  0.30   8.64e-04   8.11e-04   9.15e-04  0.00  0.00  0.00   0.00e+00   0.00e+00   0.00e+00  0.6100  0.084   74.2   1.06     51
3C_28.0                     3233   0.00   1.63  5.71  0.00  0.00  4.43  4.25  4.63  0.12  0.12  0.12   4.20e-03   4.14e-03   4.27e-03  0.00  0.00  0.00   0.00e+00   0.00e+00   0.00e+00  0.1952  0.388   92.6   1.24    262
3C_295                      2254   0.00   1.16  1.35  0.00  0.00  4.86  4.59  5.14  0.36  0.36  0.36   1.63e-03   1.60e-03   1.67e-03  0.00  0.00  0.00   0.00e+00   0.00e+00   0.00e+00  0.4641  0.125   91.1   1.37    188
4C_55.16                    4940   0.00   1.43  4.00  0.00  0.00  4.16  4.07  4.27  0.29  0.29  0.29   4.62e-03   4.58e-03   4.67e-03  0.00  0.00  0.00   0.00e+00   0.00e+00   0.00e+00  0.2420  0.568   78.6   1.22    316
ABELL_0068                  3250   0.00   2.13  4.60  0.00  0.00  9.61  8.30 11.30  0.30  0.30  0.30   4.35e-03   4.23e-03   4.46e-03  0.00  0.00  0.00   0.00e+00   0.00e+00   0.00e+00  0.2546  0.423   87.9   0.99    132
ABELL_0133                  2203   0.00   2.57  1.56  0.00  0.00  3.29  3.24  3.35  0.64  0.64  0.64   1.24e-02   1.23e-02   1.25e-02  0.00  0.00  0.00   0.00e+00   0.00e+00   0.00e+00  0.0558  2.487   84.4   1.33    346
ABELL_0267                  3580   0.00   1.89  2.74  0.00  0.00  7.09  6.50  7.78  0.26  0.26  0.26   4.13e-03   4.04e-03   4.21e-03  0.00  0.00  0.00   0.00e+00   0.00e+00   0.00e+00  0.2300  0.406   90.3   1.11    184
ABELL_0370                   515   0.00   1.39  3.37  0.00  0.00 10.42  9.49 11.59  0.39  0.39  0.39   2.00e-03   1.97e-03   2.03e-03  0.00  0.00  0.00   0.00e+00   0.00e+00   0.00e+00  0.3747  0.260   79.5   1.03    237
ABELL_0383                  2321   0.00   1.69  4.07  0.00  0.00  4.05  3.88  4.22  0.38  0.38  0.38   6.41e-03   6.32e-03   6.49e-03  0.00  0.00  0.00   0.00e+00   0.00e+00   0.00e+00  0.1871  0.945   81.2   1.31    215
ABELL_0399                  3230   0.00   4.71 11.51  0.00  0.00  7.09  6.89  7.31  0.23  0.23  0.23   1.60e-02   1.59e-02   1.61e-02  0.00  0.00  0.00   0.00e+00   0.00e+00   0.00e+00  0.0716  1.757   87.6   1.17    416
ABELL_0478                  1669   0.00   3.39 30.90  0.00  0.00  6.43  6.35  6.51  0.31  0.31  0.31   7.02e-02   7.00e-02   7.04e-02  0.00  0.00  0.00   0.00e+00   0.00e+00   0.00e+00  0.0883  8.361   89.1   1.41    429
ABELL_0478                  6102   0.00   4.21 30.90  0.00  0.00  6.78  6.59  6.99  0.31  0.31  0.31   6.65e-02   6.60e-02   6.70e-02  0.00  0.00  0.00   0.00e+00   0.00e+00   0.00e+00  0.0883  6.142   96.2   1.12    401
ABELL_0496                  3361   0.00   2.46  4.57  0.00  0.00  3.63  3.55  3.71  0.47  0.47  0.47   3.43e-02   3.40e-02   3.45e-02  0.00  0.00  0.00   0.00e+00   0.00e+00   0.00e+00  0.0328  6.236   93.8   1.54    324
ABELL_0520                  4215   0.00   2.18  7.84  0.00  0.00  7.12  6.83  7.43  0.25  0.25  0.25   6.24e-03   6.18e-03   6.30e-03  0.00  0.00  0.00   0.00e+00   0.00e+00   0.00e+00  0.2020  0.590   91.2   1.37    363
ABELL_0521                   430   0.00   1.75  6.17  0.00  0.00  7.56  6.84  8.44  0.19  0.19  0.19   2.93e-03   2.87e-03   2.99e-03  0.00  0.00  0.00   0.00e+00   0.00e+00   0.00e+00  0.2533  0.384   56.0   1.15    191
ABELL_0576                  3289   0.00   3.85  5.57  0.00  0.00  4.30  4.19  4.41  0.46  0.46  0.46   1.17e-02   1.17e-02   1.18e-02  0.00  0.00  0.00   0.00e+00   0.00e+00   0.00e+00  0.0385  1.988   64.8   0.87    348
ABELL_0586                   530   0.00   2.70  5.40  0.00  0.00  6.40  5.93  6.95  0.30  0.30  0.30   8.19e-03   8.04e-03   8.35e-03  0.00  0.00  0.00   0.00e+00   0.00e+00   0.00e+00  0.1710  0.886   89.1   0.90    189
ABELL_0611                  3194   0.00   1.59  4.99  0.00  0.00  6.77  6.35  7.24  0.19  0.19  0.19   3.85e-03   3.79e-03   3.91e-03  0.00  0.00  0.00   0.00e+00   0.00e+00   0.00e+00  0.2880  0.474   70.6   1.09    224
ABELL_0644                  2211   0.00   5.14  6.31  0.00  0.00  7.80  7.62  7.99  0.29  0.29  0.29   3.73e-02   3.71e-02   3.75e-02  0.00  0.00  0.00   0.00e+00   0.00e+00   0.00e+00  0.0698  4.513   93.2   1.33    423
ABELL_0665                  3586   0.00   2.52  4.24  0.00  0.00  7.46  7.09  7.86  0.19  0.19  0.19   8.74e-03   8.64e-03   8.83e-03  0.00  0.00  0.00   0.00e+00   0.00e+00   0.00e+00  0.1810  0.889   92.0   1.13    322
ABELL_0697                  4217   0.00   1.88  3.34  0.00  0.00  9.98  9.10 10.98  0.23  0.23  0.23   6.52e-03   6.42e-03   6.62e-03  0.00  0.00  0.00   0.00e+00   0.00e+00   0.00e+00  0.2820  0.605   93.6   1.15    224
ABELL_0773                  5006   0.00   2.22  1.46  0.00  0.00  7.99  7.38  8.70  0.34  0.34  0.34   5.68e-03   5.58e-03   5.77e-03  0.00  0.00  0.00   0.00e+00   0.00e+00   0.00e+00  0.2170  0.581   90.3   1.07    219
ABELL_0781                   534   0.00   1.97  1.90  0.00  0.00  5.80  4.96  6.91  0.30  0.30  0.30   2.20e-03   2.11e-03   2.31e-03  0.00  0.00  0.00   0.00e+00   0.00e+00   0.00e+00  0.2984  0.210   80.6   1.19     69
ABELL_0907                  3185   0.00   2.26  5.69  0.00  0.00  5.26  5.11  5.42  0.25  0.25  0.25   9.07e-03   8.99e-03   9.15e-03  0.00  0.00  0.00   0.00e+00   0.00e+00   0.00e+00  0.1527  0.942   94.0   1.46    359
ABELL_0963                   903   0.00   2.03  1.39  0.00  0.00  6.89  6.60  7.20  0.34  0.34  0.34   6.39e-03   6.33e-03   6.45e-03  0.00  0.00  0.00   0.00e+00   0.00e+00   0.00e+00  0.2056  0.978   76.8   1.05    312
ABELL_1060                  2220   0.00   3.66  4.96  0.00  0.00  3.34  3.28  3.39  0.37  0.37  0.37   2.02e-02   2.00e-02   2.03e-02  0.00  0.00  0.00   0.00e+00   0.00e+00   0.00e+00  0.0125  2.356   93.9   1.33    366
ABELL_1068                  1652   0.00   2.16  0.71  0.00  0.00  3.88  3.78  3.98  0.42  0.42  0.42   1.02e-02   1.01e-02   1.02e-02  0.00  0.00  0.00   0.00e+00   0.00e+00   0.00e+00  0.1375  1.681   84.0   1.05    297
ABELL_1204                  2205   0.00   1.78  1.44  0.00  0.00  3.49  3.39  3.61  0.35  0.35  0.35   7.94e-03   7.83e-03   8.05e-03  0.00  0.00  0.00   0.00e+00   0.00e+00   0.00e+00  0.1706  0.826   95.8   1.31    237
ABELL_1361                  2200   0.00   2.54  2.18  0.00  0.00  4.05  3.70  4.47  0.61  0.61  0.61   6.28e-03   6.09e-03   6.46e-03  0.00  0.00  0.00   0.00e+00   0.00e+00   0.00e+00  0.1171  1.148   68.6   0.99    102
ABELL_1413                  5003   0.00   2.79  2.19  0.00  0.00  7.41  7.21  7.61  0.21  0.21  0.21   1.37e-02   1.36e-02   1.38e-02  0.00  0.00  0.00   0.00e+00   0.00e+00   0.00e+00  0.1426  1.290   93.6   1.23    407
ABELL_1423                   538   0.00   2.24  1.60  0.00  0.00  5.75  5.18  6.43  0.30  0.30  0.30   4.06e-03   3.95e-03   4.18e-03  0.00  0.00  0.00   0.00e+00   0.00e+00   0.00e+00  0.2130  0.436   86.4   1.04    126
ABELL_1650                  4178   0.00   2.94  1.62  0.00  0.00  6.08  5.93  6.24  0.40  0.40  0.40   1.83e-02   1.82e-02   1.84e-02  0.00  0.00  0.00   0.00e+00   0.00e+00   0.00e+00  0.0843  3.065   84.0   0.97    376
ABELL_1651                  4185   0.00   4.47  2.02  0.00  0.00  6.38  6.10  6.69  0.32  0.32  0.32   2.26e-02   2.24e-02   2.29e-02  0.00  0.00  0.00   0.00e+00   0.00e+00   0.00e+00  0.0840  2.781   92.6   1.13    317
ABELL_1664                  1648   0.00   2.19  8.47  0.00  0.00  3.36  3.20  3.54  0.11  0.11  0.11   9.82e-03   9.63e-03   1.00e-02  0.00  0.00  0.00   0.00e+00   0.00e+00   0.00e+00  0.1276  1.270   78.1   1.40    182
ABELL_1682                  3244   0.00   2.19  1.10  0.00  0.00  6.63  5.43  8.40  0.30  0.30  0.30   3.06e-03   2.92e-03   3.21e-03  0.00  0.00  0.00   0.00e+00   0.00e+00   0.00e+00  0.2260  0.300   73.7   1.00     64
ABELL_1689                  5004   0.00   2.74  1.87  0.00  0.00  9.64  9.17 10.15  0.25  0.25  0.25   1.90e-02   1.88e-02   1.91e-02  0.00  0.00  0.00   0.00e+00   0.00e+00   0.00e+00  0.1843  1.994   95.5   1.36    360
ABELL_1758                  2213   0.00   1.78  1.09  0.00  0.00 10.19  9.47 11.02  0.20  0.20  0.20   3.97e-03   3.92e-03   4.01e-03  0.00  0.00  0.00   0.00e+00   0.00e+00   0.00e+00  0.2792  0.522   68.3   1.07    295
ABELL_1763                  3591   0.00   2.24  0.82  0.00  0.00  7.69  7.07  8.38  0.16  0.16  0.16   5.38e-03   5.29e-03   5.47e-03  0.00  0.00  0.00   0.00e+00   0.00e+00   0.00e+00  0.1866  0.564   90.2   1.23    210
ABELL_1835                   495   0.00   1.87  2.36  0.00  0.00  7.71  7.42  8.01  0.36  0.36  0.36   1.70e-02   1.68e-02   1.71e-02  0.00  0.00  0.00   0.00e+00   0.00e+00   0.00e+00  0.2532  2.487   93.5   1.00    335
ABELL_1942                  3290   0.00   1.68  2.75  0.00  0.00  5.03  4.64  5.48  0.27  0.27  0.27   1.24e-03   1.20e-03   1.27e-03  0.00  0.00  0.00   0.00e+00   0.00e+00   0.00e+00  0.2240  0.116   79.1   1.01    165
ABELL_1991                  3193   0.00   2.88  2.43  0.00  0.00  2.01  1.98  2.04  0.30  0.30  0.30   1.09e-02   1.08e-02   1.10e-02  0.00  0.00  0.00   0.00e+00   0.00e+00   0.00e+00  0.0565  1.666   74.7   2.34    310
ABELL_2029                  4977   0.00   3.00  3.26  0.00  0.00  7.20  7.13  7.27  0.42  0.42  0.42   5.82e-02   5.81e-02   5.83e-02  0.00  0.00  0.00   0.00e+00   0.00e+00   0.00e+00  0.0765  9.588   92.1   2.54    429
ABELL_2029                  6101   0.00   5.00  3.26  0.00  0.00  7.89  7.66  8.14  0.42  0.42  0.42   6.50e-02   6.46e-02   6.54e-02  0.00  0.00  0.00   0.00e+00   0.00e+00   0.00e+00  0.0765  8.076   95.9   1.16    409
ABELL_2034                  2204   0.00   3.47  1.58  0.00  0.00  7.40  7.16  7.65  0.29  0.29  0.29   1.04e-02   1.03e-02   1.04e-02  0.00  0.00  0.00   0.00e+00   0.00e+00   0.00e+00  0.1130  1.257   90.6   1.16    402
ABELL_2104                   895   0.00   2.45 14.93  0.00  0.00  8.54  8.18  8.93  0.32  0.32  0.32   7.55e-03   7.49e-03   7.61e-03  0.00  0.00  0.00   0.00e+00   0.00e+00   0.00e+00  0.1554  1.048   70.5   1.07    372
ABELL_2111                   544   0.00   2.06  2.20  0.00  0.00  5.73  4.81  7.04  0.30  0.30  0.30   1.57e-03   1.49e-03   1.64e-03  0.00  0.00  0.00   0.00e+00   0.00e+00   0.00e+00  0.2300  0.163   74.3   1.00     61
ABELL_2124                  3238   0.00   2.77  1.71  0.00  0.00  4.50  4.22  4.81  0.30  0.30  0.30   3.66e-03   3.60e-03   3.73e-03  0.00  0.00  0.00   0.00e+00   0.00e+00   0.00e+00  0.0658  0.630   57.1   1.16    204
ABELL_2147                  3211   0.00   7.77  3.38  0.00  0.00  4.16  4.03  4.29  0.35  0.35  0.35   1.90e-02   1.88e-02   1.92e-02  0.00  0.00  0.00   0.00e+00   0.00e+00   0.00e+00  0.0356  2.268   78.6   1.30    373
ABELL_2163                  1653   0.00   3.21 12.04  0.00  0.00 18.22 17.48 19.02  0.22  0.22  0.22   2.29e-02   2.28e-02   2.31e-02  0.00  0.00  0.00   0.00e+00   0.00e+00   0.00e+00  0.1695  2.137   93.9   1.39    429
ABELL_2199                   497   0.00   2.89  0.88  0.00  0.00  3.90  3.85  3.96  0.43  0.43  0.43   4.78e-02   4.76e-02   4.80e-02  0.00  0.00  0.00   0.00e+00   0.00e+00   0.00e+00  0.0300  9.525   92.7   1.74    391
ABELL_2204                   499   0.00   2.66  5.84  0.00  0.00  6.69  6.47  6.94  0.38  0.38  0.38   3.11e-02   3.09e-02   3.13e-02  0.00  0.00  0.00   0.00e+00   0.00e+00   0.00e+00  0.1524  4.876   90.5   1.16    331
ABELL_2204                  6104   0.00   3.02  5.84  0.00  0.00  6.98  6.69  7.29  0.30  0.30  0.30   3.03e-02   3.00e-02   3.06e-02  0.00  0.00  0.00   0.00e+00   0.00e+00   0.00e+00  0.1524  3.282   96.1   1.07    332
ABELL_2218                  1666   0.00   2.37  3.12  0.00  0.00  7.44  7.08  7.83  0.30  0.30  0.30   6.44e-03   6.37e-03   6.50e-03  0.00  0.00  0.00   0.00e+00   0.00e+00   0.00e+00  0.1713  0.703   92.2   1.00    331
ABELL_2219                   896   0.00   2.31  1.76  0.00  0.00 12.70 12.11 13.34  0.27  0.27  0.27   1.26e-02   1.25e-02   1.27e-02  0.00  0.00  0.00   0.00e+00   0.00e+00   0.00e+00  0.2256  1.869   81.5   1.00    386
ABELL_2244                  4179   0.00   2.96  2.09  0.00  0.00  5.65  5.55  5.75  0.29  0.29  0.29   1.85e-02   1.85e-02   1.86e-02  0.00  0.00  0.00   0.00e+00   0.00e+00   0.00e+00  0.0967  2.943   82.1   1.12    411
ABELL_2255                   894   0.00   4.45  2.53  0.00  0.00  6.43  6.19  6.68  0.25  0.25  0.25   1.03e-02   1.02e-02   1.04e-02  0.00  0.00  0.00   0.00e+00   0.00e+00   0.00e+00  0.0805  1.278   81.6   0.95    397
ABELL_2259                  3245   0.00   2.11  3.70  0.00  0.00  5.13  4.73  5.59  0.30  0.30  0.30   5.54e-03   5.40e-03   5.68e-03  0.00  0.00  0.00   0.00e+00   0.00e+00   0.00e+00  0.1640  0.572   91.5   0.89    150
ABELL_2261                  5007   0.00   2.04  3.31  0.00  0.00  7.85  7.43  8.32  0.30  0.30  0.30   8.93e-03   8.83e-03   9.04e-03  0.00  0.00  0.00   0.00e+00   0.00e+00   0.00e+00  0.2240  0.880   94.9   0.98    298
ABELL_2294                  3246   0.00   2.36  6.10  0.00  0.00 10.57  9.25 12.25  0.30  0.30  0.30   6.11e-03   5.98e-03   6.24e-03  0.00  0.00  0.00   0.00e+00   0.00e+00   0.00e+00  0.1780  0.644   89.2   1.15    168
ABELL_2319                  3231   0.00   7.53  9.05  0.00  0.00  9.45  9.18  9.74  0.25  0.25  0.25   7.98e-02   7.94e-02   8.02e-02  0.00  0.00  0.00   0.00e+00   0.00e+00   0.00e+00  0.0562  9.072   93.1   1.56    425
ABELL_2384                  4202   0.00   2.96  2.99  0.00  0.00  3.93  3.79  4.08  0.30  0.30  0.30   6.39e-03   6.31e-03   6.48e-03  0.00  0.00  0.00   0.00e+00   0.00e+00   0.00e+00  0.0945  0.722   89.1   1.19    281
ABELL_2390                  4193   0.00   2.20  6.71  0.00  0.00 10.03  9.78 10.28  0.25  0.25  0.25   1.48e-02   1.47e-02   1.49e-02  0.00  0.00  0.00   0.00e+00   0.00e+00   0.00e+00  0.2301  1.878   83.4   1.15    421
ABELL_2409                  3247   0.00   2.42  6.72  0.00  0.00  5.80  5.43  6.22  0.30  0.30  0.30   8.72e-03   8.55e-03   8.89e-03  0.00  0.00  0.00   0.00e+00   0.00e+00   0.00e+00  0.1479  0.893   93.1   1.07    189
ABELL_2537                  4962   0.00   1.49  4.26  0.00  0.00  8.54  7.88  9.31  0.26  0.26  0.26   2.86e-03   2.81e-03   2.90e-03  0.00  0.00  0.00   0.00e+00   0.00e+00   0.00e+00  0.2950  0.349   62.5   1.01    222
ABELL_2550                  2225   0.00   1.60  2.03  0.00  0.00  1.91  1.86  1.97  0.30  0.30  0.30   1.57e-03   1.55e-03   1.60e-03  0.00  0.00  0.00   0.00e+00   0.00e+00   0.00e+00  0.1543  0.205   57.0   1.48    161
ABELL_2554                  1696   0.00   3.36  2.04  0.00  0.00  5.42  5.06  5.83  0.44  0.44  0.44   3.85e-03   3.79e-03   3.91e-03  0.00  0.00  0.00   0.00e+00   0.00e+00   0.00e+00  0.1103  0.640   42.8   0.99    231
ABELL_2556                  2226   0.00   3.35  2.02  0.00  0.00  3.26  3.16  3.37  0.34  0.34  0.34   9.81e-03   9.71e-03   9.91e-03  0.00  0.00  0.00   0.00e+00   0.00e+00   0.00e+00  0.0862  1.540   66.5   1.04    280
ABELL_2589                  3210   0.00   2.38  3.98  0.00  0.00  6.96  6.14  8.08  0.30  0.30  0.30   1.16e-02   1.14e-02   1.19e-02  0.00  0.00  0.00   0.00e+00   0.00e+00   0.00e+00  0.0415  2.110   80.7   1.85    139
ABELL_2597                   922   0.00   1.13  2.51  0.00  0.00  3.25  3.19  3.31  0.37  0.37  0.37   1.61e-02   1.60e-02   1.62e-02  0.00  0.00  0.00   0.00e+00   0.00e+00   0.00e+00  0.0854  2.767   96.8   1.11    303
ABELL_2626                  3192   0.00   3.10  4.30  0.00  0.00  2.87  2.79  2.94  0.30  0.30  0.30   1.11e-02   1.10e-02   1.12e-02  0.00  0.00  0.00   0.00e+00   0.00e+00   0.00e+00  0.0573  1.698   62.2   1.24    292
ABELL_2667                  2214   0.00   1.82  1.64  0.00  0.00  5.90  5.59  6.25  0.31  0.31  0.31   1.09e-02   1.08e-02   1.11e-02  0.00  0.00  0.00   0.00e+00   0.00e+00   0.00e+00  0.2300  1.560   87.5   1.05    208
ABELL_2670                  4959   0.00   3.68  2.88  0.00  0.00  3.91  3.78  4.03  0.25  0.25  0.25   7.62e-03   7.54e-03   7.71e-03  0.00  0.00  0.00   0.00e+00   0.00e+00   0.00e+00  0.0763  0.864   82.3   1.31    334
ABELL_2744                  2212   0.00   1.82  1.82  0.00  0.00  9.96  9.16 10.86  0.19  0.19  0.19   5.17e-03   5.10e-03   5.24e-03  0.00  0.00  0.00   0.00e+00   0.00e+00   0.00e+00  0.3080  0.642   74.7   0.90    233
ABELL_3112                  2516   0.00   3.00  2.50  0.00  0.00  4.36  4.26  4.45  0.51  0.51  0.51   2.56e-02   2.54e-02   2.58e-02  0.00  0.00  0.00   0.00e+00   0.00e+00   0.00e+00  0.0720  4.581   88.5   1.35    352
ABELL_3158                  3201   0.00   5.57  1.60  0.00  0.00  5.01  4.89  5.13  0.30  0.30  0.30   2.54e-02   2.52e-02   2.56e-02  0.00  0.00  0.00   0.00e+00   0.00e+00   0.00e+00  0.0580  3.118   89.6   1.25    403
ABELL_3266                   899   0.00   3.80  1.72  0.00  0.00  8.87  8.52  9.25  0.32  0.32  0.32   1.77e-02   1.75e-02   1.78e-02  0.00  0.00  0.00   0.00e+00   0.00e+00   0.00e+00  0.0590  2.128   91.2   1.17    389
ABELL_3558                  1646   0.00   3.03  3.84  0.00  0.00  6.30  6.06  6.53  0.33  0.33  0.33   2.12e-02   2.11e-02   2.14e-02  0.00  0.00  0.00   0.00e+00   0.00e+00   0.00e+00  0.0480  3.769   86.1   1.09    329
ABELL_3562                  4167   0.00   5.41  3.90  0.00  0.00  4.51  4.36  4.65  0.30  0.30  0.30   1.56e-02   1.55e-02   1.58e-02  0.00  0.00  0.00   0.00e+00   0.00e+00   0.00e+00  0.0490  1.819   84.8   1.15    348
ABELL_3571                  4203   0.00   2.17  4.66  0.00  0.00  7.26  7.10  7.43  0.30  0.30  0.30   2.83e-02   2.82e-02   2.85e-02  0.00  0.00  0.00   0.00e+00   0.00e+00   0.00e+00  0.0391  4.790   92.5   1.40    415
ABELL_3667                  5751   0.00   6.11  5.45  0.00  0.00  6.51  6.44  6.59  0.29  0.29  0.29   3.62e-02   3.62e-02   3.63e-02  0.00  0.00  0.00   0.00e+00   0.00e+00   0.00e+00  0.0556  3.892   88.2   1.88    429
ABELL_4038                  4992   0.00   8.00  1.57  0.00  0.00  3.04  3.01  3.08  0.30  0.30  0.30   4.14e-02   4.12e-02   4.16e-02  0.00  0.00  0.00   0.00e+00   0.00e+00   0.00e+00  0.0300  4.787   84.7   1.54    426
AC_114                      1562   0.00   1.54  1.44  0.00  0.00  7.70  7.21  8.24  0.30  0.30  0.30   2.18e-03   2.15e-03   2.21e-03  0.00  0.00  0.00   0.00e+00   0.00e+00   0.00e+00  0.3120  0.285   64.1   1.03    268
CL_0024+17                   929   0.00   1.10  4.36  0.00  0.00  4.53  3.84  5.48  0.30  0.30  0.30   5.73e-04   5.47e-04   6.03e-04  0.00  0.00  0.00   0.00e+00   0.00e+00   0.00e+00  0.3940  0.065   46.4   1.03     77
CL_1221+4918                1662   0.00   1.00  1.44  0.00  0.00  6.78  5.75  8.08  0.30  0.30  0.30   5.16e-04   4.93e-04   5.46e-04  0.00  0.00  0.00   0.00e+00   0.00e+00   0.00e+00  0.7000  0.031   73.8   0.84     78
CL_J0542.8-4100              914   0.00   1.00  3.59  0.00  0.00  5.80  4.91  7.00  0.30  0.30  0.30   5.39e-04   5.11e-04   5.74e-04  0.00  0.00  0.00   0.00e+00   0.00e+00   0.00e+00  0.6300  0.035   73.6   0.76     63
CL_J1113.1-2615              915   0.00   0.98  5.51  0.00  0.00  4.00  3.29  4.89  0.30  0.30  0.30   2.33e-04   2.10e-04   2.54e-04  0.00  0.00  0.00   0.00e+00   0.00e+00   0.00e+00  0.7300  0.011   62.0   1.08     54
CL_J1226.9+3332              932   0.00   1.09  1.37  0.00  0.00 14.18  9.44 23.80  0.30  0.30  0.30   1.29e-03   1.20e-03   1.37e-03  0.00  0.00  0.00   0.00e+00   0.00e+00   0.00e+00  0.8900  0.100   52.3   0.57     30
CL_J2302.8+0844              918   0.00   1.16  5.05  0.00  0.00  5.24  4.24  6.68  0.30  0.30  0.30   2.68e-04   2.46e-04   2.87e-04  0.00  0.00  0.00   0.00e+00   0.00e+00   0.00e+00  0.7300  0.015   57.2   0.90     73
CYGNUS_A                     360   0.00   2.39 35.23  0.00  0.00  5.28  5.19  5.36  0.72  0.72  0.72   3.78e-02   3.77e-02   3.80e-02  0.00  0.00  0.00   0.00e+00   0.00e+00   0.00e+00  0.0561  5.129   88.9   2.44    422
ESO_3060170                 3189   0.00   5.29  3.43  0.00  0.00  2.41  2.33  2.49  0.30  0.30  0.30   1.09e-02   1.07e-02   1.10e-02  0.00  0.00  0.00   0.00e+00   0.00e+00   0.00e+00  0.0358  1.192   79.5   1.13    243
ESO_5520200                 3206   0.00   5.77  4.29  0.00  0.00  2.08  2.01  2.17  0.30  0.30  0.30   5.56e-03   5.47e-03   5.66e-03  0.00  0.00  0.00   0.00e+00   0.00e+00   0.00e+00  0.0314  0.598   61.1   1.27    246
EXO_0422-086                4183   0.00   6.15  6.22  0.00  0.00  3.16  3.07  3.25  0.30  0.30  0.30   2.44e-02   2.41e-02   2.47e-02  0.00  0.00  0.00   0.00e+00   0.00e+00   0.00e+00  0.0397  2.731   86.5   1.21    296
HERCULES_A                  1625   0.00   2.03  6.27  0.00  0.00  4.03  3.83  4.24  0.45  0.45  0.45   5.03e-03   4.95e-03   5.12e-03  0.00  0.00  0.00   0.00e+00   0.00e+00   0.00e+00  0.1541  0.752   73.8   1.03    184
IRAS_09104+4109              509   0.00   1.40  1.36  0.00  0.00 79.90 70.04 79.90  0.30  0.30  0.30   6.67e-03   6.46e-03   6.85e-03  0.00  0.00  0.00   0.00e+00   0.00e+00   0.00e+00  0.4420  0.658   88.4   2.01    131
M87                          352   0.00   2.42  2.55  0.00  0.00  1.52  0.00  0.00  0.30  0.30  0.30   9.70e-02   0.00e+00   0.00e+00  0.00  0.00  0.00   0.00e+00   0.00e+00   0.00e+00  0.0043 18.360   88.4  33.17    387
MACS_J0011.7-1523           6105   0.00   1.23  2.08  0.00  0.00  6.14  5.73  6.61  0.30  0.30  0.30   2.69e-03   2.63e-03   2.75e-03  0.00  0.00  0.00   0.00e+00   0.00e+00   0.00e+00  0.3600  0.224   90.6   0.98    180
MACS_J0159.8-0849           6106   0.00   1.53  2.01  0.00  0.00  8.26  7.71  8.89  0.30  0.30  0.30   4.74e-03   4.66e-03   4.81e-03  0.00  0.00  0.00   0.00e+00   0.00e+00   0.00e+00  0.4050  0.393   91.6   1.01    236
MACS_J0242.5-2132           3266   0.00   1.45  2.71  0.00  0.00  4.52  4.23  4.83  0.20  0.20  0.20   7.01e-03   6.83e-03   7.21e-03  0.00  0.00  0.00   0.00e+00   0.00e+00   0.00e+00  0.3140  0.579   95.5   1.11    150
MACS_J0329.6-0211           3582   0.00   1.06  6.21  0.00  0.00  4.92  4.53  5.37  0.30  0.30  0.30   3.31e-03   3.20e-03   3.42e-03  0.00  0.00  0.00   0.00e+00   0.00e+00   0.00e+00  0.4500  0.227   94.9   1.23    126
MACS_J0429.6-0253           3271   0.00   1.29  5.70  0.00  0.00  5.12  4.76  5.52  0.40  0.40  0.40   3.42e-03   3.33e-03   3.51e-03  0.00  0.00  0.00   0.00e+00   0.00e+00   0.00e+00  0.3990  0.269   92.6   1.14    150
MACS_J0547.0-3904           3273   0.00   1.34  4.08  0.00  0.00  3.17  2.97  3.40  0.30  0.30  0.30   2.24e-03   2.18e-03   2.32e-03  0.00  0.00  0.00   0.00e+00   0.00e+00   0.00e+00  0.2100  0.204   90.0   1.50    124
MACS_J0744.9+3927           6111   0.00   1.26  4.66  0.00  0.00  8.65  7.83  9.62  0.30  0.30  0.30   2.13e-03   2.08e-03   2.19e-03  0.00  0.00  0.00   0.00e+00   0.00e+00   0.00e+00  0.6860  0.129   83.5   1.07    169
MACS_J1115.8+0129           3275   0.00   2.50  4.36  0.00  0.00  5.64  5.21  6.16  0.30  0.30  0.30   4.64e-03   4.54e-03   4.74e-03  0.00  0.00  0.00   0.00e+00   0.00e+00   0.00e+00  0.1200  0.534   86.0   1.33    181
MACS_J1311.0-0311           6110   0.00   1.14  2.18  0.00  0.00  5.42  5.07  5.81  0.30  0.30  0.30   1.75e-03   1.70e-03   1.79e-03  0.00  0.00  0.00   0.00e+00   0.00e+00   0.00e+00  0.4940  0.121   86.1   0.93    172
MACS_J1427.6-2521           3279   0.00   1.46  6.11  0.00  0.00  4.06  3.67  4.51  0.40  0.40  0.40   1.67e-03   1.61e-03   1.74e-03  0.00  0.00  0.00   0.00e+00   0.00e+00   0.00e+00  0.2200  0.161   86.1   1.30     87
MACS_J1621.3+3810           3594   0.00   1.25  1.07  0.00  0.00  6.19  5.04  7.91  0.30  0.30  0.30   1.88e-03   1.75e-03   2.00e-03  0.00  0.00  0.00   0.00e+00   0.00e+00   0.00e+00  0.4610  0.134   86.6   0.66     35
MACS_J1621.6+3810           6109   0.00   1.25  1.07  0.00  0.00  6.35  5.80  7.00  0.30  0.30  0.30   1.85e-03   1.80e-03   1.91e-03  0.00  0.00  0.00   0.00e+00   0.00e+00   0.00e+00  0.4610  0.142   86.1   1.11    144
MACS_J1931.8-2634           3282   0.00   1.47  9.13  0.00  0.00  6.16  5.76  6.61  0.20  0.20  0.20   8.33e-03   8.15e-03   8.51e-03  0.00  0.00  0.00   0.00e+00   0.00e+00   0.00e+00  0.3520  0.648   96.2   0.98    185
MACS_J2229.7-2755           3286   0.00   1.33  1.34  0.00  0.00  4.25  3.98  4.55  0.30  0.30  0.30   4.59e-03   4.47e-03   4.72e-03  0.00  0.00  0.00   0.00e+00   0.00e+00   0.00e+00  0.3240  0.388   94.6   1.29    141
MKW_04                      3234   0.00   3.83  1.90  0.00  0.00  1.70  1.68  1.72  0.43  0.43  0.43   8.72e-03   8.64e-03   8.79e-03  0.00  0.00  0.00   0.00e+00   0.00e+00   0.00e+00  0.0198  1.574   61.1   2.66    284
MS_0016.9+1609               520   0.00   1.32  4.06  0.00  0.00  9.20  8.54  9.96  0.30  0.30  0.30   2.82e-03   2.77e-03   2.86e-03  0.00  0.00  0.00   0.00e+00   0.00e+00   0.00e+00  0.5410  0.205   89.2   0.97    233
MS_0302.7+1658               525   0.00   0.91 10.95  0.00  0.00  3.35  2.76  4.16  0.30  0.30  0.30   8.87e-04   7.99e-04   9.92e-04  0.00  0.00  0.00   0.00e+00   0.00e+00   0.00e+00  0.4240  0.054   82.6   0.78     19
MS_0440.5+0204              4196   0.00   2.66  9.10  0.00  0.00 79.90 72.44 79.90  0.30  0.30  0.30   5.31e-03   5.15e-03   5.46e-03  0.00  0.00  0.00   0.00e+00   0.00e+00   0.00e+00  0.1900  0.552   14.4   1.79    143
MS_0451.6-0305               902   0.00   1.23  5.68  0.00  0.00  9.75  8.92 10.72  0.28  0.28  0.28   3.10e-03   3.05e-03   3.15e-03  0.00  0.00  0.00   0.00e+00   0.00e+00   0.00e+00  0.5386  0.293   72.5   0.93    201
MS_0735.6+7421              4197   0.00   1.78  3.40  0.00  0.00  4.93  4.77  5.10  0.37  0.37  0.37   5.43e-03   5.38e-03   5.49e-03  0.00  0.00  0.00   0.00e+00   0.00e+00   0.00e+00  0.2160  0.730   78.5   1.02    293
MS_0839.8+2938              2224   0.00   1.61  3.92  0.00  0.00  4.09  3.91  4.27  0.59  0.59  0.59   3.19e-03   3.15e-03   3.24e-03  0.00  0.00  0.00   0.00e+00   0.00e+00   0.00e+00  0.1940  0.493   74.1   1.06    197
MS_0906.5+1110               924   0.00   2.71  3.60  0.00  0.00  5.58  5.29  5.91  0.30  0.30  0.30   4.98e-03   4.91e-03   5.06e-03  0.00  0.00  0.00   0.00e+00   0.00e+00   0.00e+00  0.1630  0.539   83.8   1.26    256
MS_1006.0+1202               925   0.00   1.98  3.63  0.00  0.00  5.87  5.42  6.39  0.37  0.37  0.37   2.64e-03   2.58e-03   2.69e-03  0.00  0.00  0.00   0.00e+00   0.00e+00   0.00e+00  0.2210  0.274   83.1   1.30    183
MS_1008.1-1224               926   0.00   1.63  6.71  0.00  0.00  5.67  5.23  6.16  0.72  0.72  0.72   1.86e-03   1.82e-03   1.90e-03  0.00  0.00  0.00   0.00e+00   0.00e+00   0.00e+00  0.3010  0.182   84.7   1.41    178
MS_1054.5-0321               512   0.00   1.28  3.69  0.00  0.00  9.97  8.75 11.48  0.07  0.07  0.07   1.28e-03   1.25e-03   1.31e-03  0.00  0.00  0.00   0.00e+00   0.00e+00   0.00e+00  0.8300  0.095   51.3   1.05    173
MS_1455.0+2232              4192   0.00   1.41  3.35  0.00  0.00  4.55  4.45  4.65  0.35  0.35  0.35   7.23e-03   7.17e-03   7.29e-03  0.00  0.00  0.00   0.00e+00   0.00e+00   0.00e+00  0.2590  0.614   96.3   1.38    356
MS_1621.5+2640               546   0.00   1.32  3.59  0.00  0.00  5.97  5.21  6.93  0.30  0.30  0.30   9.56e-04   9.18e-04   1.00e-03  0.00  0.00  0.00   0.00e+00   0.00e+00   0.00e+00  0.4260  0.078   75.2   0.93     81
MS_2053.7-0449              1667   0.00   1.28  5.16  0.00  0.00  3.98  3.21  4.95  0.31  0.31  0.31   4.30e-04   4.03e-04   4.92e-04  0.00  0.00  0.00   0.00e+00   0.00e+00   0.00e+00  0.5830  0.024   67.6   0.85     45
MS_2137.3-2353              4974   0.00   1.46  3.40  0.00  0.00  5.11  4.84  5.41  0.30  0.30  0.30   5.54e-03   5.45e-03   5.64e-03  0.00  0.00  0.00   0.00e+00   0.00e+00   0.00e+00  0.3130  0.652   79.3   1.07    188
OPHIUCHUS                   3200   0.00   3.00 36.00  0.00  0.00  8.09  8.01  8.18  0.30  0.30  0.30   1.20e-01   1.20e-01   1.20e-01  0.00  0.00  0.00   0.00e+00   0.00e+00   0.00e+00  0.0280 14.600   93.9   3.47    429
PKS_0745-191                 508   0.00   2.98 40.82  0.00  0.00 43.96 38.22 54.35  0.30  0.30  0.30   9.47e-02   9.21e-02   9.85e-02  0.00  0.00  0.00   0.00e+00   0.00e+00   0.00e+00  0.1028  9.095   91.2   2.87    402
PKS_0745-191                6103   0.00   4.11 40.80  0.00  0.00  7.06  6.83  7.30  0.30  0.30  0.30   6.09e-02   6.05e-02   6.14e-02  0.00  0.00  0.00   0.00e+00   0.00e+00   0.00e+00  0.1028  5.145   95.5   1.09    397
RBS_0797                    2202   0.00   1.36  2.22  0.00  0.00  6.60  6.15  7.12  0.30  0.30  0.30   8.51e-03   8.33e-03   8.68e-03  0.00  0.00  0.00   0.00e+00   0.00e+00   0.00e+00  0.3540  0.762   95.8   0.98    180
RX_J0439+0520                527   0.00   1.69 10.02  0.00  0.00  3.97  3.67  4.30  0.30  0.30  0.30   4.72e-03   4.57e-03   4.87e-03  0.00  0.00  0.00   0.00e+00   0.00e+00   0.00e+00  0.2080  0.427   90.4   0.86    119
RX_J0439.0+0715             1449   0.00   2.17  1.10  0.00  0.00  9.35  7.90 11.28  0.30  0.30  0.30   5.11e-03   4.97e-03   5.26e-03  0.00  0.00  0.00   0.00e+00   0.00e+00   0.00e+00  0.2400  0.582   88.4   1.33    114
RX_J0647.7+7015             3584   0.00   1.22  5.18  0.00  0.00 11.56  9.63 14.27  0.30  0.30  0.30   2.19e-03   2.12e-03   2.27e-03  0.00  0.00  0.00   0.00e+00   0.00e+00   0.00e+00  0.5840  0.146   88.5   0.90     84
RX_J0819.6+6336             2199   0.00   2.45  4.11  0.00  0.00  3.51  3.24  3.83  0.30  0.30  0.30   3.03e-03   2.95e-03   3.11e-03  0.00  0.00  0.00   0.00e+00   0.00e+00   0.00e+00  0.1190  0.472    6.2   1.16    140
RX_J0820.9+0752             1647   0.00   3.03  2.37  0.00  0.00 44.63 21.68 79.90  0.30  0.30  0.30   5.81e-03   5.05e-03   6.76e-03  0.00  0.00  0.00   0.00e+00   0.00e+00   0.00e+00  0.1100  0.826   26.0   1.32     75
RX_J0910+5422               2227   0.00   0.61  2.07  0.00  0.00  4.49  3.02  7.27  0.30  0.30  0.30   8.00e-05   6.57e-05   1.01e-04  0.00  0.00  0.00   0.00e+00   0.00e+00   0.00e+00  1.1000  0.003   45.6   0.38     14
RX_J1347.5-1145             3592   0.00   1.53  4.89  0.00  0.00 12.56 12.01 13.16  0.30  0.30  0.30   1.27e-02   1.26e-02   1.28e-02  0.00  0.00  0.00   0.00e+00   0.00e+00   0.00e+00  0.4510  0.987   97.1   1.29    387
RX_J1347.5-1145              507   0.00   1.53  4.89  0.00  0.00 13.41 12.16 14.93  0.37  0.37  0.37   1.31e-02   1.29e-02   1.33e-02  0.00  0.00  0.00   0.00e+00   0.00e+00   0.00e+00  0.4510  1.490   88.0   0.98    224
RX_J1423.8+2404             1657   0.00   1.02  2.65  0.00  0.00  6.28  5.63  7.06  0.30  0.30  0.30   2.47e-03   2.37e-03   2.57e-03  0.00  0.00  0.00   0.00e+00   0.00e+00   0.00e+00  0.5450  0.171   94.0   1.13     92
RX_J1423.8+2404             4195   0.00   1.02  2.65  0.00  0.00  5.87  5.65  6.11  0.30  0.30  0.30   2.67e-03   2.64e-03   2.70e-03  0.00  0.00  0.00   0.00e+00   0.00e+00   0.00e+00  0.5450  0.243   75.9   1.10    272
RX_J1504.1-0248             5793   0.00   2.28  6.27  0.00  0.00  6.79  6.64  6.93  0.30  0.30  0.30   2.93e-02   2.92e-02   2.95e-02  0.00  0.00  0.00   0.00e+00   0.00e+00   0.00e+00  0.2150  2.817   97.1   1.30    406
RX_J1532.9+3021             1649   0.00   1.27  2.21  0.00  0.00  5.40  5.05  5.78  0.34  0.34  0.34   7.40e-03   7.25e-03   7.55e-03  0.00  0.00  0.00   0.00e+00   0.00e+00   0.00e+00  0.3450  0.908   88.5   1.01    157
RX_J1532.9+3021             1665   0.00   1.27  2.21  0.00  0.00  5.12  4.77  5.51  0.30  0.30  0.30   7.43e-03   7.24e-03   7.62e-03  0.00  0.00  0.00   0.00e+00   0.00e+00   0.00e+00  0.3450  0.627   97.2   1.18    148
RX_J1716.9+6708              548   0.00   1.11  3.71  0.00  0.00  6.85  5.61  8.57  0.30  0.30  0.30   5.17e-04   4.82e-04   5.48e-04  0.00  0.00  0.00   0.00e+00   0.00e+00   0.00e+00  0.8100  0.029   65.2   0.85     58
RX_J1720.1+2638             4361   0.00   2.23  4.02  0.00  0.00  5.73  5.54  5.92  0.30  0.30  0.30   1.44e-02   1.42e-02   1.45e-02  0.00  0.00  0.00   0.00e+00   0.00e+00   0.00e+00  0.1640  1.529   95.8   1.15    337
RX_J1720.2+3536             3280   0.00   1.20  3.35  0.00  0.00  6.23  5.72  6.83  0.30  0.30  0.30   3.36e-03   3.27e-03   3.45e-03  0.00  0.00  0.00   0.00e+00   0.00e+00   0.00e+00  0.3913  0.275   93.9   1.26    145
RX_J2129.6+0005              552   0.00   2.37  4.30  0.00  0.00  5.62  5.23  6.07  0.30  0.30  0.30   7.94e-03   7.77e-03   8.11e-03  0.00  0.00  0.00   0.00e+00   0.00e+00   0.00e+00  0.2350  0.789   89.9   1.16    174
SERSIC_159-03               1668   0.00   2.93  1.89  0.00  0.00  2.38  2.34  2.43  0.30  0.30  0.30   2.40e-02   2.38e-02   2.42e-02  0.00  0.00  0.00   0.00e+00   0.00e+00   0.00e+00  0.0580  3.836   85.0   1.19    248
V_1121.0+2327               1660   0.00   1.02  1.30  0.00  0.00  4.23  3.64  4.98  0.30  0.30  0.30   3.87e-04   3.65e-04   4.16e-04  0.00  0.00  0.00   0.00e+00   0.00e+00   0.00e+00  0.5600  0.024   74.4   1.12     60
ZWCL_1358+6245               516   0.00   1.51  1.94  0.00  0.00  8.08  7.42  8.84  0.30  0.30  0.30   2.63e-03   2.59e-03   2.67e-03  0.00  0.00  0.00   0.00e+00   0.00e+00   0.00e+00  0.3280  0.343   69.6   1.03    202
ZWCL_1953                   1659   0.00   1.95  3.10  0.00  0.00  8.08  7.22  9.14  0.30  0.30  0.30   3.16e-03   3.08e-03   3.23e-03  0.00  0.00  0.00   0.00e+00   0.00e+00   0.00e+00  0.3800  0.275   82.7   0.87    163
ZWCL_3146                    909   0.00   2.19  2.70  0.00  0.00  6.33  6.14  6.52  0.30  0.30  0.30   1.19e-02   1.18e-02   1.20e-02  0.00  0.00  0.00   0.00e+00   0.00e+00   0.00e+00  0.2900  1.180   93.6   1.16    369
ZWCL_5247                    539   0.00   2.12  1.70  0.00  0.00  5.01  4.31  5.97  0.30  0.30  0.30   1.91e-03   1.81e-03   1.99e-03  0.00  0.00  0.00   0.00e+00   0.00e+00   0.00e+00  0.2290  0.197   77.8   0.92     64
ZWCL_7160                    543   0.00   2.07  3.10  0.00  0.00  4.36  4.09  4.65  0.30  0.30  0.30   7.54e-03   7.36e-03   7.72e-03  0.00  0.00  0.00   0.00e+00   0.00e+00   0.00e+00  0.2578  0.715   91.3   0.80    154
ZWICKY_2701                 3195   0.00   1.64  0.83  0.00  0.00  4.52  4.31  4.74  0.30  0.30  0.30   4.19e-03   4.13e-03   4.26e-03  0.00  0.00  0.00   0.00e+00   0.00e+00   0.00e+00  0.2100  0.599   76.4   0.96    200
