# Model: wabs(mekal+cutoffpl/b) for rmax-70 spectra; Fit Range = 0.7 - 7.0; Count Rates = 0.7 - 7.0 keV
# Nh frozen = yes; Fe frozen = no; Confidence Levels = 2.71; Systematic error = 0.00
# Cluster                  ObsID    Rin   Rout  nh20   nlo   nhi    Tx   Tlo   Thi    Fe  Felo  Fehi       Norm     Normlo     Normhi   Tx2  Tlo2  Thi2      Norm2    Normlo2    Normhi2       z     Cr   Src%  chisq    dof
ABELL_1758                  2213   0.02   3.78  1.09  0.00  0.00  7.19  6.45  8.13  0.27  0.17  0.37   5.56e-03   5.44e-03   5.68e-03  0.00  0.00  0.00   0.00e+00   0.00e+00   0.00e+00  0.2792  0.869   43.7   0.98    403
CL_J0152-1357                913   0.01   1.84  1.45  0.00  0.00  5.25  4.13  6.50  0.00  0.00  0.14   8.22e-04   7.55e-04   9.00e-04  0.00  0.00  0.00   0.00e+00   0.00e+00   0.00e+00  0.8310  0.039   57.8   1.10     63
CL_J1113.1-2615              915   0.02   3.10  5.51  0.00  0.00  1.75  1.27  2.31  0.35  0.00  1.97   3.44e-04   1.59e-04   6.52e-04  0.00  0.00  0.00   0.00e+00   0.00e+00   0.00e+00  0.7300  0.011   50.2   1.09    187
CL_J2302.8+0844              918   0.02   3.66  5.05  0.00  0.00  1.66  1.38  2.13  0.35  0.04  1.73   5.95e-04   2.91e-04   8.84e-04  0.00  0.00  0.00   0.00e+00   0.00e+00   0.00e+00  0.7300  0.023   41.8   0.98    257
IRAS_09104+4109              509   0.02   2.69  1.36  0.00  0.00 79.90 18.12 79.90  0.00  0.00  4.17   4.28e-03   2.87e-03   4.56e-03  0.00  0.00  0.00   0.00e+00   0.00e+00   0.00e+00  0.4420  1.003   80.4   1.07    217
MS_0440.5+0204              4196   0.03   3.02  9.10  0.00  0.00  5.59  4.05  8.58  0.60  0.20  1.14   1.82e-03   1.62e-03   2.03e-03  0.00  0.00  0.00   0.00e+00   0.00e+00   0.00e+00  0.1900  0.523   45.6   0.95    212
RX_J0820.9+0752             1647   0.06   3.03  2.37  0.00  0.00  6.17  3.78 59.40  0.68  0.00  1.28   2.14e-03   1.77e-03   3.67e-03  0.00  0.00  0.00   0.00e+00   0.00e+00   0.00e+00  0.1100  0.593   56.2   0.85     68
