# Model: wabs(mekal+cutoffpl/b) for robs-70 spectra; Fit Range = 2.0 - 7.0; Count Rates = 2.0 - 7.0 keV
# Nh frozen = yes; Fe frozen = no; Confidence Levels = 2.71; Systematic error = 0.00
# Cluster                  ObsID    Rin   Rout  nh20   nlo   nhi    Tx   Tlo   Thi    Fe  Felo  Fehi       Norm     Normlo     Normhi   Tx2  Tlo2  Thi2      Norm2    Normlo2    Normhi2       z     Cr   Src%  chisq    dof
ABELL_1758                  2213   0.02   2.82  1.09  0.00  0.00  7.67  6.38  9.30  0.32  0.22  0.43   4.78e-03   4.63e-03   4.93e-03  0.00  0.00  0.00   0.00e+00   0.00e+00   0.00e+00  0.2792  0.330   54.1   0.92    301
CL_J0152-1357                913   0.01   0.52  1.45  0.00  0.00  6.11  2.02 19.35  0.16  0.00  2.59   1.03e-04   6.73e-05   1.72e-04  0.00  0.00  0.00   0.00e+00   0.00e+00   0.00e+00  0.8310  0.004   70.1   6.41      2
CL_J1113.1-2615              915   0.02   0.48  5.51  0.00  0.00  2.90  2.10  4.81  0.98  0.28  3.43   1.04e-04   5.49e-05   1.37e-04  0.00  0.00  0.00   0.00e+00   0.00e+00   0.00e+00  0.7300  0.003   72.0   0.44     11
CL_J2302.8+0844              918   0.02   0.69  5.05  0.00  0.00  5.84  3.59  8.26  0.17  0.00  0.51   1.53e-04   1.32e-04   1.83e-04  0.00  0.00  0.00   0.00e+00   0.00e+00   0.00e+00  0.7300  0.006   65.4   0.54     27
IRAS_09104+4109              509   0.02   0.90  1.36  0.00  0.00  8.33  4.23 13.49  1.15  0.44  2.18   1.44e-03   1.20e-03   1.69e-03  0.00  0.00  0.00   0.00e+00   0.00e+00   0.00e+00  0.4420  0.150   88.4   1.03     36
MS_0440.5+0204              4196   0.03   0.69  9.10  0.00  0.00  3.73  1.58 79.90  0.00  0.00  1.51   5.49e-04   4.12e-04   1.00e-03  0.00  0.00  0.00   0.00e+00   0.00e+00   0.00e+00  0.1900  0.033   72.3   1.11     13
RX_J0820.9+0752             1647   0.06   1.15  2.37  0.00  0.00  0.82  0.21 79.90  0.00  0.00 1000.00   3.96e-03   1.26e-04   6.99e-02  0.00  0.00  0.00   0.00e+00   0.00e+00   0.00e+00  0.1100  0.042   68.7   1.87      2
