# Model: wabs(mekal) for r2500-50 spectra; Fit Range = 2.0 - 7.0; Count Rates = 2.0 - 7.0 keV
# Nh frozen = no; Fe frozen = no; Confidence Levels = 2.71; Systematic error = 0.00
# Cluster                  ObsID    Rin   Rout  nh20   nlo   nhi    Tx   Tlo   Thi    Fe  Felo  Fehi       Norm     Normlo     Normhi   Tx2  Tlo2  Thi2      Norm2    Normlo2    Normhi2       z     Cr   Src%  chisq    dof
1RXS_J2129.4-0741           3595   0.01   1.69  0.00  0.00 14.06 11.02  8.23 14.60  0.38  0.11  0.66   1.85e-03   1.74e-03   2.10e-03  0.00  0.00  0.00   0.00e+00   0.00e+00   0.00e+00  0.5700  0.092   80.0   0.98     63
3C_220.1                     839   0.01   1.46 85.67  0.00 212.39  2.66  1.17 10.58  0.00  0.00  0.71   9.24e-04   0.00e+00   6.31e-03  0.00  0.00  0.00   0.00e+00   0.00e+00   0.00e+00  0.6100  0.018   61.5   1.38     22
3C_28.0                     3233   0.02   2.30  0.00  0.00  8.22  7.13  6.43  7.90  0.24  0.16  0.33   3.51e-03   3.40e-03   3.69e-03  0.00  0.00  0.00   0.00e+00   0.00e+00   0.00e+00  0.1952  0.169   87.0   0.88    215
3C_295                      2254   0.01   1.64  0.00  0.00  4.74  6.02  5.31  6.87  0.35  0.23  0.48   1.01e-03   9.68e-04   1.07e-03  0.00  0.00  0.00   0.00e+00   0.00e+00   0.00e+00  0.4641  0.046   79.6   0.93    126
3C_388                      5295   0.05   4.10  0.00  0.00 27.61  3.34  2.89  3.85  0.64  0.36  0.98   2.13e-03   1.89e-03   2.50e-03  0.00  0.00  0.00   0.00e+00   0.00e+00   0.00e+00  0.0917  0.082   68.9   0.95    127
4C_55.16                    4940   0.02   2.02 19.38  3.52 35.94  5.00  4.43  5.67  0.43  0.36  0.51   3.28e-03   2.96e-03   3.64e-03  0.00  0.00  0.00   0.00e+00   0.00e+00   0.00e+00  0.2420  0.158   58.3   0.79    253
ABELL_0068                  3250   0.02   3.01  0.00  0.00 19.57  9.53  7.42 12.33  0.52  0.28  0.81   4.29e-03   4.03e-03   4.83e-03  0.00  0.00  0.00   0.00e+00   0.00e+00   0.00e+00  0.2546  0.229   79.7   1.14     84
ABELL_0085                   904   0.07   4.81 24.12 16.01 32.45  6.28  5.95  6.63  0.42  0.38  0.45   4.02e-02   3.89e-02   4.16e-02  0.00  0.00  0.00   0.00e+00   0.00e+00   0.00e+00  0.0558  1.750   94.2   1.14    343
ABELL_0133                  2203   0.07   2.57  0.00  0.00 22.09  4.69  4.12  5.06  0.56  0.45  0.67   6.93e-03   6.72e-03   7.68e-03  0.00  0.00  0.00   0.00e+00   0.00e+00   0.00e+00  0.0558  0.348   78.0   0.99    231
ABELL_0267                  3580   0.02   2.67  0.00  0.00  8.71  9.95  8.33 12.26  0.37  0.19  0.55   3.93e-03   3.75e-03   4.16e-03  0.00  0.00  0.00   0.00e+00   0.00e+00   0.00e+00  0.2300  0.204   83.3   1.10    129
ABELL_0370                   515   0.02   1.96 22.56  3.44 34.70 12.25 10.01 21.57  0.41  0.27  0.58   2.57e-03   2.38e-03   2.77e-03  0.00  0.00  0.00   0.00e+00   0.00e+00   0.00e+00  0.3747  0.152   74.8   1.07    232
ABELL_0383                  2321   0.02   2.39 11.73  0.00 42.50  5.17  4.20  6.25  0.45  0.31  0.60   4.60e-03   4.12e-03   5.51e-03  0.00  0.00  0.00   0.00e+00   0.00e+00   0.00e+00  0.1871  0.235   64.2   0.90    138
ABELL_0399                  3230   0.06   6.65 25.38 14.33 36.59  7.95  7.22  8.81  0.27  0.22  0.33   2.05e-02   1.97e-02   2.15e-02  0.00  0.00  0.00   0.00e+00   0.00e+00   0.00e+00  0.0716  0.918   82.2   0.98    345
ABELL_0478                  1669   0.05   3.39 31.32 25.68 36.99  7.61  7.27  7.97  0.34  0.31  0.37   5.22e-02   5.10e-02   5.34e-02  0.00  0.00  0.00   0.00e+00   0.00e+00   0.00e+00  0.0883  2.648   86.6   1.13    349
ABELL_0478                  6102   0.05   6.07 23.89 12.93 35.09  9.04  8.19 10.06  0.53  0.45  0.62   5.27e-02   5.05e-02   5.52e-02  0.00  0.00  0.00   0.00e+00   0.00e+00   0.00e+00  0.0883  2.603   91.5   0.95    324
ABELL_0496                  3361   0.12   2.46  0.00  0.00 22.00  5.79  5.04  6.43  0.60  0.47  0.75   1.33e-02   1.28e-02   1.46e-02  0.00  0.00  0.00   0.00e+00   0.00e+00   0.00e+00  0.0328  0.721   89.9   1.01    170
ABELL_0520                  4215   0.02   3.08  2.13  0.00 12.67 10.52  9.17 11.76  0.38  0.30  0.47   6.65e-03   6.48e-03   7.00e-03  0.00  0.00  0.00   0.00e+00   0.00e+00   0.00e+00  0.2020  0.342   86.5   1.04    320
ABELL_0521                   430   0.02   2.48  0.00  0.00 19.71  8.88  7.06 10.74  0.41  0.25  0.58   3.82e-03   3.66e-03   4.26e-03  0.00  0.00  0.00   0.00e+00   0.00e+00   0.00e+00  0.2533  0.228   49.5   1.15    174
ABELL_0576                  3289   0.11   3.91  0.00  0.00 20.97  4.68  4.15  5.06  0.35  0.26  0.45   9.49e-03   9.21e-03   1.04e-02  0.00  0.00  0.00   0.00e+00   0.00e+00   0.00e+00  0.0385  0.442   60.9   0.94    255
ABELL_0586                   530   0.02   3.82 21.70  0.00 49.52  7.19  5.75  9.11  0.61  0.42  0.85   7.24e-03   6.36e-03   8.35e-03  0.00  0.00  0.00   0.00e+00   0.00e+00   0.00e+00  0.1710  0.355   82.0   0.81    127
ABELL_0611                  3194   0.02   2.25 19.67  0.00 40.03  6.92  5.65  8.77  0.30  0.20  0.43   3.80e-03   3.34e-03   4.35e-03  0.00  0.00  0.00   0.00e+00   0.00e+00   0.00e+00  0.2880  0.199   54.2   0.98    178
ABELL_0644                  2211   0.06   6.38 21.00 11.49 30.97  7.39  6.84  7.98  0.37  0.33  0.42   3.69e-02   3.56e-02   3.84e-02  0.00  0.00  0.00   0.00e+00   0.00e+00   0.00e+00  0.0698  1.682   89.7   1.04    341
ABELL_0665                  3586   0.02   3.56  5.64  0.00 20.35  9.48  8.05 10.85  0.33  0.24  0.43   9.51e-03   9.09e-03   1.02e-02  0.00  0.00  0.00   0.00e+00   0.00e+00   0.00e+00  0.1810  0.477   87.7   0.93    274
ABELL_0697                  4217   0.02   2.66  0.00  0.00  5.28 12.76 11.03 15.03  0.46  0.30  0.63   6.90e-03   6.67e-03   7.17e-03  0.00  0.00  0.00   0.00e+00   0.00e+00   0.00e+00  0.2820  0.369   89.4   1.02    188
ABELL_0773                  5006   0.02   3.13  0.00  0.00 10.64  9.89  8.46 11.58  0.52  0.36  0.69   5.80e-03   5.60e-03   6.18e-03  0.00  0.00  0.00   0.00e+00   0.00e+00   0.00e+00  0.2170  0.306   84.0   1.09    176
ABELL_0781                   534   0.02   2.79  0.00  0.00  9.56  7.63  5.76 11.38  0.38  0.11  0.70   2.42e-03   2.19e-03   2.69e-03  0.00  0.00  0.00   0.00e+00   0.00e+00   0.00e+00  0.2984  0.123   74.1   1.63     51
ABELL_0907                  3185   0.02   3.19 31.75 17.67 46.68  5.64  5.07  6.29  0.40  0.34  0.47   7.96e-03   7.40e-03   8.60e-03  0.00  0.00  0.00   0.00e+00   0.00e+00   0.00e+00  0.1527  0.339   88.0   0.96    292
ABELL_0963                   903   0.02   2.87  3.04  0.00 19.61  6.89  5.92  7.71  0.33  0.24  0.42   6.31e-03   6.05e-03   6.95e-03  0.00  0.00  0.00   0.00e+00   0.00e+00   0.00e+00  0.2056  0.349   64.9   1.03    258
ABELL_1060                  2220   0.32   3.66 66.12  5.44 141.11  2.76  2.25  3.45  0.37  0.20  0.56   3.57e-03   2.81e-03   4.78e-03  0.00  0.00  0.00   0.00e+00   0.00e+00   0.00e+00  0.0125  0.093   91.6   1.32     94
ABELL_1068                  1652   0.03   3.05  0.00  0.00 10.27  5.19  4.71  5.71  0.28  0.20  0.37   6.85e-03   6.62e-03   7.31e-03  0.00  0.00  0.00   0.00e+00   0.00e+00   0.00e+00  0.1375  0.344   68.4   1.02    215
ABELL_1201                  4216   0.02   2.75  0.00  0.00 20.10  6.49  5.29  7.62  0.34  0.20  0.49   3.70e-03   3.53e-03   4.18e-03  0.00  0.00  0.00   0.00e+00   0.00e+00   0.00e+00  0.1688  0.203   45.0   1.10    163
ABELL_1204                  2205   0.02   2.52  1.72  0.00 34.65  4.57  3.72  5.19  0.22  0.10  0.34   4.16e-03   3.92e-03   5.03e-03  0.00  0.00  0.00   0.00e+00   0.00e+00   0.00e+00  0.1706  0.165   88.3   0.91    125
ABELL_1361                  2200   0.03   2.94  0.00  0.00 35.07  5.70  3.98  8.84  0.20  0.00  0.62   4.91e-03   4.20e-03   6.24e-03  0.00  0.00  0.00   0.00e+00   0.00e+00   0.00e+00  0.1171  0.254   57.2   0.92     34
ABELL_1413                  5003   0.03   2.79 11.19  1.83 20.36  8.41  7.72  9.29  0.35  0.29  0.40   1.13e-02   1.08e-02   1.18e-02  0.00  0.00  0.00   0.00e+00   0.00e+00   0.00e+00  0.1426  0.478   92.8   0.99    329
ABELL_1423                   538   0.02   3.17  0.00  0.00 26.47  7.65  5.65 10.03  0.32  0.09  0.55   3.81e-03   3.55e-03   4.49e-03  0.00  0.00  0.00   0.00e+00   0.00e+00   0.00e+00  0.2130  0.187   78.3   0.66     75
ABELL_1650                  4178   0.05   2.94  0.00  0.00  8.08  6.68  6.20  7.13  0.39  0.32  0.45   1.45e-02   1.42e-02   1.51e-02  0.00  0.00  0.00   0.00e+00   0.00e+00   0.00e+00  0.0843  0.769   81.6   0.93    285
ABELL_1651                  4185   0.05   6.31 17.07  0.00 37.91  7.02  6.01  8.42  0.39  0.30  0.50   2.27e-02   2.09e-02   2.48e-02  0.00  0.00  0.00   0.00e+00   0.00e+00   0.00e+00  0.0840  1.058   86.6   1.20    248
ABELL_1664                  1648   0.03   2.94  0.00  0.00 20.80  5.49  4.58  6.52  0.23  0.08  0.39   6.03e-03   5.68e-03   6.80e-03  0.00  0.00  0.00   0.00e+00   0.00e+00   0.00e+00  0.1276  0.304   61.3   0.99    102
ABELL_1682                  3244   0.02   3.10  0.00  0.00 16.02 10.38  6.95 19.17  0.75  0.25  1.50   3.21e-03   2.85e-03   3.66e-03  0.00  0.00  0.00   0.00e+00   0.00e+00   0.00e+00  0.2260  0.179   64.0   1.36     48
ABELL_1689                  5004   0.02   3.87  0.00  0.00 12.99 13.64 11.14 15.58  0.44  0.33  0.56   1.59e-02   1.56e-02   1.68e-02  0.00  0.00  0.00   0.00e+00   0.00e+00   0.00e+00  0.1843  0.847   91.1   1.16    290
ABELL_1758                  2213   0.02   2.51  0.00  0.00  9.89 25.75 17.59 36.74  0.49  0.27  0.72   5.03e-03   4.82e-03   5.30e-03  0.00  0.00  0.00   0.00e+00   0.00e+00   0.00e+00  0.2792  0.303   58.3   1.14    283
ABELL_1763                  3591   0.02   3.17  0.00  0.00 13.75 11.59  9.41 14.58  0.32  0.14  0.50   5.51e-03   5.40e-03   5.87e-03  0.00  0.00  0.00   0.00e+00   0.00e+00   0.00e+00  0.1866  0.287   84.7   0.92    167
ABELL_1795                  5289   0.07   6.58  5.53  0.00 17.90  6.81  6.22  7.35  0.30  0.25  0.35   4.72e-02   4.55e-02   4.97e-02  0.00  0.00  0.00   0.00e+00   0.00e+00   0.00e+00  0.0625  2.128   92.6   1.02    326
ABELL_1835                   495   0.02   2.64  0.00  0.00  3.44 11.30 10.21 12.57  0.33  0.24  0.42   1.30e-02   1.28e-02   1.33e-02  0.00  0.00  0.00   0.00e+00   0.00e+00   0.00e+00  0.2532  0.791   86.5   1.02    273
ABELL_1914                  3593   0.02   4.00  0.00  0.00 11.83 11.54  9.85 12.84  0.32  0.23  0.42   1.76e-02   1.74e-02   1.85e-02  0.00  0.00  0.00   0.00e+00   0.00e+00   0.00e+00  0.1712  0.910   92.0   1.04    286
ABELL_1942                  3290   0.02   2.37  0.00  0.00 26.06  5.60  4.50  6.62  0.33  0.17  0.50   1.33e-03   1.25e-03   1.57e-03  0.00  0.00  0.00   0.00e+00   0.00e+00   0.00e+00  0.2240  0.058   70.1   1.05    123
ABELL_1991                  3193   0.07   3.03  0.00  0.00 22.73  2.83  2.58  3.03  0.49  0.34  0.64   4.93e-03   4.62e-03   5.58e-03  0.00  0.00  0.00   0.00e+00   0.00e+00   0.00e+00  0.0565  0.183   60.7   0.96    199
ABELL_2029                  4977   0.06   3.00 15.81 11.42 20.25  8.05  7.77  8.34  0.43  0.40  0.45   4.44e-02   4.36e-02   4.52e-02  0.00  0.00  0.00   0.00e+00   0.00e+00   0.00e+00  0.0765  2.368   91.0   1.09    347
ABELL_2029                  6101   0.06   6.68 15.95  3.81 28.15  8.99  8.06 10.17  0.38  0.31  0.45   5.70e-02   5.46e-02   5.96e-02  0.00  0.00  0.00   0.00e+00   0.00e+00   0.00e+00  0.0765  2.742   91.9   1.05    325
ABELL_2034                  2204   0.03   4.91 17.42  6.02 30.04  8.69  7.68  9.83  0.30  0.24  0.37   1.15e-02   1.10e-02   1.21e-02  0.00  0.00  0.00   0.00e+00   0.00e+00   0.00e+00  0.1130  0.541   84.6   0.99    336
ABELL_2069                  4965   0.03   4.95  8.27  0.00 27.71  8.12  6.73  9.69  0.24  0.14  0.34   6.82e-03   6.43e-03   7.47e-03  0.00  0.00  0.00   0.00e+00   0.00e+00   0.00e+00  0.1160  0.302   71.4   0.96    313
ABELL_2104                   895   0.02   2.45 24.54 12.40 37.36  7.95  7.07  8.98  0.36  0.29  0.45   7.25e-03   6.85e-03   7.71e-03  0.00  0.00  0.00   0.00e+00   0.00e+00   0.00e+00  0.1554  0.399   69.7   1.04    295
ABELL_2111                   544   0.02   2.90  0.00  0.00 27.52 11.32  7.50 16.58  0.04  0.00  0.34   3.43e-03   3.18e-03   3.95e-03  0.00  0.00  0.00   0.00e+00   0.00e+00   0.00e+00  0.2300  0.170   76.3   0.89     71
ABELL_2124                  3238   0.07   2.77  0.00  0.00 23.42  6.25  4.94  7.88  0.44  0.21  0.69   2.62e-03   2.47e-03   2.96e-03  0.00  0.00  0.00   0.00e+00   0.00e+00   0.00e+00  0.0658  0.143   54.1   1.19    108
ABELL_2125                  2207   0.02   1.60 21.04  0.00 90.06  3.39  2.33  4.76  0.21  0.00  0.53   5.41e-04   4.20e-04   9.05e-04  0.00  0.00  0.00   0.00e+00   0.00e+00   0.00e+00  0.2465  0.017   61.8   1.31     69
ABELL_2147                  3211   0.11   7.77  0.00  0.00 15.64  5.62  5.01  6.19  0.30  0.21  0.40   1.56e-02   1.50e-02   1.68e-02  0.00  0.00  0.00   0.00e+00   0.00e+00   0.00e+00  0.0356  0.658   77.8   1.08    282
ABELL_2163                  1653   0.02   4.54 16.28  9.75 23.99 20.27 17.11 23.64  0.09  0.02  0.15   2.73e-02   2.70e-02   2.77e-02  0.00  0.00  0.00   0.00e+00   0.00e+00   0.00e+00  0.1695  1.263   90.0   1.26    357
ABELL_2199                   497   0.13   2.89  0.00  0.00 20.30  4.74  4.28  4.99  0.35  0.29  0.41   2.38e-02   2.32e-02   2.59e-02  0.00  0.00  0.00   0.00e+00   0.00e+00   0.00e+00  0.0300  1.125   90.6   1.06    261
ABELL_2204                   499   0.02   3.09 11.74  0.00 27.26  9.85  8.30 12.11  0.30  0.20  0.40   2.18e-02   2.06e-02   2.33e-02  0.00  0.00  0.00   0.00e+00   0.00e+00   0.00e+00  0.1524  1.256   83.6   0.93    240
ABELL_2204                  6104   0.02   4.27  2.02  0.00 19.90 11.00  8.88 12.84  0.42  0.30  0.56   2.01e-02   1.91e-02   2.17e-02  0.00  0.00  0.00   0.00e+00   0.00e+00   0.00e+00  0.1524  1.070   90.0   1.00    244
ABELL_2218                  1666   0.02   3.34  0.00  0.00 15.36 10.40  8.60 11.77  0.21  0.12  0.31   6.58e-03   6.41e-03   7.06e-03  0.00  0.00  0.00   0.00e+00   0.00e+00   0.00e+00  0.1713  0.331   87.6   0.90    276
ABELL_2219                   896   0.02   2.99  0.00  0.00  4.05 12.90 11.63 13.87  0.30  0.21  0.36   1.38e-02   1.36e-02   1.41e-02  0.00  0.00  0.00   0.00e+00   0.00e+00   0.00e+00  0.2256  0.835   75.3   1.00    332
ABELL_2244                  4179   0.04   2.96  4.82  0.00 14.87  5.83  5.43  6.18  0.34  0.30  0.38   1.54e-02   1.48e-02   1.61e-02  0.00  0.00  0.00   0.00e+00   0.00e+00   0.00e+00  0.0967  0.776   79.9   1.06    330
ABELL_2255                   894   0.05   6.29  5.85  0.00 21.30  7.89  6.87  8.76  0.36  0.27  0.45   1.33e-02   1.27e-02   1.42e-02  0.00  0.00  0.00   0.00e+00   0.00e+00   0.00e+00  0.0805  0.627   76.8   0.96    342
ABELL_2259                  3245   0.02   2.97  0.01  0.00 35.58  6.60  4.96  7.98  0.36  0.19  0.54   5.35e-03   5.02e-03   6.53e-03  0.00  0.00  0.00   0.00e+00   0.00e+00   0.00e+00  0.1640  0.254   85.6   1.02     89
ABELL_2261                  5007   0.02   2.88  0.00  0.00 10.21  9.61  8.40 10.97  0.37  0.26  0.47   8.00e-03   7.78e-03   8.44e-03  0.00  0.00  0.00   0.00e+00   0.00e+00   0.00e+00  0.2240  0.411   90.1   0.95    234
ABELL_2294                  3246   0.02   3.34  0.00  0.00 24.02 11.72  8.70 15.49  0.64  0.38  0.94   6.30e-03   6.12e-03   7.05e-03  0.00  0.00  0.00   0.00e+00   0.00e+00   0.00e+00  0.1780  0.345   82.8   0.96    118
ABELL_2319                  3231   0.07   7.77 17.34  7.57 26.84 11.46 10.32 12.93  0.33  0.27  0.39   7.66e-02   7.44e-02   7.90e-02  0.00  0.00  0.00   0.00e+00   0.00e+00   0.00e+00  0.0562  3.666   92.7   1.15    340
ABELL_2384                  4202   0.04   4.19  0.00  0.00 18.91  6.35  5.45  7.08  0.18  0.09  0.28   5.97e-03   5.76e-03   6.53e-03  0.00  0.00  0.00   0.00e+00   0.00e+00   0.00e+00  0.0945  0.265   81.6   0.92    232
ABELL_2390                  4193   0.02   2.87 14.47  9.29 19.81 10.28  9.61 11.02  0.35  0.31  0.39   1.43e-02   1.40e-02   1.47e-02  0.00  0.00  0.00   0.00e+00   0.00e+00   0.00e+00  0.2301  0.809   74.3   1.07    362
ABELL_2409                  3247   0.02   3.42 41.33 12.31 73.37  5.45  4.44  6.78  0.37  0.25  0.50   9.93e-03   8.57e-03   1.17e-02  0.00  0.00  0.00   0.00e+00   0.00e+00   0.00e+00  0.1479  0.393   88.3   0.94    128
ABELL_2537                  4962   0.02   2.11 10.78  0.00 31.03  7.33  5.94  9.09  0.36  0.24  0.52   3.02e-03   2.74e-03   3.46e-03  0.00  0.00  0.00   0.00e+00   0.00e+00   0.00e+00  0.2950  0.166   46.5   0.85    181
ABELL_2550                  2225   0.02   2.26  0.00  0.00 69.81  2.19  1.63  2.66  0.07  0.00  0.34   1.23e-03   1.02e-03   2.17e-03  0.00  0.00  0.00   0.00e+00   0.00e+00   0.00e+00  0.1543  0.032   34.3   1.12    107
ABELL_2554                  1696   0.04   3.69  5.51  0.00 54.01  6.93  4.64  9.08  0.27  0.07  0.51   3.47e-03   3.20e-03   4.48e-03  0.00  0.00  0.00   0.00e+00   0.00e+00   0.00e+00  0.1103  0.185   37.2   0.96    155
ABELL_2556                  2226   0.05   3.90  0.02  0.00 35.73  4.11  3.36  4.61  0.39  0.25  0.54   6.22e-03   5.85e-03   7.50e-03  0.00  0.00  0.00   0.00e+00   0.00e+00   0.00e+00  0.0862  0.279   52.5   0.99    186
ABELL_2589                  3210   0.10   2.38  0.00  0.00 119.24  5.21  2.89  8.64  0.31  0.00  0.99   5.40e-03   4.57e-03   9.13e-03  0.00  0.00  0.00   0.00e+00   0.00e+00   0.00e+00  0.0415  0.263   76.6   1.00     18
ABELL_2597                   922   0.05   1.13  0.00  0.00 23.30  4.56  3.98  5.05  0.30  0.20  0.42   6.06e-03   5.80e-03   6.81e-03  0.00  0.00  0.00   0.00e+00   0.00e+00   0.00e+00  0.0854  0.284   94.4   0.97    125
ABELL_2626                  3192   0.07   3.10  0.00  0.00 16.95  3.44  3.16  3.72  0.65  0.50  0.82   6.26e-03   5.91e-03   6.83e-03  0.00  0.00  0.00   0.00e+00   0.00e+00   0.00e+00  0.0573  0.276   64.5   1.02    187
ABELL_2667                  2214   0.02   2.58  0.00  0.00 12.27  7.55  6.52  8.63  0.41  0.28  0.54   9.09e-03   8.76e-03   9.80e-03  0.00  0.00  0.00   0.00e+00   0.00e+00   0.00e+00  0.2300  0.532   76.4   1.09    140
ABELL_2670                  4959   0.06   5.20 14.31  0.00 43.06  4.37  3.72  5.08  0.29  0.19  0.39   7.58e-03   6.86e-03   8.76e-03  0.00  0.00  0.00   0.00e+00   0.00e+00   0.00e+00  0.0763  0.289   70.8   1.08    280
ABELL_2744                  2212   0.02   2.57  0.00  0.00 13.56 10.42  8.64 11.87  0.26  0.15  0.37   6.90e-03   6.73e-03   7.46e-03  0.00  0.00  0.00   0.00e+00   0.00e+00   0.00e+00  0.3080  0.396   67.5   0.90    215
ABELL_3112                  2516   0.06   3.00  0.00  0.00  6.79  6.40  5.90  6.94  0.60  0.50  0.70   1.50e-02   1.45e-02   1.56e-02  0.00  0.00  0.00   0.00e+00   0.00e+00   0.00e+00  0.0720  0.842   84.0   1.21    240
ABELL_3158                  3201   0.07   7.08  5.44  0.00 20.27  5.85  5.30  6.30  0.36  0.31  0.42   2.58e-02   2.48e-02   2.75e-02  0.00  0.00  0.00   0.00e+00   0.00e+00   0.00e+00  0.0580  1.126   85.4   1.00    331
ABELL_3266                   899   0.07   3.80  0.00  0.00 11.65 11.95 10.41 13.36  0.31  0.21  0.41   1.53e-02   1.50e-02   1.59e-02  0.00  0.00  0.00   0.00e+00   0.00e+00   0.00e+00  0.0590  0.709   90.7   1.06    302
ABELL_3558                  1646   0.08   3.03  0.00  0.00 11.69  7.66  6.88  8.51  0.55  0.43  0.68   1.55e-02   1.51e-02   1.64e-02  0.00  0.00  0.00   0.00e+00   0.00e+00   0.00e+00  0.0480  0.883   84.4   1.02    222
ABELL_3562                  4167   0.08   5.41 31.16  5.36 59.19  4.79  4.13  5.60  0.30  0.22  0.39   1.42e-02   1.27e-02   1.60e-02  0.00  0.00  0.00   0.00e+00   0.00e+00   0.00e+00  0.0490  0.535   83.5   0.94    255
ABELL_3571                  4203   0.11   2.17  9.71  0.00 21.41  8.75  7.99  9.67  0.48  0.41  0.56   1.73e-02   1.66e-02   1.81e-02  0.00  0.00  0.00   0.00e+00   0.00e+00   0.00e+00  0.0391  0.976   92.0   1.08    305
ABELL_3667                  5751   0.07   6.11  0.00  0.00  4.92  7.90  7.56  8.11  0.36  0.33  0.39   3.21e-02   3.18e-02   3.27e-02  0.00  0.00  0.00   0.00e+00   0.00e+00   0.00e+00  0.0556  1.394   87.9   1.05    345
ABELL_4038                  4992   0.13   8.00  6.13  0.00 22.25  3.20  3.00  3.34  0.38  0.32  0.44   3.02e-02   2.89e-02   3.25e-02  0.00  0.00  0.00   0.00e+00   0.00e+00   0.00e+00  0.0300  0.976   81.2   1.10    338
AC_114                      1562   0.02   2.18  0.00  0.00  6.59  8.43  7.50  9.50  0.26  0.16  0.36   2.78e-03   2.71e-03   2.92e-03  0.00  0.00  0.00   0.00e+00   0.00e+00   0.00e+00  0.3120  0.157   55.7   1.07    263
CL_0024+17                   929   0.01   1.55  1.18  0.00 40.58 16.50  8.14 65.10  1.05  0.12  3.36   4.52e-04   3.96e-04   5.97e-04  0.00  0.00  0.00   0.00e+00   0.00e+00   0.00e+00  0.3940  0.031   37.1   0.85     57
CL_1221+4918                1662   0.01   1.41  0.00  0.00  8.56  7.23  5.88  9.02  0.36  0.16  0.58   5.80e-04   5.38e-04   6.53e-04  0.00  0.00  0.00   0.00e+00   0.00e+00   0.00e+00  0.7000  0.025   62.2   0.93     73
CL_J0030+2618               5762   0.01   2.06  0.00  0.00 74.89  5.46  2.91 14.86  0.33  0.00  1.40   4.90e-04   3.77e-04   9.75e-04  0.00  0.00  0.00   0.00e+00   0.00e+00   0.00e+00  0.5000  0.021   37.7   1.30     19
CL_J0152-1357                913   0.22   1.70  0.00  0.00 20.13  5.02  3.43  5.91  0.10  0.00  0.37   7.91e-04   7.06e-04   1.11e-03  0.00  0.00  0.00   0.00e+00   0.00e+00   0.00e+00  0.8310  0.028   59.9   1.25     48
CL_J0542.8-4100              914   0.01   1.42  0.00  0.00 18.10  6.60  4.78  8.81  0.16  0.00  0.39   5.79e-04   5.33e-04   7.13e-04  0.00  0.00  0.00   0.00e+00   0.00e+00   0.00e+00  0.6300  0.025   66.4   0.92     53
CL_J0848+4456                927   0.01   0.78 58.90  0.00 142.43  2.53  1.43  4.89  0.00  0.00  0.40   1.67e-04   0.00e+00   5.63e-04  0.00  0.00  0.00   0.00e+00   0.00e+00   0.00e+00  0.5740  0.003   58.3   0.94     16
CL_J1113.1-2615              915   0.01   1.39 50.34 10.90 96.17  1.99  1.57  2.67  1.48  0.53  5.07   2.85e-04   0.00e+00   5.79e-04  0.00  0.00  0.00   0.00e+00   0.00e+00   0.00e+00  0.7300  0.007   55.3   1.08     54
CL_J1213+0253               4934   0.01   1.11  0.00  0.00 90.95  3.96  1.91  7.83  0.00  0.00  1.16   3.00e-04   2.17e-04   8.41e-04  0.00  0.00  0.00   0.00e+00   0.00e+00   0.00e+00  0.4090  0.010   51.9   0.73      7
CL_J1226.9+3332              932   0.01   1.53 10.49  0.00 42.58  7.24  4.00 14.98  0.26  0.00  0.84   1.47e-03   1.13e-03   2.38e-03  0.00  0.00  0.00   0.00e+00   0.00e+00   0.00e+00  0.8900  0.065   35.4   0.50     22
CL_J1641+4001               3575   0.01   0.66  0.00  0.00 38.14  5.70  3.50  9.70  0.00  0.00  0.53   2.00e-04   1.63e-04   3.00e-04  0.00  0.00  0.00   0.00e+00   0.00e+00   0.00e+00  0.4640  0.008   74.8   1.91     12
CL_J2302.8+0844              918   0.01   1.64  0.00  0.00 17.91  5.03  2.86  7.33  0.09  0.00  0.40   2.72e-04   2.41e-04   3.64e-04  0.00  0.00  0.00   0.00e+00   0.00e+00   0.00e+00  0.7300  0.010   50.7   0.96     78
CYGNUS_A                     360   0.07   2.39 49.51 37.86 61.52  7.26  6.67  7.93  0.41  0.35  0.47   1.85e-02   1.77e-02   1.94e-02  0.00  0.00  0.00   0.00e+00   0.00e+00   0.00e+00  0.0561  0.938   83.2   1.12    318
ESO_3060170                 3189   0.11   5.29  0.12  0.00 64.16  3.28  2.57  3.74  0.34  0.14  0.58   6.18e-03   5.72e-03   8.30e-03  0.00  0.00  0.00   0.00e+00   0.00e+00   0.00e+00  0.0358  0.206   74.1   0.87    127
ESO_5520200                 3206   0.13   5.77 45.52  0.00 125.83  2.35  1.88  2.97  0.59  0.24  1.09   3.92e-03   2.87e-03   6.09e-03  0.00  0.00  0.00   0.00e+00   0.00e+00   0.00e+00  0.0314  0.109   55.2   1.24    140
EXO_0422-086                4183   0.10   7.87 26.15  0.00 67.68  3.34  2.82  3.99  0.33  0.19  0.48   1.79e-02   1.52e-02   2.17e-02  0.00  0.00  0.00   0.00e+00   0.00e+00   0.00e+00  0.0397  0.574   74.0   0.77    201
HERCULES_A                  1625   0.02   2.32 10.11  0.00 53.36  4.45  3.44  5.45  0.50  0.32  0.69   4.26e-03   3.80e-03   5.48e-03  0.00  0.00  0.00   0.00e+00   0.00e+00   0.00e+00  0.1541  0.210   67.3   0.81    106
HYDRA_A                     4970   0.07   4.66  0.00  0.00  2.23  4.47  4.37  4.57  0.29  0.27  0.32   2.64e-02   2.62e-02   2.68e-02  0.00  0.00  0.00   0.00e+00   0.00e+00   0.00e+00  0.0549  1.169   74.4   1.09    345
IRAS_09104+4109              509   0.01   1.98 119.56 105.55 134.09 79.90 68.37 79.90  0.82  0.10  1.62   1.17e-02   1.06e-02   1.29e-02  0.00  0.00  0.00   0.00e+00   0.00e+00   0.00e+00  0.4420  0.472   82.8   2.14    113
LYNX_E                      9271   0.01   0.52 30.80  0.00 86.06  4.23  2.10  8.67  1.85  0.33 1000.00   5.52e-05   0.00e+00   1.37e-04  0.00  0.00  0.00   0.00e+00   0.00e+00   0.00e+00  1.2600  0.002   61.2   0.69      7
MACS_J0011.7-1523           6105   0.02   1.74  1.90  0.00 20.06  6.90  5.64  8.11  0.33  0.20  0.46   2.33e-03   2.20e-03   2.66e-03  0.00  0.00  0.00   0.00e+00   0.00e+00   0.00e+00  0.3600  0.110   81.7   0.88    130
MACS_J0159.8-0849           6106   0.01   2.15  0.00  0.00  5.91  9.61  8.42 10.99  0.31  0.19  0.43   3.88e-03   3.82e-03   4.07e-03  0.00  0.00  0.00   0.00e+00   0.00e+00   0.00e+00  0.4050  0.199   83.1   1.11    182
MACS_J0242.5-2132           3266   0.02   2.04  0.00  0.00 17.47  6.43  5.22  7.87  0.30  0.13  0.48   3.76e-03   3.53e-03   4.28e-03  0.00  0.00  0.00   0.00e+00   0.00e+00   0.00e+00  0.3140  0.174   87.2   0.84     70
MACS_J0329.6-0211           3582   0.01   1.50  0.00  0.00  8.50  7.17  6.04  8.70  0.31  0.14  0.49   2.08e-03   1.96e-03   2.26e-03  0.00  0.00  0.00   0.00e+00   0.00e+00   0.00e+00  0.4500  0.098   87.4   1.38     66
MACS_J0429.6-0253           3271   0.01   1.83  0.00  0.00 18.93  7.14  5.60  8.50  0.31  0.16  0.47   2.25e-03   2.13e-03   2.63e-03  0.00  0.00  0.00   0.00e+00   0.00e+00   0.00e+00  0.3990  0.111   82.7   1.12     89
MACS_J0547.0-3904           3273   0.02   1.89  0.00  0.00 30.14  5.59  4.16  7.33  0.00  0.00  0.19   1.19e-03   1.08e-03   1.47e-03  0.00  0.00  0.00   0.00e+00   0.00e+00   0.00e+00  0.2100  0.051   75.5   1.45     48
MACS_J0744.9+3927           6111   0.01   1.79  0.00  0.00  4.97  8.87  7.69 10.46  0.40  0.24  0.56   1.81e-03   1.73e-03   1.93e-03  0.00  0.00  0.00   0.00e+00   0.00e+00   0.00e+00  0.6860  0.086   70.4   1.19    139
MACS_J0949+1708             3274   0.01   1.78  0.00  0.00 13.25  9.41  7.63 11.89  0.41  0.20  0.63   3.13e-03   2.97e-03   3.46e-03  0.00  0.00  0.00   0.00e+00   0.00e+00   0.00e+00  0.3820  0.159   89.1   0.84     75
MACS_J1115.8+0129           3275   0.03   3.53  0.00  0.00 54.02  8.64  5.15 12.13  0.00  0.00  0.22   2.61e-03   2.43e-03   3.41e-03  0.00  0.00  0.00   0.00e+00   0.00e+00   0.00e+00  0.1200  0.125   65.9   0.98     81
MACS_J1311.0-0311           6110   0.01   1.61  0.00  0.00  6.16  5.60  4.97  6.36  0.41  0.27  0.56   1.35e-03   1.29e-03   1.45e-03  0.00  0.00  0.00   0.00e+00   0.00e+00   0.00e+00  0.4940  0.060   72.0   0.98    128
MACS_J1319+7003             3278   0.02   1.68 26.01  0.00 71.88  7.42  4.66 16.06  0.27  0.00  0.55   1.79e-03   1.46e-03   2.45e-03  0.00  0.00  0.00   0.00e+00   0.00e+00   0.00e+00  0.3275  0.081   74.4   1.38     49
MACS_J1427.6-2521           3279   0.02   2.07 36.21  0.00 132.69  6.00  3.01 13.99  0.04  0.00  0.36   1.15e-03   8.59e-04   2.14e-03  0.00  0.00  0.00   0.00e+00   0.00e+00   0.00e+00  0.2200  0.046   68.9   1.42     35
MACS_J1621.3+3810           3594   0.01   1.77  0.00  0.00 35.50  6.48  4.12 11.05  0.40  0.00  0.95   1.44e-03   1.26e-03   1.99e-03  0.00  0.00  0.00   0.00e+00   0.00e+00   0.00e+00  0.4610  0.063   73.4   0.65     18
MACS_J1621.6+3810           6109   0.01   1.77  0.00  0.00 14.73  7.16  5.76  8.74  0.33  0.15  0.51   1.50e-03   1.42e-03   1.72e-03  0.00  0.00  0.00   0.00e+00   0.00e+00   0.00e+00  0.4610  0.073   72.5   1.01     96
MACS_J1931.8-2634           3282   0.02   2.08 13.13  0.00 33.58  7.41  5.95  9.73  0.26  0.14  0.40   5.72e-03   5.09e-03   6.59e-03  0.00  0.00  0.00   0.00e+00   0.00e+00   0.00e+00  0.3520  0.262   90.4   0.87    109
MACS_J2228+2036             3285   0.01   1.67  0.00  0.00  8.18  9.67  8.07 11.97  0.43  0.24  0.63   2.70e-03   2.57e-03   2.90e-03  0.00  0.00  0.00   0.00e+00   0.00e+00   0.00e+00  0.4120  0.139   88.2   0.99     93
MACS_J2229.7-2755           3286   0.02   1.88  5.02  0.00 36.66  5.62  4.26  6.97  0.51  0.32  0.73   2.58e-03   2.32e-03   3.25e-03  0.00  0.00  0.00   0.00e+00   0.00e+00   0.00e+00  0.3240  0.121   85.4   1.10     65
MACS_J2311+0338             3288   0.02   1.30  0.00  0.00 19.72 13.38  9.62 19.42  0.71  0.33  1.21   2.65e-03   2.44e-03   2.99e-03  0.00  0.00  0.00   0.00e+00   0.00e+00   0.00e+00  0.2998  0.149   88.7   1.17     61
MKW_04                      3234   0.21   3.83 87.73 20.92 158.23  1.87  1.60  2.20  0.69  0.36  1.17   3.19e-03   2.22e-03   4.85e-03  0.00  0.00  0.00   0.00e+00   0.00e+00   0.00e+00  0.0198  0.078   43.3   0.98    130
MS_0016.9+1609               520   0.01   1.86  0.00  0.00  4.91 10.43  9.28 11.68  0.31  0.21  0.42   3.01e-03   2.93e-03   3.15e-03  0.00  0.00  0.00   0.00e+00   0.00e+00   0.00e+00  0.5410  0.149   83.5   0.88    218
MS_0302.7+1658               525   0.01   1.28 47.84  0.00 132.27  2.15  1.57  3.95  1.79  0.31 21.56   7.23e-04   0.00e+00   1.77e-03  0.00  0.00  0.00   0.00e+00   0.00e+00   0.00e+00  0.4240  0.025   70.9   1.19      8
MS_0440.5+0204              4196   0.02   3.02 146.22 126.78 166.30 79.90 62.54 79.90  2.57  1.19  4.40   6.67e-03   5.70e-03   7.65e-03  0.00  0.00  0.00   0.00e+00   0.00e+00   0.00e+00  0.1900  0.325   46.9   1.79    149
MS_0451.6-0305               902   0.01   1.74  0.00  0.00  7.29 11.43  9.66 13.33  0.43  0.28  0.58   3.01e-03   2.91e-03   3.21e-03  0.00  0.00  0.00   0.00e+00   0.00e+00   0.00e+00  0.5386  0.175   60.8   0.93    176
MS_0735.6+7421              4197   0.02   2.51  0.00  0.00 13.69  6.52  5.73  7.10  0.33  0.25  0.41   4.49e-03   4.35e-03   4.87e-03  0.00  0.00  0.00   0.00e+00   0.00e+00   0.00e+00  0.2160  0.247   62.9   1.06    240
MS_0839.8+2938              2224   0.02   2.28  2.54  0.00 40.59  5.08  3.83  6.06  0.34  0.20  0.50   2.56e-03   2.38e-03   3.26e-03  0.00  0.00  0.00   0.00e+00   0.00e+00   0.00e+00  0.1940  0.132   60.8   0.88    130
MS_0906.5+1110               924   0.02   3.83  4.78  0.00 31.76  6.69  5.30  7.91  0.23  0.12  0.35   4.81e-03   4.52e-03   5.58e-03  0.00  0.00  0.00   0.00e+00   0.00e+00   0.00e+00  0.1630  0.218   75.5   1.09    207
MS_1006.0+1202               925   0.02   2.80  3.65  0.00 38.07  7.48  5.34  9.55  0.22  0.06  0.38   2.66e-03   2.48e-03   3.26e-03  0.00  0.00  0.00   0.00e+00   0.00e+00   0.00e+00  0.2210  0.125   75.5   1.35    134
MS_1008.1-1224               926   0.02   2.31  0.00  0.00  8.59 10.04  8.34 12.44  0.39  0.21  0.60   1.91e-03   1.82e-03   2.04e-03  0.00  0.00  0.00   0.00e+00   0.00e+00   0.00e+00  0.3010  0.098   78.9   0.97    143
MS_1054.5-0321               512   0.01   1.80  0.00  0.00  8.48 11.12  8.22 14.21  0.10  0.00  0.31   1.28e-03   1.22e-03   1.42e-03  0.00  0.00  0.00   0.00e+00   0.00e+00   0.00e+00  0.8300  0.069   41.6   1.03    177
MS_1455.0+2232              4192   0.02   1.99  0.00  0.00  3.63  5.56  5.28  5.86  0.45  0.40  0.51   4.47e-03   4.38e-03   4.60e-03  0.00  0.00  0.00   0.00e+00   0.00e+00   0.00e+00  0.2590  0.196   90.5   1.09    282
MS_1621.5+2640               546   0.01   1.86  5.42  0.00 34.25  6.12  4.57  8.06  0.41  0.19  0.66   1.12e-03   1.00e-03   1.43e-03  0.00  0.00  0.00   0.00e+00   0.00e+00   0.00e+00  0.4260  0.053   68.0   1.23     69
MS_2053.7-0449              1667   0.01   1.81 16.89  0.00 77.18  3.23  1.97  5.22  0.08  0.00  0.50   5.39e-04   3.75e-04   1.23e-03  0.00  0.00  0.00   0.00e+00   0.00e+00   0.00e+00  0.5830  0.014   58.2   0.70     40
MS_2137.3-2353              4974   0.02   2.06 11.86  0.00 34.79  6.94  5.54  9.25  0.37  0.22  0.53   3.31e-03   2.97e-03   3.84e-03  0.00  0.00  0.00   0.00e+00   0.00e+00   0.00e+00  0.3130  0.184   55.6   1.26    115
OPHIUCHUS                   3200   0.15   3.00 41.95 36.81 47.22 10.14  9.68 10.64  0.38  0.35  0.41   7.36e-02   7.24e-02   7.48e-02  0.00  0.00  0.00   0.00e+00   0.00e+00   0.00e+00  0.0280  3.798   93.4   1.06    341
PKS_0745-191                 508   0.04   2.98 58.27 48.29 68.13 11.10 10.05 12.47  0.64  0.55  0.75   4.63e-02   4.47e-02   4.80e-02  0.00  0.00  0.00   0.00e+00   0.00e+00   0.00e+00  0.1028  2.517   87.2   1.16    310
PKS_0745-191                6103   0.04   5.81 44.56 31.78 58.23  9.39  8.26 10.76  0.39  0.31  0.47   4.53e-02   4.32e-02   4.78e-02  0.00  0.00  0.00   0.00e+00   0.00e+00   0.00e+00  0.1028  2.104   89.4   0.98    315
RBS_0797                    2202   0.02   1.92 14.00  0.00 39.07  7.98  5.98 10.64  0.29  0.15  0.48   5.56e-03   4.90e-03   6.67e-03  0.00  0.00  0.00   0.00e+00   0.00e+00   0.00e+00  0.3540  0.264   89.0   1.07    101
RDCS_1252-29                4198   0.01   0.53  3.81  0.00 30.87  4.65  2.50  7.45  0.79  0.17  1.85   8.96e-05   6.74e-05   1.63e-04  0.00  0.00  0.00   0.00e+00   0.00e+00   0.00e+00  1.2370  0.002   50.7   1.24     17
RX_J0439+0520                527   0.02   2.38 67.45  6.47 126.23  3.55  2.68  5.34  0.39  0.18  0.66   4.03e-03   2.79e-03   5.75e-03  0.00  0.00  0.00   0.00e+00   0.00e+00   0.00e+00  0.2080  0.121   77.8   1.11     45
RX_J0439.0+0715             1449   0.02   3.06 30.66  0.00 76.47  7.06  4.68 13.51  0.47  0.15  0.89   5.57e-03   4.45e-03   7.29e-03  0.00  0.00  0.00   0.00e+00   0.00e+00   0.00e+00  0.2400  0.252   82.8   1.10     58
RX_J0647.7+7015             3584   0.01   1.72  4.84  0.00 23.96 11.66  8.29 16.90  0.27  0.01  0.56   2.25e-03   2.05e-03   2.64e-03  0.00  0.00  0.00   0.00e+00   0.00e+00   0.00e+00  0.5840  0.106   80.7   1.05     71
RX_J0819.6+6336             2199   0.03   2.98  3.79  0.00 126.86  4.32  2.12  5.77  0.00  0.00  0.38   2.82e-03   2.47e-03   6.13e-03  0.00  0.00  0.00   0.00e+00   0.00e+00   0.00e+00  0.1190  0.121   45.8   1.03     70
RX_J0820.9+0752             1647   0.04   3.03 68.88 24.21 122.03 79.90 24.69 79.90  2.77  0.00  9.83   5.17e-03   3.20e-03   7.11e-03  0.00  0.00  0.00   0.00e+00   0.00e+00   0.00e+00  0.1100  0.283   57.5   0.99     37
RX_J0910+5422               2227   0.01   0.86 13.00  0.00 78.50  4.28  1.70 11.85  0.00  0.00  0.61   1.01e-04   5.94e-05   4.51e-04  0.00  0.00  0.00   0.00e+00   0.00e+00   0.00e+00  1.1000  0.002   31.4   0.81     17
RX_J1053+5735               4936   0.01   0.49  0.00  0.00 24.94  9.94  3.93 50.64  0.21  0.00  2.35   5.77e-05   4.12e-05   9.79e-05  0.00  0.00  0.00   0.00e+00   0.00e+00   0.00e+00  1.1400  0.003   33.5   1.22     11
RX_J1347.5-1145             3592   0.01   2.15  0.00  0.00  1.84 18.95 17.04 21.13  0.31  0.21  0.41   9.52e-03   9.35e-03   9.70e-03  0.00  0.00  0.00   0.00e+00   0.00e+00   0.00e+00  0.4510  0.494   93.1   1.13    329
RX_J1347.5-1145              507   0.01   2.15  0.00  0.00 10.34 18.76 13.92 24.33  0.58  0.33  0.84   9.53e-03   9.16e-03   1.01e-02  0.00  0.00  0.00   0.00e+00   0.00e+00   0.00e+00  0.4510  0.614   75.3   1.05    157
RX_J1350+6007               2229   0.01   0.71 14.48  0.00 74.10  4.51  2.13  8.30  0.00  0.00  0.94   1.92e-04   1.30e-04   4.81e-04  0.00  0.00  0.00   0.00e+00   0.00e+00   0.00e+00  0.8040  0.005   57.6   0.76     11
RX_J1423.8+2404             1657   0.01   1.44  0.00  0.00 11.55  7.73  6.09 10.28  0.22  0.00  0.45   1.61e-03   1.48e-03   1.82e-03  0.00  0.00  0.00   0.00e+00   0.00e+00   0.00e+00  0.5450  0.075   86.0   1.46     44
RX_J1423.8+2404             4195   0.01   1.44  0.00  0.00  3.13  7.21  6.64  7.85  0.40  0.32  0.49   1.63e-03   1.59e-03   1.69e-03  0.00  0.00  0.00   0.00e+00   0.00e+00   0.00e+00  0.5450  0.090   52.1   0.88    223
RX_J1504.1-0248             5793   0.02   3.22 13.88  6.12 21.85  8.35  7.71  9.10  0.39  0.34  0.44   1.83e-02   1.76e-02   1.91e-02  0.00  0.00  0.00   0.00e+00   0.00e+00   0.00e+00  0.2150  0.880   91.9   1.25    330
RX_J1525+0958               1664   0.01   1.08  0.00  0.00 18.78  6.88  5.08  9.91  0.33  0.01  0.66   4.00e-04   3.64e-04   4.81e-04  0.00  0.00  0.00   0.00e+00   0.00e+00   0.00e+00  0.5160  0.018   78.1   0.95     35
RX_J1532.9+3021             1649   0.02   1.80  7.90  0.00 31.73  7.38  5.74  8.52  0.37  0.21  0.57   4.97e-03   4.50e-03   5.86e-03  0.00  0.00  0.00   0.00e+00   0.00e+00   0.00e+00  0.3450  0.284   73.8   1.01     85
RX_J1532.9+3021             1665   0.02   1.80  0.00  0.00 16.94  6.36  5.29  7.47  0.44  0.28  0.62   4.79e-03   4.53e-03   5.41e-03  0.00  0.00  0.00   0.00e+00   0.00e+00   0.00e+00  0.3450  0.232   92.9   1.11     74
RX_J1716.9+6708              548   0.01   1.57  7.93  0.00 34.96  5.48  3.75  7.86  0.68  0.31  1.16   5.02e-04   4.05e-04   7.36e-04  0.00  0.00  0.00   0.00e+00   0.00e+00   0.00e+00  0.8100  0.020   55.3   0.75     56
RX_J1720.1+2638             4361   0.02   3.15  0.00  0.00 12.63  8.01  7.08  8.77  0.38  0.30  0.47   1.03e-02   9.99e-03   1.09e-02  0.00  0.00  0.00   0.00e+00   0.00e+00   0.00e+00  0.1640  0.520   90.7   1.02    260
RX_J1720.2+3536             3280   0.01   1.69  0.00  0.00 14.94  7.05  5.96  8.26  0.67  0.48  0.88   2.49e-03   2.36e-03   2.80e-03  0.00  0.00  0.00   0.00e+00   0.00e+00   0.00e+00  0.3913  0.130   86.6   0.88     87
RX_J2129.6+0005              552   0.02   3.35  0.00  0.00 24.52  7.25  5.76  8.65  0.49  0.31  0.68   5.90e-03   5.59e-03   6.83e-03  0.00  0.00  0.00   0.00e+00   0.00e+00   0.00e+00  0.2350  0.303   80.9   1.08    107
SERSIC_159-03               1668   0.07   2.93  0.00  0.00 23.11  2.62  2.38  2.83  0.26  0.14  0.40   1.28e-02   1.19e-02   1.46e-02  0.00  0.00  0.00   0.00e+00   0.00e+00   0.00e+00  0.0580  0.409   79.6   1.10    122
V_1121.0+2327               1660   0.01   1.44 21.48  0.00 58.59  3.37  2.43  4.91  0.26  0.03  0.57   5.58e-04   4.01e-04   8.71e-04  0.00  0.00  0.00   0.00e+00   0.00e+00   0.00e+00  0.5600  0.016   66.3   1.19     50
ZWCL_1215                   4184   0.06   4.59  0.00  0.00 16.82  8.80  7.38 10.10  0.34  0.21  0.47   1.36e-02   1.32e-02   1.47e-02  0.00  0.00  0.00   0.00e+00   0.00e+00   0.00e+00  0.0750  0.664   88.4   1.05    215
ZWCL_1358+6245               516   0.02   2.14 20.36  0.80 39.44  9.79  8.46 14.50  0.42  0.25  0.63   2.58e-03   2.32e-03   2.89e-03  0.00  0.00  0.00   0.00e+00   0.00e+00   0.00e+00  0.3280  0.145   55.5   1.04    158
ZWCL_1953                   1659   0.02   2.76  0.00  0.00 11.93 11.20  8.33 14.48  0.09  0.00  0.29   3.11e-03   2.96e-03   3.36e-03  0.00  0.00  0.00   0.00e+00   0.00e+00   0.00e+00  0.3800  0.154   74.1   0.78    125
ZWCL_3146                    909   0.02   3.10  0.00  0.00  4.44  8.87  8.21  9.56  0.31  0.24  0.37   8.65e-03   8.50e-03   8.91e-03  0.00  0.00  0.00   0.00e+00   0.00e+00   0.00e+00  0.2900  0.443   86.2   0.98    313
ZWCL_5247                    539   0.02   3.00 40.91  0.00 107.97  4.46  2.99  7.56  0.09  0.00  0.29   3.61e-03   2.57e-03   5.70e-03  0.00  0.00  0.00   0.00e+00   0.00e+00   0.00e+00  0.2290  0.116   74.2   0.71     47
ZWCL_7160                    543   0.02   2.92  0.00  0.00 11.25  5.29  4.48  6.33  0.37  0.20  0.54   4.69e-03   4.42e-03   5.18e-03  0.00  0.00  0.00   0.00e+00   0.00e+00   0.00e+00  0.2578  0.210   80.7   0.93     78
ZWICKY_2701                 3195   0.02   2.32 39.88  6.66 77.30  4.37  3.40  5.66  0.41  0.28  0.55   3.85e-03   3.14e-03   4.87e-03  0.00  0.00  0.00   0.00e+00   0.00e+00   0.00e+00  0.2100  0.167   57.8   0.92    136
