# Model: wabs(mekal) for robs-70 spectra; Fit Range = 2.0 - 7.0; Count Rates = 2.0 - 7.0 keV
# Nh frozen = yes; Fe frozen = no; Confidence Levels = 2.71; Systematic error = 0.00
# Cluster                  ObsID    Rin   Rout  nh20   nlo   nhi    Tx   Tlo   Thi    Fe  Felo  Fehi       Norm     Normlo     Normhi   Tx2  Tlo2  Thi2      Norm2    Normlo2    Normhi2       z     Cr   Src%  chisq    dof
1RXS_J2129.4-0741           3595   0.02   0.90  4.36  0.00  0.00 11.46  8.82 15.83  0.58  0.23  0.99   1.26e-03   1.15e-03   1.37e-03  0.00  0.00  0.00   0.00e+00   0.00e+00   0.00e+00  0.5700  0.064   90.9   0.96     42
3C_220.1                     839   0.02   0.48  1.91  0.00  0.00  8.03  2.86 41.88  0.00  0.00  9.94   1.33e-04   0.00e+00   1.91e-04  0.00  0.00  0.00   0.00e+00   0.00e+00   0.00e+00  0.6100  0.006   72.5   0.58      2
3C_28.0                     3233   0.03   6.06  5.71  0.00  0.00  7.50  6.97  8.11  0.28  0.21  0.35   8.87e-03   8.65e-03   9.10e-03  0.00  0.00  0.00   0.00e+00   0.00e+00   0.00e+00  0.1952  0.410   69.1   1.01    342
3C_295                      2254   0.02   1.25  1.35  0.00  0.00  6.24  5.43  7.25  0.21  0.09  0.35   7.96e-04   7.48e-04   8.43e-04  0.00  0.00  0.00   0.00e+00   0.00e+00   0.00e+00  0.4641  0.036   83.3   1.03    102
3C_388                      5295   0.07   1.75  6.11  0.00  0.00  3.49  2.96  4.23  0.50  0.19  0.88   1.00e-03   8.71e-04   1.18e-03  0.00  0.00  0.00   0.00e+00   0.00e+00   0.00e+00  0.0917  0.038   82.9   1.10     47
4C_55.16                    4940   0.02   1.97  4.00  0.00  0.00  5.67  5.25  6.13  0.41  0.33  0.49   2.58e-03   2.50e-03   2.67e-03  0.00  0.00  0.00   0.00e+00   0.00e+00   0.00e+00  0.2420  0.136   55.9   0.80    241
ABELL_0068                  3250   0.02   2.05  4.60  0.00  0.00 10.27  8.03 13.79  0.32  0.06  0.59   3.69e-03   3.44e-03   3.96e-03  0.00  0.00  0.00   0.00e+00   0.00e+00   0.00e+00  0.2546  0.189   87.5   1.13     67
ABELL_0085                   904   0.11   4.78  3.65  0.00  0.00  7.20  6.93  7.48  0.42  0.39  0.47   3.29e-02   3.25e-02   3.34e-02  0.00  0.00  0.00   0.00e+00   0.00e+00   0.00e+00  0.0558  1.546   93.7   1.16    344
ABELL_0133                  2203   0.11   2.56  1.56  0.00  0.00  4.75  4.37  5.21  0.53  0.41  0.66   5.50e-03   5.25e-03   5.77e-03  0.00  0.00  0.00   0.00e+00   0.00e+00   0.00e+00  0.0558  0.274   75.7   0.91    216
ABELL_0267                  3580   0.02   1.66  2.74  0.00  0.00  8.26  6.93 10.21  0.39  0.23  0.57   2.97e-03   2.80e-03   3.15e-03  0.00  0.00  0.00   0.00e+00   0.00e+00   0.00e+00  0.2300  0.150   90.8   1.28     95
ABELL_0370                   515   0.02   2.58  3.37  0.00  0.00 41.68 28.92 74.88  0.37  0.01  0.76   3.08e-03   2.88e-03   3.43e-03  0.00  0.00  0.00   0.00e+00   0.00e+00   0.00e+00  0.3747  0.180   71.2   1.02    283
ABELL_0383                  2321   0.03   2.18  4.07  0.00  0.00  5.87  5.11  6.79  0.45  0.29  0.62   3.55e-03   3.34e-03   3.78e-03  0.00  0.00  0.00   0.00e+00   0.00e+00   0.00e+00  0.1871  0.195   64.0   1.01    123
ABELL_0399                  3230   0.08   6.66 11.51  0.00  0.00  8.93  8.42  9.51  0.30  0.24  0.35   1.89e-02   1.86e-02   1.92e-02  0.00  0.00  0.00   0.00e+00   0.00e+00   0.00e+00  0.0716  0.887   81.8   0.98    346
ABELL_0478                  1669   0.07   3.38 30.90  0.00  0.00  7.81  7.58  8.06  0.34  0.31  0.37   4.52e-02   4.48e-02   4.57e-02  0.00  0.00  0.00   0.00e+00   0.00e+00   0.00e+00  0.0883  2.314   85.4   1.14    349
ABELL_0478                  6102   0.07   3.46 30.90  0.00  0.00  8.42  7.84  9.07  0.52  0.44  0.60   3.78e-02   3.69e-02   3.88e-02  0.00  0.00  0.00   0.00e+00   0.00e+00   0.00e+00  0.0883  1.845   96.0   0.99    293
ABELL_0496                  3361   0.17   2.46  4.57  0.00  0.00  5.79  5.06  6.70  0.54  0.35  0.74   7.49e-03   7.05e-03   7.98e-03  0.00  0.00  0.00   0.00e+00   0.00e+00   0.00e+00  0.0328  0.396   88.1   0.97    109
ABELL_0520                  4215   0.03   3.67  7.84  0.00  0.00  9.74  9.03 10.57  0.37  0.30  0.45   7.27e-03   7.13e-03   7.42e-03  0.00  0.00  0.00   0.00e+00   0.00e+00   0.00e+00  0.2020  0.364   82.9   1.12    330
ABELL_0521                   430   0.02   3.79  6.17  0.00  0.00  7.49  6.51  8.75  0.42  0.28  0.56   5.34e-03   5.10e-03   5.60e-03  0.00  0.00  0.00   0.00e+00   0.00e+00   0.00e+00  0.2533  0.299   39.3   1.14    233
ABELL_0576                  3289   0.15   3.91  5.57  0.00  0.00  4.51  4.18  4.89  0.35  0.25  0.45   8.35e-03   8.00e-03   8.73e-03  0.00  0.00  0.00   0.00e+00   0.00e+00   0.00e+00  0.0385  0.379   59.1   1.00    240
ABELL_0586                   530   0.03   1.54  5.40  0.00  0.00  7.38  6.28  8.84  0.62  0.41  0.86   4.22e-03   3.93e-03   4.52e-03  0.00  0.00  0.00   0.00e+00   0.00e+00   0.00e+00  0.1710  0.215   93.3   0.76     72
ABELL_0611                  3194   0.02   1.50  4.99  0.00  0.00  7.99  7.00  9.20  0.30  0.18  0.43   2.62e-03   2.51e-03   2.75e-03  0.00  0.00  0.00   0.00e+00   0.00e+00   0.00e+00  0.2880  0.149   67.3   0.97    136
ABELL_0644                  2211   0.08   5.81  6.31  0.00  0.00  8.42  8.00  8.89  0.39  0.34  0.45   3.07e-02   3.02e-02   3.12e-02  0.00  0.00  0.00   0.00e+00   0.00e+00   0.00e+00  0.0698  1.483   90.3   1.05    339
ABELL_0665                  3586   0.03   3.36  4.24  0.00  0.00  9.68  8.78 10.75  0.34  0.25  0.44   8.64e-03   8.42e-03   8.88e-03  0.00  0.00  0.00   0.00e+00   0.00e+00   0.00e+00  0.1810  0.438   88.1   0.94    267
ABELL_0697                  4217   0.02   2.08  3.34  0.00  0.00 12.56 10.76 14.96  0.46  0.30  0.65   5.85e-03   5.63e-03   6.08e-03  0.00  0.00  0.00   0.00e+00   0.00e+00   0.00e+00  0.2820  0.312   92.3   1.11    165
ABELL_0773                  5006   0.03   2.08  1.46  0.00  0.00 10.18  8.69 12.13  0.51  0.33  0.71   4.41e-03   4.20e-03   4.62e-03  0.00  0.00  0.00   0.00e+00   0.00e+00   0.00e+00  0.2170  0.233   90.2   1.17    137
ABELL_0781                   534   0.02   2.00  1.90  0.00  0.00  7.55  5.59 11.23  0.52  0.21  0.92   1.88e-03   1.66e-03   2.12e-03  0.00  0.00  0.00   0.00e+00   0.00e+00   0.00e+00  0.2984  0.096   80.2   1.21     37
ABELL_0907                  3185   0.04   3.03  5.69  0.00  0.00  6.68  6.23  7.19  0.42  0.35  0.50   6.15e-03   5.98e-03   6.32e-03  0.00  0.00  0.00   0.00e+00   0.00e+00   0.00e+00  0.1527  0.296   87.6   0.99    273
ABELL_0963                   903   0.03   3.04  1.39  0.00  0.00  6.81  6.23  7.49  0.32  0.23  0.41   5.88e-03   5.69e-03   6.08e-03  0.00  0.00  0.00   0.00e+00   0.00e+00   0.00e+00  0.2056  0.325   61.5   1.06    258
ABELL_1060                  2220   0.18   3.64  4.96  0.00  0.00  3.56  3.39  3.76  0.41  0.33  0.50   1.20e-02   1.16e-02   1.25e-02  0.00  0.00  0.00   0.00e+00   0.00e+00   0.00e+00  0.0125  0.414   93.0   1.21    246
ABELL_1068                  1652   0.04   2.18  0.71  0.00  0.00  5.77  5.18  6.49  0.32  0.22  0.43   4.80e-03   4.58e-03   5.04e-03  0.00  0.00  0.00   0.00e+00   0.00e+00   0.00e+00  0.1375  0.252   74.5   0.92    178
ABELL_1201                  4216   0.03   1.97  1.85  0.00  0.00  5.81  4.99  6.89  0.38  0.23  0.55   2.69e-03   2.51e-03   2.88e-03  0.00  0.00  0.00   0.00e+00   0.00e+00   0.00e+00  0.1688  0.144   53.5   1.14    119
ABELL_1204                  2205   0.03   1.66  1.44  0.00  0.00  4.87  4.26  5.63  0.15  0.02  0.29   2.76e-03   2.58e-03   2.96e-03  0.00  0.00  0.00   0.00e+00   0.00e+00   0.00e+00  0.1706  0.111   91.8   1.02     88
ABELL_1361                  2200   0.05   1.33  2.18  0.00  0.00  4.48  3.18  7.78  0.52  0.00  1.58   2.39e-03   1.85e-03   3.09e-03  0.00  0.00  0.00   0.00e+00   0.00e+00   0.00e+00  0.1171  0.113   75.1   0.42     12
ABELL_1413                  5003   0.04   2.75  2.19  0.00  0.00  9.15  8.62  9.73  0.36  0.30  0.41   9.91e-03   9.74e-03   1.01e-02  0.00  0.00  0.00   0.00e+00   0.00e+00   0.00e+00  0.1426  0.434   92.5   1.01    325
ABELL_1423                   538   0.03   1.12  1.60  0.00  0.00 11.92  7.73 23.45  0.20  0.00  0.70   1.56e-03   1.40e-03   1.72e-03  0.00  0.00  0.00   0.00e+00   0.00e+00   0.00e+00  0.2130  0.078   91.7   0.57     27
ABELL_1650                  4178   0.07   2.90  1.62  0.00  0.00  6.58  6.13  7.07  0.35  0.29  0.42   1.28e-02   1.24e-02   1.31e-02  0.00  0.00  0.00   0.00e+00   0.00e+00   0.00e+00  0.0843  0.664   80.2   0.88    273
ABELL_1651                  4185   0.07   3.03  2.02  0.00  0.00  7.91  6.96  9.13  0.34  0.21  0.47   1.27e-02   1.22e-02   1.32e-02  0.00  0.00  0.00   0.00e+00   0.00e+00   0.00e+00  0.0840  0.625   94.6   0.89    169
ABELL_1664                  1648   0.05   1.44  8.47  0.00  0.00  4.70  3.98  5.72  0.30  0.11  0.50   3.30e-03   3.00e-03   3.66e-03  0.00  0.00  0.00   0.00e+00   0.00e+00   0.00e+00  0.1276  0.154   77.4   0.70     54
ABELL_1682                  3244   0.02   2.57  1.10  0.00  0.00  8.91  6.25 14.67  0.88  0.38  1.59   2.80e-03   2.44e-03   3.19e-03  0.00  0.00  0.00   0.00e+00   0.00e+00   0.00e+00  0.2260  0.153   69.1   0.85     38
ABELL_1689                  5004   0.03   2.72  1.87  0.00  0.00 13.60 11.95 15.68  0.43  0.31  0.55   1.32e-02   1.28e-02   1.35e-02  0.00  0.00  0.00   0.00e+00   0.00e+00   0.00e+00  0.1843  0.696   94.3   1.09    269
ABELL_1758                  2213   0.02   2.82  1.09  0.00  0.00 38.39 30.53 58.69  0.35  0.06  0.64   5.83e-03   5.57e-03   6.29e-03  0.00  0.00  0.00   0.00e+00   0.00e+00   0.00e+00  0.2792  0.330   54.1   1.11    302
ABELL_1763                  3591   0.03   3.86  0.82  0.00  0.00 10.77  9.08 13.14  0.37  0.20  0.55   5.80e-03   5.57e-03   6.04e-03  0.00  0.00  0.00   0.00e+00   0.00e+00   0.00e+00  0.1866  0.301   80.2   0.90    184
ABELL_1795                  5289   0.09   4.95  1.22  0.00  0.00  6.88  6.49  7.32  0.30  0.24  0.35   3.54e-02   3.47e-02   3.62e-02  0.00  0.00  0.00   0.00e+00   0.00e+00   0.00e+00  0.0625  1.621   94.5   1.02    309
ABELL_1835                   495   0.02   3.15  2.36  0.00  0.00 11.47 10.31 12.82  0.37  0.27  0.47   1.20e-02   1.18e-02   1.23e-02  0.00  0.00  0.00   0.00e+00   0.00e+00   0.00e+00  0.2532  0.734   82.3   0.98    275
ABELL_1914                  3593   0.03   2.61  0.97  0.00  0.00 11.79 10.57 13.40  0.30  0.19  0.40   1.46e-02   1.42e-02   1.49e-02  0.00  0.00  0.00   0.00e+00   0.00e+00   0.00e+00  0.1712  0.752   95.6   1.08    267
ABELL_1942                  3290   0.03   1.75  2.75  0.00  0.00  5.80  4.95  6.97  0.39  0.20  0.58   9.86e-04   9.17e-04   1.06e-03  0.00  0.00  0.00   0.00e+00   0.00e+00   0.00e+00  0.2240  0.044   76.2   0.92     93
ABELL_1991                  3193   0.11   3.03  2.43  0.00  0.00  2.81  2.60  3.06  0.41  0.25  0.58   3.95e-03   3.66e-03   4.29e-03  0.00  0.00  0.00   0.00e+00   0.00e+00   0.00e+00  0.0565  0.141   56.3   0.93    183
ABELL_2029                  4977   0.07   2.98  3.26  0.00  0.00  8.89  8.65  9.13  0.45  0.42  0.48   3.57e-02   3.54e-02   3.59e-02  0.00  0.00  0.00   0.00e+00   0.00e+00   0.00e+00  0.0765  1.981   90.0   1.14    348
ABELL_2029                  6101   0.07   4.10  3.26  0.00  0.00 10.21  9.34 11.36  0.40  0.31  0.49   3.80e-02   3.72e-02   3.88e-02  0.00  0.00  0.00   0.00e+00   0.00e+00   0.00e+00  0.0765  1.937   95.6   1.07    294
ABELL_2034                  2204   0.05   4.95  1.58  0.00  0.00  9.96  9.21 10.90  0.31  0.23  0.38   1.05e-02   1.04e-02   1.07e-02  0.00  0.00  0.00   0.00e+00   0.00e+00   0.00e+00  0.1130  0.524   84.0   0.97    337
ABELL_2069                  4965   0.05   4.43  1.97  0.00  0.00  8.68  7.80  9.79  0.26  0.16  0.37   5.85e-03   5.67e-03   6.04e-03  0.00  0.00  0.00   0.00e+00   0.00e+00   0.00e+00  0.1160  0.268   73.6   0.93    298
ABELL_2104                   895   0.04   2.41 14.93  0.00  0.00  8.49  7.87  9.21  0.41  0.33  0.49   6.49e-03   6.34e-03   6.65e-03  0.00  0.00  0.00   0.00e+00   0.00e+00   0.00e+00  0.1554  0.373   69.4   1.07    291
ABELL_2111                   544   0.02   2.77  2.20  0.00  0.00 10.97  7.63 16.19  0.06  0.00  0.38   3.25e-03   3.01e-03   3.46e-03  0.00  0.00  0.00   0.00e+00   0.00e+00   0.00e+00  0.2300  0.160   76.9   0.80     68
ABELL_2124                  3238   0.09   1.44  1.71  0.00  0.00  8.65  5.22 21.80  0.67  0.00  2.48   5.84e-04   4.59e-04   6.96e-04  0.00  0.00  0.00   0.00e+00   0.00e+00   0.00e+00  0.0658  0.035   62.7   1.17     27
ABELL_2125                  2207   0.02   1.23  2.75  0.00  0.00  3.62  2.88  4.86  0.33  0.02  0.58   3.25e-04   2.78e-04   3.80e-04  0.00  0.00  0.00   0.00e+00   0.00e+00   0.00e+00  0.2465  0.012   66.4   1.26     46
ABELL_2147                  3211   0.16   5.58  3.38  0.00  0.00  5.32  4.78  5.98  0.25  0.14  0.37   9.57e-03   9.09e-03   1.01e-02  0.00  0.00  0.00   0.00e+00   0.00e+00   0.00e+00  0.0356  0.399   81.2   1.01    219
ABELL_2163                  1653   0.03   6.29 12.04  0.00  0.00 23.47 21.66 25.59  0.09  0.02  0.16   3.05e-02   3.01e-02   3.09e-02  0.00  0.00  0.00   0.00e+00   0.00e+00   0.00e+00  0.1695  1.406   84.2   1.19    358
ABELL_2199                   497   0.19   2.89  0.88  0.00  0.00  4.65  4.36  4.96  0.38  0.29  0.46   1.42e-02   1.37e-02   1.47e-02  0.00  0.00  0.00   0.00e+00   0.00e+00   0.00e+00  0.0300  0.670   89.1   1.10    229
ABELL_2204                   499   0.04   3.09  5.84  0.00  0.00 11.13  9.79 12.87  0.30  0.18  0.42   1.82e-02   1.78e-02   1.88e-02  0.00  0.00  0.00   0.00e+00   0.00e+00   0.00e+00  0.1524  1.078   81.7   0.94    229
ABELL_2204                  6104   0.04   2.30  5.84  0.00  0.00 11.28  9.84 13.15  0.50  0.35  0.67   1.39e-02   1.34e-02   1.44e-02  0.00  0.00  0.00   0.00e+00   0.00e+00   0.00e+00  0.1524  0.753   95.6   0.98    188
ABELL_2218                  1666   0.03   3.25  3.12  0.00  0.00  9.94  8.93 11.24  0.21  0.12  0.31   6.24e-03   6.08e-03   6.41e-03  0.00  0.00  0.00   0.00e+00   0.00e+00   0.00e+00  0.1713  0.310   87.7   0.92    270
ABELL_2219                   896   0.02   2.97  1.76  0.00  0.00 12.06 11.18 13.11  0.28  0.21  0.35   1.35e-02   1.33e-02   1.37e-02  0.00  0.00  0.00   0.00e+00   0.00e+00   0.00e+00  0.2256  0.807   75.1   0.99    331
ABELL_2244                  4179   0.06   2.95  2.09  0.00  0.00  5.88  5.64  6.14  0.32  0.28  0.37   1.35e-02   1.33e-02   1.38e-02  0.00  0.00  0.00   0.00e+00   0.00e+00   0.00e+00  0.0967  0.687   78.4   1.04    329
ABELL_2255                   894   0.07   7.01  2.53  0.00  0.00  7.86  7.31  8.48  0.36  0.28  0.44   1.42e-02   1.38e-02   1.45e-02  0.00  0.00  0.00   0.00e+00   0.00e+00   0.00e+00  0.0805  0.666   74.7   0.97    348
ABELL_2259                  3245   0.04   2.85  3.70  0.00  0.00  6.04  5.14  7.28  0.35  0.19  0.53   5.05e-03   4.68e-03   5.45e-03  0.00  0.00  0.00   0.00e+00   0.00e+00   0.00e+00  0.1640  0.231   85.6   0.93     85
ABELL_2261                  5007   0.03   2.18  3.31  0.00  0.00  9.17  8.21 10.42  0.42  0.31  0.53   6.55e-03   6.34e-03   6.76e-03  0.00  0.00  0.00   0.00e+00   0.00e+00   0.00e+00  0.2240  0.335   92.9   0.97    205
ABELL_2294                  3246   0.03   2.26  6.10  0.00  0.00 11.97  9.41 16.31  0.76  0.45  1.16   4.54e-03   4.23e-03   4.85e-03  0.00  0.00  0.00   0.00e+00   0.00e+00   0.00e+00  0.1780  0.255   88.6   1.29     89
ABELL_2319                  3231   0.11   7.41  9.05  0.00  0.00 12.66 11.76 13.68  0.35  0.28  0.42   6.93e-02   6.83e-02   7.02e-02  0.00  0.00  0.00   0.00e+00   0.00e+00   0.00e+00  0.0562  3.403   92.9   1.16    341
ABELL_2384                  4202   0.07   2.82  2.99  0.00  0.00  6.62  5.80  7.69  0.10  0.00  0.21   3.71e-03   3.54e-03   3.91e-03  0.00  0.00  0.00   0.00e+00   0.00e+00   0.00e+00  0.0945  0.165   86.4   0.81    165
ABELL_2390                  4193   0.02   2.83  6.71  0.00  0.00 11.54 10.95 12.18  0.35  0.30  0.40   1.28e-02   1.27e-02   1.30e-02  0.00  0.00  0.00   0.00e+00   0.00e+00   0.00e+00  0.2301  0.747   73.3   1.09    361
ABELL_2409                  3247   0.04   2.46  6.72  0.00  0.00  6.38  5.59  7.40  0.40  0.26  0.54   6.92e-03   6.54e-03   7.34e-03  0.00  0.00  0.00   0.00e+00   0.00e+00   0.00e+00  0.1479  0.316   92.0   0.92    101
ABELL_2537                  4962   0.02   1.43  4.26  0.00  0.00  8.13  7.07  9.48  0.37  0.24  0.52   2.19e-03   2.10e-03   2.31e-03  0.00  0.00  0.00   0.00e+00   0.00e+00   0.00e+00  0.2950  0.127   59.5   0.87    132
ABELL_2550                  2225   0.04   1.54  2.03  0.00  0.00  2.29  1.85  2.79  0.00  0.00  0.36   8.93e-04   7.40e-04   1.09e-03  0.00  0.00  0.00   0.00e+00   0.00e+00   0.00e+00  0.1543  0.022   45.3   1.14     64
ABELL_2554                  1696   0.06   3.21  2.04  0.00  0.00  7.25  5.85  9.30  0.23  0.02  0.47   2.91e-03   2.70e-03   3.14e-03  0.00  0.00  0.00   0.00e+00   0.00e+00   0.00e+00  0.1103  0.157   40.6   0.88    135
ABELL_2556                  2226   0.07   2.30  2.02  0.00  0.00  3.98  3.53  4.53  0.37  0.20  0.55   3.83e-03   3.54e-03   4.15e-03  0.00  0.00  0.00   0.00e+00   0.00e+00   0.00e+00  0.0862  0.168   67.0   1.13    114
ABELL_2589                  3210   0.14   2.26  3.98  0.00  0.00  4.67  3.21  9.26  1.02  0.10  2.65   3.13e-03   2.31e-03   4.17e-03  0.00  0.00  0.00   0.00e+00   0.00e+00   0.00e+00  0.0415  0.160   75.3   0.86     11
ABELL_2597                   922   0.07   1.10  2.51  0.00  0.00  4.48  3.92  5.20  0.27  0.13  0.42   3.18e-03   2.93e-03   3.43e-03  0.00  0.00  0.00   0.00e+00   0.00e+00   0.00e+00  0.0854  0.144   92.9   0.74     76
ABELL_2626                  3192   0.10   2.94  4.30  0.00  0.00  3.37  3.11  3.69  0.62  0.45  0.82   5.06e-03   4.72e-03   5.44e-03  0.00  0.00  0.00   0.00e+00   0.00e+00   0.00e+00  0.0573  0.218   63.4   1.01    165
ABELL_2667                  2214   0.02   1.54  1.64  0.00  0.00  7.70  6.66  8.98  0.35  0.22  0.50   6.52e-03   6.19e-03   6.86e-03  0.00  0.00  0.00   0.00e+00   0.00e+00   0.00e+00  0.2300  0.377   86.5   0.98    107
ABELL_2670                  4959   0.07   3.36  2.88  0.00  0.00  4.66  4.27  5.13  0.29  0.19  0.39   4.98e-03   4.75e-03   5.23e-03  0.00  0.00  0.00   0.00e+00   0.00e+00   0.00e+00  0.0763  0.203   81.2   1.01    223
ABELL_2744                  2212   0.02   3.71  1.82  0.00  0.00  9.96  8.91 11.27  0.23  0.13  0.34   8.19e-03   7.96e-03   8.43e-03  0.00  0.00  0.00   0.00e+00   0.00e+00   0.00e+00  0.3080  0.463   54.5   0.90    250
ABELL_3112                  2516   0.08   3.00  2.50  0.00  0.00  6.54  5.97  7.16  0.60  0.49  0.72   1.24e-02   1.19e-02   1.29e-02  0.00  0.00  0.00   0.00e+00   0.00e+00   0.00e+00  0.0720  0.693   81.8   1.10    224
ABELL_3158                  3201   0.10   6.23  1.60  0.00  0.00  6.01  5.68  6.38  0.38  0.32  0.44   2.20e-02   2.15e-02   2.25e-02  0.00  0.00  0.00   0.00e+00   0.00e+00   0.00e+00  0.0580  0.985   87.1   1.01    324
ABELL_3266                   899   0.10   3.79  1.72  0.00  0.00 11.54 10.42 12.87  0.32  0.22  0.42   1.41e-02   1.38e-02   1.44e-02  0.00  0.00  0.00   0.00e+00   0.00e+00   0.00e+00  0.0590  0.652   90.3   1.06    295
ABELL_3558                  1646   0.12   2.99  3.84  0.00  0.00  7.59  6.84  8.53  0.52  0.39  0.65   1.30e-02   1.25e-02   1.35e-02  0.00  0.00  0.00   0.00e+00   0.00e+00   0.00e+00  0.0480  0.730   83.4   0.96    207
ABELL_3562                  4167   0.11   3.67  3.90  0.00  0.00  5.78  5.21  6.46  0.42  0.30  0.55   7.21e-03   6.87e-03   7.56e-03  0.00  0.00  0.00   0.00e+00   0.00e+00   0.00e+00  0.0490  0.324   87.8   0.92    192
ABELL_3571                  4203   0.15   2.15  4.66  0.00  0.00  8.68  8.04  9.43  0.53  0.44  0.63   1.02e-02   9.90e-03   1.04e-02  0.00  0.00  0.00   0.00e+00   0.00e+00   0.00e+00  0.0391  0.577   91.4   1.08    272
ABELL_3667                  5751   0.11   6.10  5.45  0.00  0.00  7.64  7.45  7.85  0.35  0.32  0.38   3.15e-02   3.12e-02   3.17e-02  0.00  0.00  0.00   0.00e+00   0.00e+00   0.00e+00  0.0556  1.340   87.6   1.01    346
ABELL_4038                  4992   0.19   7.08  1.57  0.00  0.00  3.16  3.05  3.27  0.32  0.26  0.39   2.36e-02   2.29e-02   2.44e-02  0.00  0.00  0.00   0.00e+00   0.00e+00   0.00e+00  0.0300  0.749   81.6   1.08    326
AC_114                      1562   0.02   3.62  1.44  0.00  0.00  6.93  6.31  7.65  0.20  0.12  0.29   4.19e-03   4.06e-03   4.33e-03  0.00  0.00  0.00   0.00e+00   0.00e+00   0.00e+00  0.3120  0.220   44.7   1.03    340
CL_0024+17                   929   0.02   0.93  4.36  0.00  0.00 10.67  6.76 21.41  0.92  0.24  2.10   2.87e-04   2.38e-04   3.36e-04  0.00  0.00  0.00   0.00e+00   0.00e+00   0.00e+00  0.3940  0.019   47.3   0.65     29
CL_1221+4918                1662   0.02   0.90  1.44  0.00  0.00  7.28  5.83  9.33  0.34  0.11  0.58   4.15e-04   3.79e-04   4.57e-04  0.00  0.00  0.00   0.00e+00   0.00e+00   0.00e+00  0.7000  0.018   74.7   0.81     48
CL_J0030+2618               5762   0.02   0.74  4.10  0.00  0.00  5.88  3.12 23.61  0.25  0.00  1.95   2.69e-04   1.89e-04   3.81e-04  0.00  0.00  0.00   0.00e+00   0.00e+00   0.00e+00  0.5000  0.010   71.1   0.86      3
CL_J0152-1357                913   0.01   0.52  1.45  0.00  0.00  6.25  3.15 19.35  0.12  0.00  2.55   1.03e-04   6.69e-05   1.44e-04  0.00  0.00  0.00   0.00e+00   0.00e+00   0.00e+00  0.8310  0.004   70.1   4.27      3
CL_J0542.8-4100              914   0.02   0.69  3.59  0.00  0.00  4.99  3.96  6.53  0.26  0.00  0.59   3.57e-04   3.14e-04   4.06e-04  0.00  0.00  0.00   0.00e+00   0.00e+00   0.00e+00  0.6300  0.014   78.3   0.83     25
CL_J0848+4456                927   0.02   0.59  2.53  0.00  0.00  3.01  1.77  5.17  0.00  0.00  0.72   6.45e-05   4.46e-05   1.06e-04  0.00  0.00  0.00   0.00e+00   0.00e+00   0.00e+00  0.5740  0.002   61.3   1.05      8
CL_J1113.1-2615              915   0.02   0.48  5.51  0.00  0.00  3.43  2.59  5.02  0.88  0.24  2.26   1.02e-04   7.41e-05   1.30e-04  0.00  0.00  0.00   0.00e+00   0.00e+00   0.00e+00  0.7300  0.003   72.0   0.44     12
CL_J1213+0253               4934   0.02   0.61  1.78  0.00  0.00  4.38  2.48 13.13  0.29  0.00 20.59   1.51e-04   2.29e-05   2.36e-04  0.00  0.00  0.00   0.00e+00   0.00e+00   0.00e+00  0.4090  0.006   57.5   1.20      4
CL_J1226.9+3332              932   0.01   0.69  1.37  0.00  0.00 19.24  8.12 79.90  0.46  0.00  2.75   8.79e-04   6.53e-04   1.14e-03  0.00  0.00  0.00   0.00e+00   0.00e+00   0.00e+00  0.8900  0.048   64.8   0.63     12
CL_J1641+4001               3575   0.02   0.69  1.09  0.00  0.00  4.47  2.95  8.58  0.48  0.00  1.96   1.82e-04   1.36e-04   2.32e-04  0.00  0.00  0.00   0.00e+00   0.00e+00   0.00e+00  0.4640  0.007   72.7   0.78     11
CL_J2302.8+0844              918   0.02   0.69  5.05  0.00  0.00  5.64  4.04  8.20  0.18  0.00  0.53   1.55e-04   1.33e-04   1.81e-04  0.00  0.00  0.00   0.00e+00   0.00e+00   0.00e+00  0.7300  0.006   65.4   0.52     28
CYGNUS_A                     360   0.11   2.39 35.23  0.00  0.00  8.22  7.67  8.85  0.40  0.32  0.47   1.24e-02   1.21e-02   1.26e-02  0.00  0.00  0.00   0.00e+00   0.00e+00   0.00e+00  0.0561  0.655   80.0   1.13    294
ESO_3060170                 3189   0.16   2.30  3.43  0.00  0.00  2.50  2.05  3.20  0.46  0.00  1.24   1.32e-03   9.86e-04   1.80e-03  0.00  0.00  0.00   0.00e+00   0.00e+00   0.00e+00  0.0358  0.037   84.8   1.01     22
ESO_5520200                 3206   0.07   1.44  4.29  0.00  0.00  2.33  1.94  2.91  0.99  0.04  6.47   6.60e-04   0.00e+00   1.09e-03  0.00  0.00  0.00   0.00e+00   0.00e+00   0.00e+00  0.0314  0.022   82.9   0.64     18
EXO_0422-086                4183   0.15   2.61  6.22  0.00  0.00  3.48  3.04  4.06  0.42  0.19  0.69   4.43e-03   3.96e-03   4.97e-03  0.00  0.00  0.00   0.00e+00   0.00e+00   0.00e+00  0.0397  0.162   91.2   1.01     60
HERCULES_A                  1625   0.04   1.54  6.27  0.00  0.00  4.97  4.30  5.82  0.46  0.28  0.65   3.10e-03   2.88e-03   3.36e-03  0.00  0.00  0.00   0.00e+00   0.00e+00   0.00e+00  0.1541  0.161   76.3   0.81     79
HYDRA_A                     4970   0.11   4.62  4.82  0.00  0.00  4.41  4.30  4.52  0.29  0.26  0.31   2.27e-02   2.24e-02   2.30e-02  0.00  0.00  0.00   0.00e+00   0.00e+00   0.00e+00  0.0549  0.984   71.8   1.05    346
IRAS_09104+4109              509   0.02   0.90  1.36  0.00  0.00 79.90 53.90 79.90  4.20  1.35  9.36   2.02e-03   1.45e-03   2.56e-03  0.00  0.00  0.00   0.00e+00   0.00e+00   0.00e+00  0.4420  0.150   88.4   1.77     37
LYNX_E                      9271   0.01   0.59  2.53  0.00  0.00  6.03  3.06 20.08  2.39  0.60 81.82   3.07e-05   0.00e+00   4.56e-05  0.00  0.00  0.00   0.00e+00   0.00e+00   0.00e+00  1.2600  0.001   57.5   1.85      9
MACS_J0011.7-1523           6105   0.02   1.47  2.08  0.00  0.00  7.08  6.16  8.30  0.30  0.16  0.44   1.96e-03   1.86e-03   2.07e-03  0.00  0.00  0.00   0.00e+00   0.00e+00   0.00e+00  0.3600  0.093   84.3   0.82    109
MACS_J0159.8-0849           6106   0.02   1.36  2.01  0.00  0.00 10.40  9.07 12.08  0.35  0.21  0.49   3.00e-03   2.89e-03   3.12e-03  0.00  0.00  0.00   0.00e+00   0.00e+00   0.00e+00  0.4050  0.155   90.3   1.05    148
MACS_J0242.5-2132           3266   0.02   0.92  2.71  0.00  0.00  7.27  5.61  9.88  0.11  0.00  0.33   2.28e-03   2.09e-03   2.50e-03  0.00  0.00  0.00   0.00e+00   0.00e+00   0.00e+00  0.3140  0.100   95.5   0.62     38
MACS_J0329.6-0211           3582   0.02   1.04  6.21  0.00  0.00  6.60  5.54  8.21  0.31  0.13  0.52   1.63e-03   1.49e-03   1.76e-03  0.00  0.00  0.00   0.00e+00   0.00e+00   0.00e+00  0.4500  0.074   91.7   1.24     49
MACS_J0429.6-0253           3271   0.02   1.02  5.70  0.00  0.00  6.82  5.63  8.42  0.39  0.21  0.58   1.57e-03   1.45e-03   1.70e-03  0.00  0.00  0.00   0.00e+00   0.00e+00   0.00e+00  0.3990  0.074   91.4   1.06     56
MACS_J0547.0-3904           3273   0.03   0.98  4.08  0.00  0.00  4.63  3.47  6.56  0.20  0.00  0.57   6.74e-04   5.79e-04   7.97e-04  0.00  0.00  0.00   0.00e+00   0.00e+00   0.00e+00  0.2100  0.027   87.5   1.43     22
MACS_J0744.9+3927           6111   0.02   1.17  4.66  0.00  0.00  8.16  7.09  9.51  0.33  0.18  0.49   1.53e-03   1.45e-03   1.60e-03  0.00  0.00  0.00   0.00e+00   0.00e+00   0.00e+00  0.6860  0.068   81.0   0.99    111
MACS_J0949+1708             3274   0.02   1.12  3.17  0.00  0.00  8.90  7.23 11.27  0.57  0.32  0.86   2.20e-03   2.02e-03   2.37e-03  0.00  0.00  0.00   0.00e+00   0.00e+00   0.00e+00  0.3820  0.111   93.8   0.70     52
MACS_J1115.8+0129           3275   0.05   1.20  4.36  0.00  0.00  7.69  5.60 11.51  0.00  0.00  0.21   1.33e-03   1.20e-03   1.49e-03  0.00  0.00  0.00   0.00e+00   0.00e+00   0.00e+00  0.1200  0.059   89.6   0.76     31
MACS_J1311.0-0311           6110   0.02   1.25  2.18  0.00  0.00  5.97  5.23  6.87  0.33  0.19  0.47   1.13e-03   1.06e-03   1.20e-03  0.00  0.00  0.00   0.00e+00   0.00e+00   0.00e+00  0.4940  0.050   78.2   1.06    103
MACS_J1319+7003             3278   0.02   1.02  1.53  0.00  0.00 14.14  8.72 27.66  0.02  0.00  0.59   1.02e-03   9.08e-04   1.10e-03  0.00  0.00  0.00   0.00e+00   0.00e+00   0.00e+00  0.3275  0.051   84.3   0.91     28
MACS_J1427.6-2521           3279   0.03   0.85  6.11  0.00  0.00  5.07  3.07  9.72  0.52  0.00  1.86   4.93e-04   4.05e-04   5.95e-04  0.00  0.00  0.00   0.00e+00   0.00e+00   0.00e+00  0.2200  0.021   88.0   1.55     12
MACS_J1621.3+3810           3594   0.02   0.45  1.07  0.00  0.00 20.74  4.92 79.90  0.00  0.00 1000.00   4.17e-04   0.00e+00   5.24e-04  0.00  0.00  0.00   0.00e+00   0.00e+00   0.00e+00  0.4610  0.014   93.8   1.32      1
MACS_J1621.6+3810           6109   0.02   1.01  1.07  0.00  0.00  7.37  6.10  9.14  0.39  0.19  0.59   1.08e-03   1.00e-03   1.16e-03  0.00  0.00  0.00   0.00e+00   0.00e+00   0.00e+00  0.4610  0.052   85.7   0.91     63
MACS_J1931.8-2634           3282   0.02   1.21  9.13  0.00  0.00  8.09  6.83  9.86  0.25  0.09  0.41   3.96e-03   3.75e-03   4.20e-03  0.00  0.00  0.00   0.00e+00   0.00e+00   0.00e+00  0.3520  0.188   95.2   0.85     83
MACS_J2228+2036             3285   0.02   1.33  4.52  0.00  0.00  8.94  7.40 11.14  0.38  0.20  0.59   2.27e-03   2.13e-03   2.43e-03  0.00  0.00  0.00   0.00e+00   0.00e+00   0.00e+00  0.4120  0.111   90.6   0.71     75
MACS_J2229.7-2755           3286   0.02   0.96  1.34  0.00  0.00  5.91  4.88  7.32  0.62  0.36  0.91   1.55e-03   1.41e-03   1.71e-03  0.00  0.00  0.00   0.00e+00   0.00e+00   0.00e+00  0.3240  0.075   93.7   0.98     39
MACS_J2311+0338             3288   0.02   1.23  5.23  0.00  0.00 11.71  8.78 16.78  0.39  0.07  0.74   2.51e-03   2.32e-03   2.71e-03  0.00  0.00  0.00   0.00e+00   0.00e+00   0.00e+00  0.2998  0.130   88.8   0.84     55
MKW_04                      3234   0.14   2.81  1.90  0.00  0.00  2.08  1.86  2.33  0.35  0.11  0.65   2.47e-03   2.05e-03   3.03e-03  0.00  0.00  0.00   0.00e+00   0.00e+00   0.00e+00  0.0198  0.066   53.2   0.82     99
MS_0016.9+1609               520   0.02   1.97  4.06  0.00  0.00  9.69  8.79 10.78  0.31  0.21  0.40   3.06e-03   2.98e-03   3.15e-03  0.00  0.00  0.00   0.00e+00   0.00e+00   0.00e+00  0.5410  0.148   82.2   0.88    218
MS_0302.7+1658               525   0.02   0.61 10.95  0.00  0.00  2.47  1.93  4.49  1.75  0.00 1000.00   3.63e-04   0.00e+00   7.47e-04  0.00  0.00  0.00   0.00e+00   0.00e+00   0.00e+00  0.4240  0.012   84.8   0.16      2
MS_0440.5+0204              4196   0.03   0.69  9.10  0.00  0.00 20.25  8.09 79.90  1.35  0.00 16.80   4.96e-04   2.52e-04   7.31e-04  0.00  0.00  0.00   0.00e+00   0.00e+00   0.00e+00  0.1900  0.033   72.3   1.15     14
MS_0451.6-0305               902   0.02   2.08  5.68  0.00  0.00  9.70  8.51 11.19  0.32  0.20  0.45   3.19e-03   3.08e-03   3.31e-03  0.00  0.00  0.00   0.00e+00   0.00e+00   0.00e+00  0.5386  0.175   53.9   1.00    189
MS_0735.6+7421              4197   0.03   2.30  3.40  0.00  0.00  6.51  5.96  7.12  0.34  0.26  0.43   4.03e-03   3.89e-03   4.17e-03  0.00  0.00  0.00   0.00e+00   0.00e+00   0.00e+00  0.2160  0.220   64.3   0.95    227
MS_0839.8+2938              2224   0.03   1.44  3.92  0.00  0.00  5.15  4.43  6.08  0.33  0.16  0.50   1.72e-03   1.59e-03   1.86e-03  0.00  0.00  0.00   0.00e+00   0.00e+00   0.00e+00  0.1940  0.088   68.9   0.89     87
MS_0906.5+1110               924   0.04   2.08  3.60  0.00  0.00  7.26  6.36  8.47  0.33  0.19  0.47   3.07e-03   2.92e-03   3.23e-03  0.00  0.00  0.00   0.00e+00   0.00e+00   0.00e+00  0.1630  0.147   86.2   1.29    135
MS_1006.0+1202               925   0.03   1.54  3.63  0.00  0.00  7.60  6.31  9.32  0.24  0.17  0.40   1.90e-03   1.78e-03   2.04e-03  0.00  0.00  0.00   0.00e+00   0.00e+00   0.00e+00  0.2210  0.089   86.4   1.14     87
MS_1008.1-1224               926   0.02   1.75  6.71  0.00  0.00  9.56  7.99 11.89  0.36  0.18  0.56   1.61e-03   1.52e-03   1.70e-03  0.00  0.00  0.00   0.00e+00   0.00e+00   0.00e+00  0.3010  0.080   82.6   1.06    116
MS_1054.5-0321               512   0.01   1.75  3.69  0.00  0.00  9.98  8.24 12.59  0.12  0.00  0.30   1.30e-03   1.23e-03   1.36e-03  0.00  0.00  0.00   0.00e+00   0.00e+00   0.00e+00  0.8300  0.067   42.1   1.04    175
MS_1455.0+2232              4192   0.02   2.61  3.35  0.00  0.00  5.39  5.08  5.73  0.38  0.32  0.44   4.02e-03   3.91e-03   4.14e-03  0.00  0.00  0.00   0.00e+00   0.00e+00   0.00e+00  0.2590  0.170   82.9   1.13    278
MS_1621.5+2640               546   0.02   1.02  3.59  0.00  0.00  6.28  4.97  8.37  0.29  0.04  0.55   7.14e-04   6.45e-04   7.99e-04  0.00  0.00  0.00   0.00e+00   0.00e+00   0.00e+00  0.4260  0.032   79.2   0.61     37
MS_2053.7-0449              1667   0.02   0.69  5.16  0.00  0.00  5.19  3.70  7.46  0.00  0.00  0.37   2.47e-04   2.08e-04   2.97e-04  0.00  0.00  0.00   0.00e+00   0.00e+00   0.00e+00  0.5830  0.009   77.3   0.77     13
MS_2137.3-2353              4974   0.02   0.94  3.40  0.00  0.00  7.83  6.38  9.92  0.34  0.14  0.53   1.93e-03   1.81e-03   2.06e-03  0.00  0.00  0.00   0.00e+00   0.00e+00   0.00e+00  0.3130  0.112   78.9   1.22     69
OPHIUCHUS                   3200   0.21   2.98 36.00  0.00  0.00 10.62 10.21 11.06  0.40  0.36  0.44   4.51e-02   4.46e-02   4.55e-02  0.00  0.00  0.00   0.00e+00   0.00e+00   0.00e+00  0.0280  2.355   92.9   0.99    342
PKS_0745-191                 508   0.06   2.97 40.82  0.00  0.00 16.44 14.31 19.56  0.73  0.58  0.87   3.78e-02   3.70e-02   3.87e-02  0.00  0.00  0.00   0.00e+00   0.00e+00   0.00e+00  0.1028  2.160   85.8   1.19    304
PKS_0745-191                6103   0.06   2.94 40.80  0.00  0.00  9.50  8.73 10.41  0.52  0.43  0.61   3.00e-02   2.92e-02   3.08e-02  0.00  0.00  0.00   0.00e+00   0.00e+00   0.00e+00  0.1028  1.456   96.0   0.89    274
RBS_0797                    2202   0.02   1.12  2.22  0.00  0.00  9.29  7.65 11.82  0.19  0.00  0.38   3.60e-03   3.39e-03   3.82e-03  0.00  0.00  0.00   0.00e+00   0.00e+00   0.00e+00  0.3540  0.178   94.2   1.03     69
RDCS_1252-29                4198   0.01   0.59  6.06  0.00  0.00  3.69  2.68  5.39  0.73  0.12  1.98   1.03e-04   7.65e-05   1.37e-04  0.00  0.00  0.00   0.00e+00   0.00e+00   0.00e+00  1.2370  0.002   45.7   0.80     20
RX_J0439+0520                527   0.03   0.84 10.02  0.00  0.00  4.66  3.55  6.69  0.57  0.19  1.10   1.31e-03   1.13e-03   1.52e-03  0.00  0.00  0.00   0.00e+00   0.00e+00   0.00e+00  0.2080  0.056   93.5   1.20     18
RX_J0439.0+0715             1449   0.02   1.02  1.10  0.00  0.00 10.93  6.88 22.87  0.46  0.00  1.08   2.21e-03   1.95e-03   2.48e-03  0.00  0.00  0.00   0.00e+00   0.00e+00   0.00e+00  0.2400  0.116   94.3   0.93     25
RX_J0647.7+7015             3584   0.02   0.90  5.18  0.00  0.00 11.63  9.09 15.74  0.46  0.15  0.80   1.51e-03   1.39e-03   1.63e-03  0.00  0.00  0.00   0.00e+00   0.00e+00   0.00e+00  0.5840  0.073   91.7   0.93     47
RX_J0819.6+6336             2199   0.05   1.54  4.11  0.00  0.00  4.66  3.37  6.63  0.00  0.00  0.50   1.35e-03   1.15e-03   1.60e-03  0.00  0.00  0.00   0.00e+00   0.00e+00   0.00e+00  0.1190  0.060   59.2   1.30     29
RX_J0820.9+0752             1647   0.06   1.15  2.37  0.00  0.00 22.32  9.75 79.90 999.97 35.44 1000.00   6.44e-06   3.40e-06   6.63e-04  0.00  0.00  0.00   0.00e+00   0.00e+00   0.00e+00  0.1100  0.042   68.7   1.64      3
RX_J0910+5422               2227   0.01   0.61  2.07  0.00  0.00  3.81  2.13  9.36  0.38  0.00 12.96   6.40e-05   2.07e-05   1.07e-04  0.00  0.00  0.00   0.00e+00   0.00e+00   0.00e+00  1.1000  0.002   41.4   1.17      8
RX_J1053+5735               4936   0.01   0.59  0.59  0.00  0.00  6.35  3.12 21.28  0.11  0.00  1.43   7.68e-05   5.30e-05   1.11e-04  0.00  0.00  0.00   0.00e+00   0.00e+00   0.00e+00  1.1400  0.003   29.1   0.60     17
RX_J1347.5-1145             3592   0.02   2.18  4.89  0.00  0.00 16.48 15.03 18.24  0.27  0.18  0.37   8.54e-03   8.39e-03   8.70e-03  0.00  0.00  0.00   0.00e+00   0.00e+00   0.00e+00  0.4510  0.434   92.0   1.15    321
RX_J1347.5-1145              507   0.02   1.75  4.89  0.00  0.00 18.71 14.93 24.69  0.54  0.28  0.81   8.26e-03   7.90e-03   8.64e-03  0.00  0.00  0.00   0.00e+00   0.00e+00   0.00e+00  0.4510  0.520   79.2   1.06    139
RX_J1350+6007               2229   0.01   0.57  1.77  0.00  0.00  5.67  2.93 11.92  0.07  0.00  1.62   1.10e-04   8.19e-05   1.45e-04  0.00  0.00  0.00   0.00e+00   0.00e+00   0.00e+00  0.8040  0.004   62.5   0.67      7
RX_J1423.8+2404             1657   0.02   0.80  2.65  0.00  0.00  7.10  5.48  9.71  0.28  0.01  0.57   1.07e-03   9.59e-04   1.19e-03  0.00  0.00  0.00   0.00e+00   0.00e+00   0.00e+00  0.5450  0.048   92.1   1.09     28
RX_J1423.8+2404             4195   0.02   1.54  2.65  0.00  0.00  7.21  6.56  7.95  0.38  0.29  0.48   1.43e-03   1.38e-03   1.48e-03  0.00  0.00  0.00   0.00e+00   0.00e+00   0.00e+00  0.5450  0.078   45.2   0.96    215
RX_J1504.1-0248             5793   0.03   2.62  6.27  0.00  0.00  9.26  8.70  9.90  0.40  0.34  0.46   1.41e-02   1.38e-02   1.43e-02  0.00  0.00  0.00   0.00e+00   0.00e+00   0.00e+00  0.2150  0.703   93.0   1.19    321
RX_J1525+0958               1664   0.02   1.02  2.96  0.00  0.00  6.00  4.50  8.44  0.46  0.13  0.83   3.63e-04   3.23e-04   4.14e-04  0.00  0.00  0.00   0.00e+00   0.00e+00   0.00e+00  0.5160  0.016   78.4   1.39     33
RX_J1532.9+3021             1649   0.02   1.02  2.21  0.00  0.00  7.49  6.22  9.39  0.37  0.16  0.58   3.36e-03   3.14e-03   3.61e-03  0.00  0.00  0.00   0.00e+00   0.00e+00   0.00e+00  0.3450  0.197   85.5   0.96     58
RX_J1532.9+3021             1665   0.02   1.12  2.21  0.00  0.00  6.17  5.22  7.43  0.48  0.28  0.68   3.38e-03   3.14e-03   3.65e-03  0.00  0.00  0.00   0.00e+00   0.00e+00   0.00e+00  0.3450  0.163   96.0   1.06     53
RX_J1716.9+6708              548   0.01   0.59  3.71  0.00  0.00  6.97  5.07 10.35  0.35  0.00  0.78   2.89e-04   2.54e-04   3.29e-04  0.00  0.00  0.00   0.00e+00   0.00e+00   0.00e+00  0.8100  0.012   77.3   0.99     21
RX_J1720.1+2638             4361   0.04   2.61  4.02  0.00  0.00  8.30  7.56  9.21  0.38  0.29  0.48   8.27e-03   8.02e-03   8.54e-03  0.00  0.00  0.00   0.00e+00   0.00e+00   0.00e+00  0.1640  0.418   91.8   0.92    235
RX_J1720.2+3536             3280   0.02   1.23  3.35  0.00  0.00  7.74  6.54  9.36  0.65  0.44  0.89   1.95e-03   1.81e-03   2.08e-03  0.00  0.00  0.00   0.00e+00   0.00e+00   0.00e+00  0.3913  0.102   90.6   1.00     68
RX_J2129.6+0005              552   0.02   1.23  4.30  0.00  0.00  6.74  5.68  8.21  0.59  0.36  0.83   3.39e-03   3.14e-03   3.66e-03  0.00  0.00  0.00   0.00e+00   0.00e+00   0.00e+00  0.2350  0.172   94.2   1.06     57
SERSIC_159-03               1668   0.10   2.51  1.89  0.00  0.00  2.67  2.43  2.97  0.22  0.06  0.41   8.16e-03   7.39e-03   9.08e-03  0.00  0.00  0.00   0.00e+00   0.00e+00   0.00e+00  0.0580  0.259   79.2   0.99     85
V_1121.0+2327               1660   0.02   0.90  1.30  0.00  0.00  5.32  4.17  6.90  0.00  0.00  0.25   3.05e-04   2.71e-04   3.45e-04  0.00  0.00  0.00   0.00e+00   0.00e+00   0.00e+00  0.5600  0.012   75.2   1.28     32
ZWCL_1215                   4184   0.08   2.82  1.76  0.00  0.00  8.59  7.25 10.29  0.38  0.22  0.55   7.42e-03   7.05e-03   7.81e-03  0.00  0.00  0.00   0.00e+00   0.00e+00   0.00e+00  0.0750  0.368   92.5   1.11    133
ZWCL_1358+6245               516   0.02   2.08  1.94  0.00  0.00 11.95  9.57 17.20  0.56  0.29  0.80   2.12e-03   2.01e-03   2.22e-03  0.00  0.00  0.00   0.00e+00   0.00e+00   0.00e+00  0.3280  0.133   54.7   1.06    154
ZWCL_1953                   1659   0.02   1.23  3.10  0.00  0.00 13.91 10.19 20.24  0.04  0.00  0.30   2.13e-03   2.01e-03   2.22e-03  0.00  0.00  0.00   0.00e+00   0.00e+00   0.00e+00  0.3800  0.106   89.0   0.80     78
ZWCL_3146                    909   0.02   2.39  2.70  0.00  0.00  8.91  8.26  9.67  0.30  0.23  0.37   7.27e-03   7.11e-03   7.43e-03  0.00  0.00  0.00   0.00e+00   0.00e+00   0.00e+00  0.2900  0.368   89.3   0.94    291
ZWCL_5247                    539   0.02   3.57  1.70  0.00  0.00  6.26  4.84  8.62  0.13  0.00  0.37   3.11e-03   2.80e-03   3.47e-03  0.00  0.00  0.00   0.00e+00   0.00e+00   0.00e+00  0.2290  0.134   71.4   0.71     60
ZWCL_7160                    543   0.02   1.02  3.10  0.00  0.00  6.04  4.95  7.62  0.29  0.08  0.52   2.69e-03   2.44e-03   2.95e-03  0.00  0.00  0.00   0.00e+00   0.00e+00   0.00e+00  0.2578  0.121   94.6   0.85     40
ZWICKY_2701                 3195   0.03   1.44  0.83  0.00  0.00  5.93  5.12  7.03  0.44  0.28  0.62   2.00e-03   1.87e-03   2.13e-03  0.00  0.00  0.00   0.00e+00   0.00e+00   0.00e+00  0.2100  0.110   70.7   0.86     94
