# Custom: see config file for specs; E/Cts Range = 2.0 - 7.0 keV
# See config for Nh-fro/free, Fe-fro/free, Confidence Levels = 2.71; Sys err = 0.00
# Cluster                  ObsID    Rin   Rout  nh20   nlo   nhi    Tx   Tlo   Thi    Fe  Felo  Fehi       Norm     Normlo     Normhi   Tx2  Tlo2  Thi2      Norm2    Normlo2    Normhi2       z     Cr   Src% redstat    dof
1E0657_56                   5356   0.02   1.84  6.53  0.00  0.00 14.13 13.60 14.71  0.29  0.26  0.32   1.03e-02   1.02e-02   1.04e-02  0.00  0.00  0.00   0.00e+00   0.00e+00   0.00e+00  0.2960  0.502   96.8   1.10   1050
1E0657_56                   3184   0.02   1.84  6.53  0.00  0.00 14.13 13.60 14.71  0.29  0.26  0.32   1.03e-02   1.02e-02   1.04e-02  0.00  0.00  0.00   0.00e+00   0.00e+00   0.00e+00  0.2960  0.502   96.8   1.10   1050
1E0657_56                   5361   0.02   1.84  6.53  0.00  0.00 14.13 13.60 14.71  0.29  0.26  0.32   1.03e-02   1.02e-02   1.04e-02  0.00  0.00  0.00   0.00e+00   0.00e+00   0.00e+00  0.2960  0.502   96.8   1.10   1050
1RXS_J2129.4-0741           3199   0.01   0.91  4.36  0.00  0.00  8.57  7.30 10.30  0.52  0.32  0.73   1.53e-03   1.42e-03   1.65e-03  0.00  0.00  0.00   0.00e+00   0.00e+00   0.00e+00  0.5700  0.076   87.5   1.27     87
1RXS_J2129.4-0741           3595   0.01   0.91  4.36  0.00  0.00  8.57  7.30 10.30  0.52  0.32  0.73   1.53e-03   1.42e-03   1.65e-03  0.00  0.00  0.00   0.00e+00   0.00e+00   0.00e+00  0.5700  0.076   87.5   1.27     87
2PIGG_J0011.5-2850          5797   0.85   4.71  2.18  0.00  0.00  6.21  5.53  7.04  0.19  0.08  0.29   7.83e-03   7.46e-03   8.24e-03  0.00  0.00  0.00   0.00e+00   0.00e+00   0.00e+00  0.0753  0.348   78.8   1.01    215
2PIGG_J0311.8-2655          5799   1.02   4.67  1.46  0.00  0.00  3.67  3.13  4.38  0.24  0.01  0.57   2.11e-03   1.86e-03   2.39e-03  0.00  0.00  0.00   0.00e+00   0.00e+00   0.00e+00  0.0618  0.076   51.3   1.10    177
2PIGG_J2227.0-3041          5798   0.88   3.35  1.11  0.00  0.00  2.99  2.71  3.35  0.53  0.30  0.80   3.82e-03   3.44e-03   4.23e-03  0.00  0.00  0.00   0.00e+00   0.00e+00   0.00e+00  0.0729  0.128   77.8   1.10    105
3C_220.1                     839   0.01   1.03  1.91  0.00  0.00  2.52  1.15  8.92  0.00  0.00  1.34   8.95e-04   0.00e+00   5.15e-03  0.00  0.00  0.00   0.00e+00   0.00e+00   0.00e+00  0.6100  0.007   64.1   0.76      7
3C_28.0                     3233   0.02   1.63  5.71  0.00  0.00  7.11  6.21  8.26  0.24  0.14  0.34   2.55e-03   2.42e-03   2.71e-03  0.00  0.00  0.00   0.00e+00   0.00e+00   0.00e+00  0.1952  0.091   90.5   0.77    146
3C_295                      2254   0.01   1.16  1.35  0.00  0.00  8.06  6.54 10.41  0.30  0.15  0.46   8.01e-04   7.27e-04   8.93e-04  0.00  0.00  0.00   0.00e+00   0.00e+00   0.00e+00  0.4641  0.021   86.9   1.07     72
3C_388                      5295   0.05   2.90  6.11  0.00  0.00  3.44  2.93  4.17  0.49  0.23  0.82   1.81e-03   1.59e-03   2.08e-03  0.00  0.00  0.00   0.00e+00   0.00e+00   0.00e+00  0.0917  0.057   76.2   1.04     84
4C_55.16                    4940   0.02   1.43  4.00  0.00  0.00  5.11  4.72  5.55  0.48  0.40  0.56   2.77e-03   2.64e-03   2.92e-03  0.00  0.00  0.00   0.00e+00   0.00e+00   0.00e+00  0.2420  0.093   71.1   0.85    197
ABELL_0013                  4945   0.70   4.02  2.03  0.00  0.00  9.29  8.21 10.66  0.66  0.49  0.85   3.33e-03   3.20e-03   3.46e-03  0.00  0.00  0.00   0.00e+00   0.00e+00   0.00e+00  0.0940  0.207   56.2   1.10    283
ABELL_0068                  3250   0.02   2.13  4.60  0.00  0.00 10.89  8.04 16.10  0.45  0.18  0.79   3.83e-03   3.48e-03   4.23e-03  0.00  0.00  0.00   0.00e+00   0.00e+00   0.00e+00  0.2546  0.142   87.3   1.03     54
ABELL_0119                  4180   1.39   7.97  3.30  0.00  0.00  6.20  5.61  6.94  0.49  0.36  0.62   1.75e-02   1.67e-02   1.83e-02  0.00  0.00  0.00   0.00e+00   0.00e+00   0.00e+00  0.0442  0.808   75.6   0.89    264
ABELL_0168                  3203   0.13   5.31  3.27  0.00  0.00  3.37  2.96  3.85  0.04  0.00  0.26   2.51e-03   2.27e-03   2.79e-03  0.00  0.00  0.00   0.00e+00   0.00e+00   0.00e+00  0.0450  0.076   44.3 367.93    378
ABELL_0168                  3204   0.13   5.31  3.27  0.00  0.00  3.37  2.96  3.85  0.04  0.00  0.26   2.51e-03   2.27e-03   2.79e-03  0.00  0.00  0.00   0.00e+00   0.00e+00   0.00e+00  0.0450  0.076   44.3 367.93    378
ABELL_0209                  3579   0.03   2.21  1.68  0.00  0.00 10.05  8.47 12.38  0.19  0.03  0.33   4.84e-03   4.62e-03   5.09e-03  0.00  0.00  0.00   0.00e+00   0.00e+00   0.00e+00  0.2060  0.244   88.5   1.15    164
ABELL_0209                   522   0.03   2.21  1.68  0.00  0.00 10.05  8.47 12.38  0.19  0.03  0.33   4.84e-03   4.62e-03   5.09e-03  0.00  0.00  0.00   0.00e+00   0.00e+00   0.00e+00  0.2060  0.244   88.5   1.15    164
ABELL_0267                  3580   0.02   1.89  2.74  0.00  0.00  7.46  6.55  8.68  0.34  0.21  0.47   3.58e-03   3.41e-03   3.76e-03  0.00  0.00  0.00   0.00e+00   0.00e+00   0.00e+00  0.2300  0.176   88.8   1.29    155
ABELL_0267                  1448   0.02   1.89  2.74  0.00  0.00  7.46  6.55  8.68  0.34  0.21  0.47   3.58e-03   3.41e-03   3.76e-03  0.00  0.00  0.00   0.00e+00   0.00e+00   0.00e+00  0.2300  0.176   88.8   1.29    155
ABELL_0370                   515   0.02   1.39  3.37  0.00  0.00 10.15  8.63 12.32  0.39  0.23  0.57   1.80e-03   1.72e-03   1.88e-03  0.00  0.00  0.00   0.00e+00   0.00e+00   0.00e+00  0.3747  0.108   50.4 185.88    183
ABELL_0383                  2321   0.02   1.69  4.07  0.00  0.00  5.92  5.07  6.97  0.43  0.28  0.58   3.81e-03   3.52e-03   4.13e-03  0.00  0.00  0.00   0.00e+00   0.00e+00   0.00e+00  0.1871  0.148   75.0   1.10     96
ABELL_0399                  3230   0.06   4.71  8.33  0.00  0.00  8.86  8.27  9.53  0.33  0.27  0.39   1.42e-02   1.39e-02   1.44e-02  0.00  0.00  0.00   0.00e+00   0.00e+00   0.00e+00  0.0716  0.624   87.3   0.96    326
ABELL_0401                   518   0.86   5.58 12.48  0.00  0.00  9.37  8.63 10.28  0.14  0.05  0.22   3.26e-02   3.19e-02   3.33e-02  0.00  0.00  0.00   0.00e+00   0.00e+00   0.00e+00  0.0745  1.497   85.4   1.10    324
ABELL_0478                  6102   0.74   4.30 30.90  0.00  0.00  8.19  7.69  8.75  0.51  0.44  0.58   4.84e-02   4.73e-02   4.95e-02  0.00  0.00  0.00   0.00e+00   0.00e+00   0.00e+00  0.0883  2.333   95.1   0.93    313
ABELL_0514                  3578   0.89   4.43  3.14  0.00  0.00  4.92  4.16  5.94  0.27  0.07  0.49   1.99e-03   1.83e-03   2.18e-03  0.00  0.00  0.00   0.00e+00   0.00e+00   0.00e+00  0.0720  0.086   58.5   1.01    185
ABELL_0520                  4215   0.02   2.18  7.84  0.00  0.00 10.43  9.37 11.84  0.35  0.27  0.44   5.38e-03   5.23e-03   5.54e-03  0.00  0.00  0.00   0.00e+00   0.00e+00   0.00e+00  0.2020  0.206   91.1   1.01    272
ABELL_0521                   430   0.02   1.75  6.17  0.00  0.00  9.01  7.14 12.74  0.40  0.19  0.61   2.61e-03   2.44e-03   2.83e-03  0.00  0.00  0.00   0.00e+00   0.00e+00   0.00e+00  0.2533  0.102   55.4   0.95     99
ABELL_0586                   530   0.29   2.70  4.71  0.00  0.00  8.06  6.92  9.57  0.61  0.41  0.82   6.11e-03   5.76e-03   6.47e-03  0.00  0.00  0.00   0.00e+00   0.00e+00   0.00e+00  0.1710  0.318   87.9   0.81    109
ABELL_0611                  3194   0.02   1.59  4.99  0.00  0.00  6.88  5.93  8.11  0.28  0.18  0.38   3.26e-03   3.04e-03   3.51e-03  0.00  0.00  0.00   0.00e+00   0.00e+00   0.00e+00  0.2880  0.111   67.3   1.07    120
ABELL_0644                  2211   0.06   5.14  6.31  0.00  0.00  8.08  7.69  8.52  0.42  0.37  0.47   3.20e-02   3.15e-02   3.26e-02  0.00  0.00  0.00   0.00e+00   0.00e+00   0.00e+00  0.0698  1.420   92.5   1.05    330
ABELL_0665                  3586   0.02   2.52  4.24  0.00  0.00 10.43  9.12 12.19  0.30  0.19  0.41   7.30e-03   7.06e-03   7.57e-03  0.00  0.00  0.00   0.00e+00   0.00e+00   0.00e+00  0.1810  0.288   91.7   0.94    227
ABELL_0697                  4217   0.02   1.88  3.34  0.00  0.00 14.71 11.81 19.18  0.62  0.41  0.88   5.51e-03   5.23e-03   5.81e-03  0.00  0.00  0.00   0.00e+00   0.00e+00   0.00e+00  0.2820  0.211   93.4   0.95    131
ABELL_0773                  5006   0.02   2.22  1.46  0.00  0.00 11.24  9.30 14.08  0.50  0.31  0.72   4.79e-03   4.52e-03   5.08e-03  0.00  0.00  0.00   0.00e+00   0.00e+00   0.00e+00  0.2170  0.190   89.8   0.96    122
ABELL_0907                  3185   0.02   2.26  5.69  0.00  0.00  6.26  5.82  6.75  0.47  0.40  0.55   6.34e-03   6.13e-03   6.56e-03  0.00  0.00  0.00   0.00e+00   0.00e+00   0.00e+00  0.1527  0.241   92.6   1.02    248
ABELL_0963                   903   0.02   2.03  1.39  0.00  0.00  7.65  6.83  8.65  0.33  0.24  0.42   5.31e-03   5.07e-03   5.56e-03  0.00  0.00  0.00   0.00e+00   0.00e+00   0.00e+00  0.2056  0.212   74.6   1.12    210
ABELL_1063S                 4966   0.21   2.06  1.77  0.00  0.00 14.04 12.57 15.87  0.43  0.32  0.55   1.03e-02   1.00e-02   1.05e-02  0.00  0.00  0.00   0.00e+00   0.00e+00   0.00e+00  0.3540  0.489   94.4   0.98    263
ABELL_1068                  1652   0.03   2.16  0.71  0.00  0.00  5.49  4.91  6.20  0.31  0.22  0.40   5.88e-03   5.55e-03   6.23e-03  0.00  0.00  0.00   0.00e+00   0.00e+00   0.00e+00  0.1375  0.233   77.7   0.91    178
ABELL_1201                  4216   0.02   2.32  1.85  0.00  0.00  5.99  5.04  7.38  0.32  0.18  0.47   3.34e-03   3.05e-03   3.65e-03  0.00  0.00  0.00   0.00e+00   0.00e+00   0.00e+00  0.1688  0.131   50.1   1.10    125
ABELL_1204                  2205   0.02   1.78  1.44  0.00  0.00  4.72  4.15  5.47  0.24  0.12  0.37   3.66e-03   3.39e-03   3.97e-03  0.00  0.00  0.00   0.00e+00   0.00e+00   0.00e+00  0.1706  0.112   92.7   0.92     92
ABELL_1361                  2200   0.03   2.54  2.18  0.00  0.00  7.24  4.46 15.47  0.10  0.00  0.66   4.22e-03   3.46e-03   5.19e-03  0.00  0.00  0.00   0.00e+00   0.00e+00   0.00e+00  0.1171  0.180   61.4   0.82     24
ABELL_1423                   538   0.02   2.24  1.60  0.00  0.00  7.93  5.73 12.02  0.35  0.11  0.69   3.10e-03   2.69e-03   3.58e-03  0.00  0.00  0.00   0.00e+00   0.00e+00   0.00e+00  0.2130  0.110   84.8   0.91     43
ABELL_1651                  4185   0.05   4.47  2.02  0.00  0.00  7.46  6.65  8.45  0.43  0.32  0.54   1.84e-02   1.77e-02   1.91e-02  0.00  0.00  0.00   0.00e+00   0.00e+00   0.00e+00  0.0840  0.812   91.8   1.17    208
ABELL_1664                  1648   0.03   2.19  8.47  0.00  0.00  4.91  4.11  5.96  0.26  0.11  0.42   5.34e-03   4.83e-03   5.95e-03  0.00  0.00  0.00   0.00e+00   0.00e+00   0.00e+00  0.1276  0.199   70.5   1.08     71
ABELL_1689                   540   0.03   2.69  1.87  0.00  0.00 12.97 11.92 14.22  0.40  0.32  0.48   1.33e-02   1.30e-02   1.37e-02  0.00  0.00  0.00   0.00e+00   0.00e+00   0.00e+00  0.1843  0.699   94.8   1.04    668
ABELL_1689                  1663   0.03   2.69  1.87  0.00  0.00 12.97 11.92 14.22  0.40  0.32  0.48   1.33e-02   1.30e-02   1.37e-02  0.00  0.00  0.00   0.00e+00   0.00e+00   0.00e+00  0.1843  0.699   94.8   1.04    668
ABELL_1689                  5004   0.03   2.69  1.87  0.00  0.00 12.97 11.92 14.22  0.40  0.32  0.48   1.33e-02   1.30e-02   1.37e-02  0.00  0.00  0.00   0.00e+00   0.00e+00   0.00e+00  0.1843  0.699   94.8   1.04    668
ABELL_1758                  2213   0.02   1.78  1.09  0.00  0.00  9.90  8.01 11.12  0.50  0.26  0.60   3.43e-03   3.33e-03   3.60e-03  0.00  0.00  0.00   0.00e+00   0.00e+00   0.00e+00  0.2792  0.198   69.1 226.26    235
ABELL_1763                  3591   0.02   2.24  0.82  0.00  0.00 12.56  9.44 19.26  0.17  0.00  0.36   4.50e-03   4.26e-03   4.73e-03  0.00  0.00  0.00   0.00e+00   0.00e+00   0.00e+00  0.1866  0.178   89.8   1.02    114
ABELL_1795                  5289   0.07   6.23  1.22  0.00  0.00  6.85  6.47  7.27  0.30  0.25  0.35   4.58e-02   4.48e-02   4.68e-02  0.00  0.00  0.00   0.00e+00   0.00e+00   0.00e+00  0.0625  1.905   93.2   1.03    317
ABELL_1835                   495   0.02   1.87  2.36  0.00  0.00 11.99 10.55 13.95  0.39  0.29  0.49   1.13e-02   1.10e-02   1.17e-02  0.00  0.00  0.00   0.00e+00   0.00e+00   0.00e+00  0.2532  0.475   91.3   0.88    224
ABELL_1914                  3593   0.02   2.83  0.97  0.00  0.00 11.97 10.57 13.87  0.34  0.24  0.44   1.59e-02   1.55e-02   1.63e-02  0.00  0.00  0.00   0.00e+00   0.00e+00   0.00e+00  0.1712  0.652   95.3   1.03    256
ABELL_1942                  3290   0.02   1.68  2.75  0.00  0.00  5.94  4.95  8.18  0.35  0.16  0.56   9.86e-04   8.85e-04   1.11e-03  0.00  0.00  0.00   0.00e+00   0.00e+00   0.00e+00  0.2240  0.031   77.9   0.87     70
ABELL_1995                   906   0.26   0.97  1.44  0.00  0.00  9.41  8.09 11.28  0.33  0.19  0.47   1.80e-03   1.72e-03   1.87e-03  0.00  0.00  0.00   0.00e+00   0.00e+00   0.00e+00  0.3186  0.108   81.0   1.02    133
ABELL_2029                  6101   0.84   5.00  3.26  0.00  0.00  9.90  9.17 10.80  0.39  0.31  0.46   4.92e-02   4.83e-02   5.01e-02  0.00  0.00  0.00   0.00e+00   0.00e+00   0.00e+00  0.0765  2.481   94.8   1.03    313
ABELL_2034                  2204   0.03   3.47  1.58  0.00  0.00  9.96  9.12 11.05  0.34  0.26  0.41   9.09e-03   8.89e-03   9.29e-03  0.00  0.00  0.00   0.00e+00   0.00e+00   0.00e+00  0.1130  0.396   90.3   1.02    311
ABELL_2065                 31821   0.88   4.63  2.96  0.00  0.00  6.39  5.98  6.85  0.24  0.18  0.31   1.43e-02   1.39e-02   1.46e-02  0.00  0.00  0.00   0.00e+00   0.00e+00   0.00e+00  0.0730  0.650   89.7   1.01    289
ABELL_2069                  4965   0.03   3.50  1.97  0.00  0.00  8.29  7.27  9.65  0.25  0.14  0.36   4.57e-03   4.38e-03   4.78e-03  0.00  0.00  0.00   0.00e+00   0.00e+00   0.00e+00  0.1160  0.177   78.0   1.15    255
ABELL_2111                   544   0.02   2.06  2.20  0.00  0.00  7.18  4.66 13.91  0.07  0.00  0.43   1.55e-03   1.27e-03   1.89e-03  0.00  0.00  0.00   0.00e+00   0.00e+00   0.00e+00  0.2300  0.045   74.3   0.97     22
ABELL_2125                  2207   0.02   1.13  2.75  0.00  0.00  3.69  2.88  5.68  0.27  0.00  0.65   3.25e-04   2.42e-04   4.13e-04  0.00  0.00  0.00   0.00e+00   0.00e+00   0.00e+00  0.2465  0.007   68.5   1.22     32
ABELL_2163                  1653   0.02   3.21 13.88  0.00  0.00 19.49 17.63 21.52  0.08  0.01  0.15   2.26e-02   2.23e-02   2.29e-02  0.00  0.00  0.00   0.00e+00   0.00e+00   0.00e+00  0.1695  0.860   93.7   1.25    339
ABELL_2204                  6104   0.02   3.02  5.84  0.00  0.00 10.18  9.41 11.13  0.37  0.29  0.45   1.88e-02   1.83e-02   1.92e-02  0.00  0.00  0.00   0.00e+00   0.00e+00   0.00e+00  0.1524  0.981   86.4   0.97    464
ABELL_2204                   499   0.02   3.02  5.84  0.00  0.00 10.18  9.41 11.13  0.37  0.29  0.45   1.88e-02   1.83e-02   1.92e-02  0.00  0.00  0.00   0.00e+00   0.00e+00   0.00e+00  0.1524  0.981   86.4   0.97    464
ABELL_2218                  1666   0.02   2.37  3.12  0.00  0.00  9.36  8.29 10.78  0.20  0.11  0.28   5.75e-03   5.56e-03   5.97e-03  0.00  0.00  0.00   0.00e+00   0.00e+00   0.00e+00  0.1713  0.222   91.8   0.91    237
ABELL_2219                   896   0.02   2.31  1.76  0.00  0.00 12.54 11.33 14.06  0.32  0.24  0.40   1.20e-02   1.17e-02   1.22e-02  0.00  0.00  0.00   0.00e+00   0.00e+00   0.00e+00  0.2256  0.505   81.1   0.98    294
ABELL_2255                   894   0.05   4.45  2.53  0.00  0.00  7.70  7.01  8.49  0.35  0.27  0.44   9.25e-03   8.96e-03   9.56e-03  0.00  0.00  0.00   0.00e+00   0.00e+00   0.00e+00  0.0805  0.398   81.4   0.84    304
ABELL_2256                  1386   1.08   6.56  4.05  0.00  0.00  7.30  6.67  7.99  0.07  0.00  0.17   3.66e-02   3.56e-02   3.75e-02  0.00  0.00  0.00   0.00e+00   0.00e+00   0.00e+00  0.0579  1.579   79.6   1.44    309
ABELL_2259                  3245   0.02   2.11  3.70  0.00  0.00  5.49  4.58  6.78  0.32  0.16  0.49   4.91e-03   4.42e-03   5.45e-03  0.00  0.00  0.00   0.00e+00   0.00e+00   0.00e+00  0.1640  0.165   90.9   0.92     61
ABELL_2261                  5007   0.02   2.04  3.31  0.00  0.00  9.84  8.54 11.78  0.40  0.28  0.51   6.98e-03   6.70e-03   7.27e-03  0.00  0.00  0.00   0.00e+00   0.00e+00   0.00e+00  0.2240  0.263   94.1   0.95    189
ABELL_2294                  3246   0.02   2.36  6.10  0.00  0.00 12.33  9.28 18.05  0.63  0.34  0.99   5.15e-03   4.79e-03   5.53e-03  0.00  0.00  0.00   0.00e+00   0.00e+00   0.00e+00  0.1780  0.223   88.6   1.08     80
ABELL_2384                  4202   0.04   2.96  2.99  0.00  0.00  6.78  5.89  7.91  0.08  0.00  0.18   4.33e-03   4.10e-03   4.57e-03  0.00  0.00  0.00   0.00e+00   0.00e+00   0.00e+00  0.0945  0.168   86.9   0.88    170
ABELL_2390                  4193   0.02   2.20  6.71  0.00  0.00 10.53 10.00 11.15  0.36  0.32  0.41   1.24e-02   1.23e-02   1.26e-02  0.00  0.00  0.00   0.00e+00   0.00e+00   0.00e+00  0.2301  0.505   81.3   1.03    329
ABELL_2409                  3247   0.02   2.42  6.72  0.00  0.00  5.87  5.11  6.82  0.38  0.25  0.51   7.81e-03   7.29e-03   8.38e-03  0.00  0.00  0.00   0.00e+00   0.00e+00   0.00e+00  0.1479  0.274   92.7   0.76     92
ABELL_2537                  4962   0.02   1.49  4.26  0.00  0.00  7.83  6.67  9.37  0.38  0.25  0.52   2.54e-03   2.37e-03   2.73e-03  0.00  0.00  0.00   0.00e+00   0.00e+00   0.00e+00  0.2950  0.091   59.8   0.83    118
ABELL_2554                  1696   0.04   3.36  2.04  0.00  0.00  6.46  5.22  8.39  0.32  0.13  0.53   3.38e-03   3.08e-03   3.71e-03  0.00  0.00  0.00   0.00e+00   0.00e+00   0.00e+00  0.1103  0.146   40.6   0.79    134
ABELL_2556                  2226   0.05   3.35  2.02  0.00  0.00  4.07  3.61  4.63  0.40  0.26  0.56   5.93e-03   5.51e-03   6.39e-03  0.00  0.00  0.00   0.00e+00   0.00e+00   0.00e+00  0.0862  0.223   58.1   0.95    161
ABELL_2631                  3248   0.29   1.83  3.74  0.00  0.00  9.18  7.22 12.35  0.39  0.15  0.66   3.31e-03   3.05e-03   3.59e-03  0.00  0.00  0.00   0.00e+00   0.00e+00   0.00e+00  0.2779  0.167   89.0   0.99     54
ABELL_2667                  2214   0.02   1.82  1.64  0.00  0.00  7.35  6.30  8.62  0.45  0.32  0.60   7.99e-03   7.47e-03   8.58e-03  0.00  0.00  0.00   0.00e+00   0.00e+00   0.00e+00  0.2300  0.316   84.9   0.95     98
ABELL_2670                  4959   0.06   3.68  2.88  0.00  0.00  4.75  4.34  5.25  0.29  0.19  0.38   5.87e-03   5.58e-03   6.18e-03  0.00  0.00  0.00   0.00e+00   0.00e+00   0.00e+00  0.0763  0.216   80.5   1.09    231
ABELL_2717                  6974   1.30   3.87  1.12  0.00  0.00  3.18  2.74  3.77  0.56  0.23  1.01   2.56e-03   2.19e-03   2.99e-03  0.00  0.00  0.00   0.00e+00   0.00e+00   0.00e+00  0.0475  0.096   67.0   0.95    103
ABELL_2744                  2212   0.02   1.82  1.82  0.00  0.00 11.21  9.40 13.97  0.30  0.16  0.45   4.88e-03   4.64e-03   5.15e-03  0.00  0.00  0.00   0.00e+00   0.00e+00   0.00e+00  0.3080  0.176   74.7   0.73    141
ABELL_3128                   893   1.01   4.41  1.59  0.00  0.00  3.48  2.94  4.21  0.34  0.06  0.68   2.96e-03   2.58e-03   3.47e-03  0.00  0.00  0.00   0.00e+00   0.00e+00   0.00e+00  0.0624  0.104   64.8   1.13    105
ABELL_3158                  3201   0.11   5.57  1.60  0.00  0.00  6.26  6.02  6.52  0.39  0.34  0.43   2.13e-02   2.09e-02   2.17e-02  0.00  0.00  0.00   0.00e+00   0.00e+00   0.00e+00  0.0586  0.973   89.3   0.97    647
ABELL_3158                  3712   0.11   5.57  1.60  0.00  0.00  6.26  6.02  6.52  0.39  0.34  0.43   2.13e-02   2.09e-02   2.17e-02  0.00  0.00  0.00   0.00e+00   0.00e+00   0.00e+00  0.0586  0.973   89.3   0.97    647
ABELL_3164                  6955   1.10   4.81  2.55  0.00  0.00  3.19  1.78  8.87  0.00  0.00  0.27   1.09e-03   6.77e-04   1.53e-03  0.00  0.00  0.00   0.00e+00   0.00e+00   0.00e+00  0.0570  0.040   30.5   1.59     53
ABELL_3376                  3202   0.13   6.36  5.21  0.00  0.00  5.94  5.47  6.49  0.31  0.22  0.41   6.65e-03   6.41e-03   6.91e-03  0.00  0.00  0.00   0.00e+00   0.00e+00   0.00e+00  0.0456  0.293   65.9   1.13    553
ABELL_3376                  3450   0.13   6.36  5.21  0.00  0.00  5.94  5.47  6.49  0.31  0.22  0.41   6.65e-03   6.41e-03   6.91e-03  0.00  0.00  0.00   0.00e+00   0.00e+00   0.00e+00  0.0456  0.293   65.9   1.13    553
ABELL_3391                  4943   1.12   6.36  5.46  0.00  0.00  6.44  5.78  7.24  0.05  0.00  0.15   1.30e-02   1.25e-02   1.36e-02  0.00  0.00  0.00   0.00e+00   0.00e+00   0.00e+00  0.0560  0.560   67.9   0.97    270
ABELL_3921                  4973   0.71   3.80  3.07  0.00  0.00  6.74  6.16  7.45  0.35  0.26  0.45   7.70e-03   7.43e-03   7.99e-03  0.00  0.00  0.00   0.00e+00   0.00e+00   0.00e+00  0.0927  0.359   84.2   0.85    250
AC_114                      1562   0.02   1.54  1.44  0.00  0.00  9.76  8.21 12.04  0.39  0.26  0.54   1.87e-03   1.77e-03   1.98e-03  0.00  0.00  0.00   0.00e+00   0.00e+00   0.00e+00  0.3120  0.068   63.0   0.95    173
CL_0024+17                   929   0.01   1.10  4.36  0.00  0.00  7.14  4.31 12.56  0.30  0.00  0.86   4.12e-04   3.49e-04   5.02e-04  0.00  0.00  0.00   0.00e+00   0.00e+00   0.00e+00  0.3940  0.021   28.5  39.66     41
CL_1221+4918                1662   0.01   1.00  1.44  0.00  0.00  7.60  5.59 11.93  0.31  0.10  0.71   4.66e-04   3.68e-04   5.84e-04  0.00  0.00  0.00   0.00e+00   0.00e+00   0.00e+00  0.7000  0.009   73.2   0.69     30
CL_J0030+2618               5762   0.01   1.45  4.10  0.00  0.00  3.77  1.81 13.50  0.00  0.00  0.52   7.06e-04   0.00e+00   1.99e-03  0.00  0.00  0.00   0.00e+00   0.00e+00   0.00e+00  0.5000  0.008   51.5   0.85      6
CL_J0152-1357                913   0.01   0.58  1.45  0.00  0.00  6.07  3.56 12.23  0.00  0.00  0.72   1.55e-04   1.24e-04   2.05e-04  0.00  0.00  0.00   0.00e+00   0.00e+00   0.00e+00  0.8310  0.005   49.3  29.32      9
CL_J0542.8-4100              914   0.01   1.00  3.59  0.00  0.00  5.93  4.17  9.45  0.23  0.00  0.49   5.04e-04   3.87e-04   6.66e-04  0.00  0.00  0.00   0.00e+00   0.00e+00   0.00e+00  0.6300  0.009   72.7   0.58     21
CL_J0848+4456               1708   0.01   0.55  2.53  0.00  0.00  4.96  3.15  7.78  0.00  0.00  0.79   5.44e-05   4.22e-05   7.18e-05  0.00  0.00  0.00   0.00e+00   0.00e+00   0.00e+00  0.5740  0.002   64.9   0.82     14
CL_J0848+4456                927   0.01   0.55  2.53  0.00  0.00  4.96  3.15  7.78  0.00  0.00  0.79   5.44e-05   4.22e-05   7.18e-05  0.00  0.00  0.00   0.00e+00   0.00e+00   0.00e+00  0.5740  0.002   64.9   0.82     14
CL_J1113.1-2615              915   0.01   0.98  5.51  0.00  0.00  4.79  3.53  5.94  0.52  0.11  1.15   1.79e-04   1.56e-04   2.16e-04  0.00  0.00  0.00   0.00e+00   0.00e+00   0.00e+00  0.7300  0.007   32.2  39.33     39
CL_J1226.9+3332             5014   0.01   0.68  1.37  0.00  0.00 12.33 10.20 15.11  0.16  0.00  0.40   9.23e-04   8.59e-04   9.82e-04  0.00  0.00  0.00   0.00e+00   0.00e+00   0.00e+00  0.8900  0.038   91.5   0.80    102
CL_J1226.9+3332             3180   0.01   0.68  1.37  0.00  0.00 12.33 10.20 15.11  0.16  0.00  0.40   9.23e-04   8.59e-04   9.82e-04  0.00  0.00  0.00   0.00e+00   0.00e+00   0.00e+00  0.8900  0.038   91.5   0.80    102
CL_J1226.9+3332              932   0.01   0.68  1.37  0.00  0.00 12.33 10.20 15.11  0.16  0.00  0.40   9.23e-04   8.59e-04   9.82e-04  0.00  0.00  0.00   0.00e+00   0.00e+00   0.00e+00  0.8900  0.038   91.5   0.80    102
CL_J2302.8+0844              918   0.01   1.16  5.05  0.00  0.00  6.58  3.91 14.66  0.08  0.00  0.57   2.41e-04   1.59e-04   3.67e-04  0.00  0.00  0.00   0.00e+00   0.00e+00   0.00e+00  0.7300  0.004   56.3   1.01     31
DLS_J0514-4904              4980   0.71   3.52  2.52  0.00  0.00  6.26  4.96  8.59  0.49  0.11  0.92   1.50e-03   1.33e-03   1.68e-03  0.00  0.00  0.00   0.00e+00   0.00e+00   0.00e+00  0.0912  0.076   63.1   1.03     78
EXO_0422-086                4183   0.10   6.15  6.22  0.00  0.00  3.44  3.13  3.81  0.35  0.21  0.50   1.51e-02   1.40e-02   1.62e-02  0.00  0.00  0.00   0.00e+00   0.00e+00   0.00e+00  0.0397  0.487   80.8   0.93    170
HERCULES_A                  1625   0.02   2.03  6.27  0.00  0.00  4.50  3.85  5.38  0.50  0.33  0.69   4.02e-03   3.63e-03   4.45e-03  0.00  0.00  0.00   0.00e+00   0.00e+00   0.00e+00  0.1541  0.150   70.8   0.98     81
MACS_J0011.7-1523           6105   0.02   1.10  2.08  0.00  0.00  7.27  6.53  8.26  0.27  0.16  0.37   2.06e-03   1.97e-03   2.15e-03  0.00  0.00  0.00   0.00e+00   0.00e+00   0.00e+00  0.3600  0.097   92.3   0.95    167
MACS_J0011.7-1523           3261   0.02   1.10  2.08  0.00  0.00  7.27  6.53  8.26  0.27  0.16  0.37   2.06e-03   1.97e-03   2.15e-03  0.00  0.00  0.00   0.00e+00   0.00e+00   0.00e+00  0.3600  0.097   92.3   0.95    167
MACS_J0025.4-1222           3251   0.01   0.81  2.72  0.00  0.00  6.31  5.29  7.69  0.39  0.20  0.60   9.33e-04   8.56e-04   1.03e-03  0.00  0.00  0.00   0.00e+00   0.00e+00   0.00e+00  0.5843  0.040   86.4   0.75     56
MACS_J0025.4-1222           5010   0.01   0.81  2.72  0.00  0.00  6.31  5.29  7.69  0.39  0.20  0.60   9.33e-04   8.56e-04   1.03e-03  0.00  0.00  0.00   0.00e+00   0.00e+00   0.00e+00  0.5843  0.040   86.4   0.75     56
MACS_J0035.4-2015           3262   0.24   1.27  1.55  0.00  0.00  9.39  8.04 11.30  0.42  0.26  0.60   3.02e-03   2.87e-03   3.18e-03  0.00  0.00  0.00   0.00e+00   0.00e+00   0.00e+00  0.3644  0.158   94.1   1.05    104
MACS_J0111.5+0855           3256   0.30   1.25  4.18  0.00  0.00  4.16  2.72  7.12  0.00  0.00  0.53   3.49e-04   2.67e-04   4.72e-04  0.00  0.00  0.00   0.00e+00   0.00e+00   0.00e+00  0.2627  0.012   62.6   1.23      9
MACS_J0152.5-2852           3264   0.25   1.11  1.46  0.00  0.00  7.70  5.81 10.91  0.27  0.01  0.54   1.19e-03   1.08e-03   1.32e-03  0.00  0.00  0.00   0.00e+00   0.00e+00   0.00e+00  0.3407  0.057   90.1   0.58     34
MACS_J0159.0-3412           5818   0.21   1.15  1.54  0.00  0.00 12.74  8.02 25.19  0.48  0.00  1.14   1.31e-03   1.15e-03   1.47e-03  0.00  0.00  0.00   0.00e+00   0.00e+00   0.00e+00  0.4584  0.072   85.3   1.34     24
MACS_J0159.8-0849           6106   0.01   1.53  2.01  0.00  0.00 10.37  9.33 11.66  0.30  0.20  0.40   3.51e-03   3.40e-03   3.63e-03  0.00  0.00  0.00   0.00e+00   0.00e+00   0.00e+00  0.4050  0.179   94.4   1.01    253
MACS_J0159.8-0849           3265   0.01   1.53  2.01  0.00  0.00 10.37  9.33 11.66  0.30  0.20  0.40   3.51e-03   3.40e-03   3.63e-03  0.00  0.00  0.00   0.00e+00   0.00e+00   0.00e+00  0.4050  0.179   94.4   1.01    253
MACS_J0242.5-2132           3266   0.02   1.45  2.71  0.00  0.00  5.99  4.80  8.03  0.28  0.11  0.46   3.57e-03   3.15e-03   4.04e-03  0.00  0.00  0.00   0.00e+00   0.00e+00   0.00e+00  0.3140  0.099   92.5   1.06     42
MACS_J0257.1-2325           1654   0.01   1.11  2.09  0.00  0.00 10.76  9.07 12.81  0.14  0.00  0.29   1.91e-03   1.80e-03   2.02e-03  0.00  0.00  0.00   0.00e+00   0.00e+00   0.00e+00  0.5053  0.091   90.4   1.13    120
MACS_J0257.1-2325           3581   0.01   1.11  2.09  0.00  0.00 10.76  9.07 12.81  0.14  0.00  0.29   1.91e-03   1.80e-03   2.02e-03  0.00  0.00  0.00   0.00e+00   0.00e+00   0.00e+00  0.5053  0.091   90.4   1.13    120
MACS_J0257.6-2209           3267   0.02   1.36  2.02  0.00  0.00  7.90  6.70  9.54  0.46  0.28  0.66   2.21e-03   2.07e-03   2.35e-03  0.00  0.00  0.00   0.00e+00   0.00e+00   0.00e+00  0.3224  0.114   90.5   1.24     82
MACS_J0308.9+2645           3268   0.25   1.40 11.88  0.00  0.00 11.12  9.44 13.35  0.39  0.23  0.55   3.80e-03   3.65e-03   3.96e-03  0.00  0.00  0.00   0.00e+00   0.00e+00   0.00e+00  0.3240  0.195   92.2   0.97    133
MACS_J0329.6-0211           6108   0.01   0.86  6.21  0.00  0.00  7.55  6.82  8.43  0.39  0.28  0.50   1.69e-03   1.61e-03   1.77e-03  0.00  0.00  0.00   0.00e+00   0.00e+00   0.00e+00  0.4500  0.082   94.4   1.16    189
MACS_J0329.6-0211           3582   0.01   0.86  6.21  0.00  0.00  7.55  6.82  8.43  0.39  0.28  0.50   1.69e-03   1.61e-03   1.77e-03  0.00  0.00  0.00   0.00e+00   0.00e+00   0.00e+00  0.4500  0.082   94.4   1.16    189
MACS_J0329.6-0211           3257   0.01   0.86  6.21  0.00  0.00  7.55  6.82  8.43  0.39  0.28  0.50   1.69e-03   1.61e-03   1.77e-03  0.00  0.00  0.00   0.00e+00   0.00e+00   0.00e+00  0.4500  0.082   94.4   1.16    189
MACS_J0404.6+1109           3269   0.02   1.12 14.96  0.00  0.00  7.40  5.47 11.03  0.20  0.00  0.49   7.90e-04   7.00e-04   8.94e-04  0.00  0.00  0.00   0.00e+00   0.00e+00   0.00e+00  0.3548  0.036   80.2   0.92     29
MACS_J0417.5-1154           3270   0.15   0.89  4.00  0.00  0.00 14.46 11.05 20.38  0.54  0.22  0.91   3.14e-03   2.93e-03   3.35e-03  0.00  0.00  0.00   0.00e+00   0.00e+00   0.00e+00  0.4400  0.170   96.6   1.17     65
MACS_J0429.6-0253           3271   0.01   1.29  5.70  0.00  0.00  7.48  5.84 10.13  0.32  0.15  0.50   2.02e-03   1.78e-03   2.29e-03  0.00  0.00  0.00   0.00e+00   0.00e+00   0.00e+00  0.3990  0.055   89.4   0.78     45
MACS_J0451.9+0006           5815   0.01   0.93  7.65  0.00  0.00  6.68  4.74 11.18  0.38  0.00  0.85   1.16e-03   1.00e-03   1.33e-03  0.00  0.00  0.00   0.00e+00   0.00e+00   0.00e+00  0.4300  0.054   89.3   1.33     19
MACS_J0455.2+0657           5812   0.21   1.01 10.45  0.00  0.00  8.35  5.86 14.01  0.48  0.12  0.95   1.26e-03   1.10e-03   1.44e-03  0.00  0.00  0.00   0.00e+00   0.00e+00   0.00e+00  0.4247  0.062   88.8   1.24     21
MACS_J0520.7-1328           3272   0.25   1.24  8.88  0.00  0.00  9.41  7.50 12.79  0.26  0.03  0.47   2.09e-03   1.95e-03   2.22e-03  0.00  0.00  0.00   0.00e+00   0.00e+00   0.00e+00  0.3398  0.104   91.4   1.33     67
MACS_J0547.0-3904           3273   0.02   1.34  4.08  0.00  0.00  5.82  4.16  8.79  0.18  0.00  0.46   9.40e-04   7.92e-04   1.13e-03  0.00  0.00  0.00   0.00e+00   0.00e+00   0.00e+00  0.2100  0.030   83.7   1.21     28
MACS_J0553.4-3342           5813   0.22   1.49  2.88  0.00  0.00 14.59  9.87 25.75  0.41  0.00  0.82   3.06e-03   2.83e-03   3.34e-03  0.00  0.00  0.00   0.00e+00   0.00e+00   0.00e+00  0.4067  0.162   91.0   1.10     51
MACS_J0717.5+3745           4200   0.01   1.04  6.75  0.00  0.00 12.82 11.43 14.52  0.31  0.19  0.43   2.67e-03   2.59e-03   2.75e-03  0.00  0.00  0.00   0.00e+00   0.00e+00   0.00e+00  0.5480  0.132   91.3   0.87    251
MACS_J0717.5+3745           1655   0.01   1.04  6.75  0.00  0.00 12.82 11.43 14.52  0.31  0.19  0.43   2.67e-03   2.59e-03   2.75e-03  0.00  0.00  0.00   0.00e+00   0.00e+00   0.00e+00  0.5480  0.132   91.3   0.87    251
MACS_J0744.8+3927           3585   0.01   0.90  4.66  0.00  0.00  9.32  8.36 10.52  0.31  0.19  0.43   1.43e-03   1.34e-03   1.52e-03  0.00  0.00  0.00   0.00e+00   0.00e+00   0.00e+00  0.6860  0.063   87.9   1.19    207
MACS_J0744.8+3927           3197   0.01   0.90  4.66  0.00  0.00  9.32  8.36 10.52  0.31  0.19  0.43   1.43e-03   1.34e-03   1.52e-03  0.00  0.00  0.00   0.00e+00   0.00e+00   0.00e+00  0.6860  0.063   87.9   1.19    207
MACS_J0744.8+3927           6111   0.01   0.90  4.66  0.00  0.00  9.32  8.36 10.52  0.31  0.19  0.43   1.43e-03   1.34e-03   1.52e-03  0.00  0.00  0.00   0.00e+00   0.00e+00   0.00e+00  0.6860  0.063   87.9   1.19    207
MACS_J0911.2+1746           5012   0.02   0.99  3.55  0.00  0.00  7.88  6.44  9.99  0.22  0.02  0.43   8.92e-04   8.11e-04   9.72e-04  0.00  0.00  0.00   0.00e+00   0.00e+00   0.00e+00  0.5409  0.040   85.3   0.77     58
MACS_J0911.2+1746           3587   0.02   0.99  3.55  0.00  0.00  7.88  6.44  9.99  0.22  0.02  0.43   8.92e-04   8.11e-04   9.72e-04  0.00  0.00  0.00   0.00e+00   0.00e+00   0.00e+00  0.5409  0.040   85.3   0.77     58
MACS_J0949+1708             3274   0.01   1.26  3.17  0.00  0.00 10.29  7.88 15.89  0.55  0.28  0.89   2.50e-03   2.23e-03   2.78e-03  0.00  0.00  0.00   0.00e+00   0.00e+00   0.00e+00  0.3820  0.078   93.1   0.58     39
MACS_J1006.9+3200           5819   0.24   1.20  1.83  0.00  0.00  6.53  4.42 11.14  0.35  0.00  0.92   8.95e-04   7.64e-04   1.05e-03  0.00  0.00  0.00   0.00e+00   0.00e+00   0.00e+00  0.3587  0.043   81.9   1.53     17
MACS_J1105.7-1014           5817   0.21   1.00  4.58  0.00  0.00  6.61  4.82  9.63  0.19  0.00  0.49   1.34e-03   1.18e-03   1.54e-03  0.00  0.00  0.00   0.00e+00   0.00e+00   0.00e+00  0.4664  0.059   87.4   1.08     21
MACS_J1108.8+0906           3252   0.02   0.99  2.52  0.00  0.00  7.52  5.99  9.91  0.28  0.05  0.50   1.01e-03   8.97e-04   1.07e-03  0.00  0.00  0.00   0.00e+00   0.00e+00   0.00e+00  0.4493  0.046   86.5   1.01     49
MACS_J1108.8+0906           5009   0.02   0.99  2.52  0.00  0.00  7.52  5.99  9.91  0.28  0.05  0.50   1.01e-03   8.97e-04   1.07e-03  0.00  0.00  0.00   0.00e+00   0.00e+00   0.00e+00  0.4493  0.046   86.5   1.01     49
MACS_J1115.2+5320           3253   0.02   1.13  0.98  0.00  0.00  9.80  7.99 12.54  0.39  0.16  0.62   1.41e-03   1.29e-03   1.53e-03  0.00  0.00  0.00   0.00e+00   0.00e+00   0.00e+00  0.4390  0.072   82.8   0.91     78
MACS_J1115.2+5320           5008   0.02   1.13  0.98  0.00  0.00  9.80  7.99 12.54  0.39  0.16  0.62   1.41e-03   1.29e-03   1.53e-03  0.00  0.00  0.00   0.00e+00   0.00e+00   0.00e+00  0.4390  0.072   82.8   0.91     78
MACS_J1115.2+5320           5350   0.02   1.13  0.98  0.00  0.00  9.80  7.99 12.54  0.39  0.16  0.62   1.41e-03   1.29e-03   1.53e-03  0.00  0.00  0.00   0.00e+00   0.00e+00   0.00e+00  0.4390  0.072   82.8   0.91     78
MACS_J1115.8+0129           3275   0.03   2.50  4.36  0.00  0.00  9.39  6.55 14.16  0.00  0.00  0.21   2.38e-03   2.19e-03   2.65e-03  0.00  0.00  0.00   0.00e+00   0.00e+00   0.00e+00  0.1200  0.097   77.3   0.85     59
MACS_J1131.8-1955           3276   0.02   1.50  4.49  0.00  0.00  9.45  7.77 11.97  0.50  0.29  0.72   3.44e-03   3.24e-03   3.65e-03  0.00  0.00  0.00   0.00e+00   0.00e+00   0.00e+00  0.3070  0.183   91.7   1.02     82
MACS_J1149.5+2223           3589   0.02   0.97  2.32  0.00  0.00  8.36  7.22  9.87  0.26  0.12  0.40   1.55e-03   1.45e-03   1.65e-03  0.00  0.00  0.00   0.00e+00   0.00e+00   0.00e+00  0.5440  0.070   75.2   0.94    142
MACS_J1149.5+2223           1656   0.02   0.97  2.32  0.00  0.00  8.36  7.22  9.87  0.26  0.12  0.40   1.55e-03   1.45e-03   1.65e-03  0.00  0.00  0.00   0.00e+00   0.00e+00   0.00e+00  0.5440  0.070   75.2   0.94    142
MACS_J1206.2-0847           3277   0.01   1.08  4.15  0.00  0.00 11.93 10.05 14.49  0.33  0.16  0.49   3.65e-03   3.50e-03   3.80e-03  0.00  0.00  0.00   0.00e+00   0.00e+00   0.00e+00  0.4400  0.188   95.7   1.15    126
MACS_J1226.8+2153           3590   0.02   1.08  1.82  0.00  0.00  5.84  3.70  9.29  0.00  0.00  0.44   5.83e-04   4.85e-04   7.33e-04  0.00  0.00  0.00   0.00e+00   0.00e+00   0.00e+00  0.3700  0.021   78.0   1.36     13
MACS_J1311.0-0310           3258   0.01   0.83  2.18  0.00  0.00  5.92  5.32  6.62  0.45  0.33  0.59   1.15e-03   1.07e-03   1.24e-03  0.00  0.00  0.00   0.00e+00   0.00e+00   0.00e+00  0.4940  0.053   83.0   1.00    137
MACS_J1311.0-0310           6110   0.01   0.83  2.18  0.00  0.00  5.92  5.32  6.62  0.45  0.33  0.59   1.15e-03   1.07e-03   1.24e-03  0.00  0.00  0.00   0.00e+00   0.00e+00   0.00e+00  0.4940  0.053   83.0   1.00    137
MACS_J1319+7003             3278   0.02   1.19  1.53  0.00  0.00 10.12  7.34 15.62  0.07  0.00  0.42   1.39e-03   1.26e-03   1.52e-03  0.00  0.00  0.00   0.00e+00   0.00e+00   0.00e+00  0.3275  0.066   83.8  42.99     40
MACS_J1427.2+4407           6112   0.21   0.96  1.41  0.00  0.00  8.83  6.02 14.38  0.10  0.00  0.47   1.34e-03   1.18e-03   1.50e-03  0.00  0.00  0.00   0.00e+00   0.00e+00   0.00e+00  0.4771  0.061   90.3   0.58     18
MACS_J1427.6-2521           3279   0.02   1.46  6.11  0.00  0.00  5.54  3.77  9.35  0.06  0.00  0.35   1.01e-03   8.16e-04   1.27e-03  0.00  0.00  0.00   0.00e+00   0.00e+00   0.00e+00  0.2200  0.029   79.4   1.15     20
MACS_J1621.3+3810           6109   0.01   1.25  1.07  0.00  0.00  7.75  6.86  8.87  0.37  0.24  0.50   1.30e-03   1.23e-03   1.37e-03  0.00  0.00  0.00   0.00e+00   0.00e+00   0.00e+00  0.4650  0.064   92.8   0.92    176
MACS_J1621.3+3810           6172   0.01   1.25  1.07  0.00  0.00  7.75  6.86  8.87  0.37  0.24  0.50   1.30e-03   1.23e-03   1.37e-03  0.00  0.00  0.00   0.00e+00   0.00e+00   0.00e+00  0.4650  0.064   92.8   0.92    176
MACS_J1621.3+3810           3254   0.01   1.25  1.07  0.00  0.00  7.75  6.86  8.87  0.37  0.24  0.50   1.30e-03   1.23e-03   1.37e-03  0.00  0.00  0.00   0.00e+00   0.00e+00   0.00e+00  0.4650  0.064   92.8   0.92    176
MACS_J1621.3+3810           3594   0.01   1.25  1.07  0.00  0.00  7.75  6.86  8.87  0.37  0.24  0.50   1.30e-03   1.23e-03   1.37e-03  0.00  0.00  0.00   0.00e+00   0.00e+00   0.00e+00  0.4650  0.064   92.8   0.92    176
MACS_J1731.6+2252           3281   0.24   1.20  6.48  0.00  0.00 10.50  8.04 15.26  0.52  0.19  0.88   1.22e-03   1.11e-03   1.32e-03  0.00  0.00  0.00   0.00e+00   0.00e+00   0.00e+00  0.3661  0.063   87.9   0.98     45
MACS_J1931.8-2634           3282   0.02   1.47  9.13  0.00  0.00  6.86  5.71  8.44  0.24  0.12  0.36   5.38e-03   4.92e-03   5.89e-03  0.00  0.00  0.00   0.00e+00   0.00e+00   0.00e+00  0.3520  0.149   94.5   1.07     70
MACS_J2046.0-3430           5816   0.22   0.83  4.98  0.00  0.00  6.23  3.93  8.80  0.00  0.00  0.62   1.09e-03   9.57e-04   1.28e-03  0.00  0.00  0.00   0.00e+00   0.00e+00   0.00e+00  0.4133  0.045   89.0   1.14     15
MACS_J2049.9-3217           3283   0.25   1.36  5.99  0.00  0.00 11.48  9.06 15.50  0.47  0.21  0.76   1.75e-03   1.64e-03   1.87e-03  0.00  0.00  0.00   0.00e+00   0.00e+00   0.00e+00  0.3254  0.093   89.1   0.90     75
MACS_J2211.7-0349           3284   0.02   1.89  5.86  0.00  0.00 13.77 11.37 17.26  0.17  0.00  0.35   5.84e-03   5.61e-03   6.06e-03  0.00  0.00  0.00   0.00e+00   0.00e+00   0.00e+00  0.2700  0.303   93.1   1.34    147
MACS_J2214.9-1359           3259   0.01   1.02  3.32  0.00  0.00  9.97  8.47 12.14  0.32  0.15  0.49   2.05e-03   1.94e-03   2.17e-03  0.00  0.00  0.00   0.00e+00   0.00e+00   0.00e+00  0.5026  0.099   92.2   1.01    107
MACS_J2214.9-1359           5011   0.01   1.02  3.32  0.00  0.00  9.97  8.47 12.14  0.32  0.15  0.49   2.05e-03   1.94e-03   2.17e-03  0.00  0.00  0.00   0.00e+00   0.00e+00   0.00e+00  0.5026  0.099   92.2   1.01    107
MACS_J2228+2036             3285   0.01   1.18  4.52  0.00  0.00 10.04  7.79 14.00  0.48  0.26  0.76   2.10e-03   1.90e-03   2.34e-03  0.00  0.00  0.00   0.00e+00   0.00e+00   0.00e+00  0.4120  0.065   92.3   0.96     47
MACS_J2229.7-2755           3286   0.02   1.33  1.34  0.00  0.00  6.07  4.89  7.83  0.56  0.35  0.79   2.23e-03   1.97e-03   2.54e-03  0.00  0.00  0.00   0.00e+00   0.00e+00   0.00e+00  0.3240  0.068   91.2   1.02     38
MACS_J2243.3-0935           3260   0.66   3.63  4.31  0.00  0.00  8.81  6.14 13.12  0.00  0.00  0.38   2.05e-03   1.91e-03   2.23e-03  0.00  0.00  0.00   0.00e+00   0.00e+00   0.00e+00  0.1010  0.100   66.0   1.27     95
MACS_J2245.0+2637           3287   0.02   1.19  5.50  0.00  0.00  7.05  5.97  8.36  0.66  0.44  0.91   2.38e-03   2.20e-03   2.56e-03  0.00  0.00  0.00   0.00e+00   0.00e+00   0.00e+00  0.3040  0.122   92.9   0.95     60
MACS_J2311+0338             3288   0.02   0.92  5.23  0.00  0.00 11.76  7.95 19.81  0.59  0.22  1.28   2.07e-03   1.79e-03   2.38e-03  0.00  0.00  0.00   0.00e+00   0.00e+00   0.00e+00  0.2998  0.073   92.4   0.96     31
MKW3S                        900   1.37   5.88  3.05  0.00  0.00  4.58  4.41  4.77  0.32  0.27  0.36   1.60e-02   1.57e-02   1.64e-02  0.00  0.00  0.00   0.00e+00   0.00e+00   0.00e+00  0.0450  0.624   88.3   0.93    336
MS_0016.9+1609               520   0.01   1.32  4.06  0.00  0.00 11.73  9.89 14.71  0.34  0.21  0.47   2.47e-03   2.35e-03   2.61e-03  0.00  0.00  0.00   0.00e+00   0.00e+00   0.00e+00  0.5410  0.064   88.8   0.92    137
MS_0440.5+0204              4196   0.02   2.51  9.10  0.00  0.00  4.45  3.08  6.06  0.19  0.00  0.75   2.65e-03   2.23e-03   3.05e-03  0.00  0.00  0.00   0.00e+00   0.00e+00   0.00e+00  0.1900  0.101   26.3  61.18     83
MS_0451.6-0305               902   0.01   1.23  5.68  0.00  0.00 11.55  9.64 14.43  0.50  0.34  0.70   2.66e-03   2.49e-03   2.85e-03  0.00  0.00  0.00   0.00e+00   0.00e+00   0.00e+00  0.5386  0.076   71.7   0.94    108
MS_0735.6+7421              4197   0.02   1.78  3.40  0.00  0.00  6.47  5.82  7.22  0.34  0.26  0.43   3.87e-03   3.69e-03   4.07e-03  0.00  0.00  0.00   0.00e+00   0.00e+00   0.00e+00  0.2160  0.145   74.0   1.08    188
MS_0839.8+2938              2224   0.02   1.61  3.92  0.00  0.00  4.64  3.93  5.58  0.37  0.22  0.53   2.35e-03   2.12e-03   2.62e-03  0.00  0.00  0.00   0.00e+00   0.00e+00   0.00e+00  0.1940  0.079   69.0   0.91     82
MS_0906.5+1110               924   0.02   2.71  3.60  0.00  0.00  6.94  6.02  8.17  0.32  0.19  0.44   3.98e-03   3.75e-03   4.22e-03  0.00  0.00  0.00   0.00e+00   0.00e+00   0.00e+00  0.1630  0.145   82.4   0.97    151
MS_1006.0+1202               925   0.02   1.98  3.63  0.00  0.00  7.76  6.20 10.01  0.27  0.12  0.43   2.31e-03   2.11e-03   2.54e-03  0.00  0.00  0.00   0.00e+00   0.00e+00   0.00e+00  0.2210  0.080   82.6   1.24     89
MS_1008.1-1224               926   0.27   1.50  6.71  0.00  0.00  9.88  8.18 12.42  0.28  0.10  0.48   1.57e-03   1.49e-03   1.67e-03  0.00  0.00  0.00   0.00e+00   0.00e+00   0.00e+00  0.3010  0.078   83.5   1.08    110
MS_1054.5-0321               512   0.01   1.28  3.69  0.00  0.00 14.17  9.24 26.23  0.07  0.00  0.32   1.14e-03   1.03e-03   1.29e-03  0.00  0.00  0.00   0.00e+00   0.00e+00   0.00e+00  0.8300  0.023   51.2   0.85     84
MS_1455.0+2232              4192   0.02   1.41  3.35  0.00  0.00  5.81  5.45  6.23  0.46  0.40  0.52   4.02e-03   3.87e-03   4.17e-03  0.00  0.00  0.00   0.00e+00   0.00e+00   0.00e+00  0.2590  0.120   94.7   1.12    236
MS_1621.5+2640               546   0.01   1.32  3.59  0.00  0.00  5.10  3.83  7.14  0.38  0.17  0.62   9.79e-04   8.03e-04   1.23e-03  0.00  0.00  0.00   0.00e+00   0.00e+00   0.00e+00  0.4260  0.022   74.8   0.98     30
MS_2053.7-0449              1667   0.01   1.28  5.16  0.00  0.00  5.37  4.18  7.10  0.19  0.00  0.45   3.59e-04   3.15e-04   4.11e-04  0.00  0.00  0.00   0.00e+00   0.00e+00   0.00e+00  0.5830  0.013   65.8   0.94     54
MS_2053.7-0449               551   0.01   1.28  5.16  0.00  0.00  5.37  4.18  7.10  0.19  0.00  0.45   3.59e-04   3.15e-04   4.11e-04  0.00  0.00  0.00   0.00e+00   0.00e+00   0.00e+00  0.5830  0.013   65.8   0.94     54
MS_2137.3-2353              4974   0.02   1.46  3.40  0.00  0.00  7.56  6.10 10.35  0.28  0.11  0.43   2.95e-03   2.70e-03   3.23e-03  0.00  0.00  0.00   0.00e+00   0.00e+00   0.00e+00  0.3130  0.102   69.6   1.28     70
MS_J1157.3+5531             4964   0.80   3.09  1.22  0.00  0.00 10.57  7.24 16.99  2.33  1.12  5.96   3.49e-04   2.51e-04   4.23e-04  0.00  0.00  0.00   0.00e+00   0.00e+00   0.00e+00  0.0810  0.031   37.8   1.15    166
NGC_6338                    4194   2.16   7.87  2.60  0.00  0.00  3.03  2.79  3.33  0.29  0.13  0.47   5.90e-03   5.44e-03   6.44e-03  0.00  0.00  0.00   0.00e+00   0.00e+00   0.00e+00  0.0280  0.185   54.6   1.00    335
PKS_0745-191                6103   0.64   4.11 40.80  0.00  0.00  9.69  8.96 10.53  0.44  0.36  0.52   4.05e-02   3.96e-02   4.14e-02  0.00  0.00  0.00   0.00e+00   0.00e+00   0.00e+00  0.1028  1.935   93.9   0.97    301
RBS_0797                    2202   0.02   1.36  2.22  0.00  0.00  8.62  6.93 11.22  0.23  0.09  0.39   4.96e-03   4.53e-03   5.46e-03  0.00  0.00  0.00   0.00e+00   0.00e+00   0.00e+00  0.3540  0.149   93.5   0.83     62
RDCS_1252-29                4198   0.01   0.38  6.06  0.00  0.00  4.94  2.12 14.78  0.98  0.10 10.00   6.83e-05   0.00e+00   3.03e-04  0.00  0.00  0.00   0.00e+00   0.00e+00   0.00e+00  1.2370  0.000   60.9   0.28      2
RX_J0232.2-4420             4993   0.28   1.62  2.53  0.00  0.00 10.54  8.80 13.07  0.40  0.22  0.58   4.34e-03   4.13e-03   4.54e-03  0.00  0.00  0.00   0.00e+00   0.00e+00   0.00e+00  0.2836  0.224   91.0   0.98    121
RX_J0340-4542               6954   0.79   3.15  1.63  0.00  0.00  2.75  2.08  3.90  0.31  0.00  1.28   1.21e-03   8.57e-04   1.73e-03  0.00  0.00  0.00   0.00e+00   0.00e+00   0.00e+00  0.0818  0.038   48.4   1.30     56
RX_J0439+0520                527   0.02   1.69 10.02  0.00  0.00  5.37  4.13  7.40  0.26  0.03  0.52   2.64e-03   2.28e-03   3.08e-03  0.00  0.00  0.00   0.00e+00   0.00e+00   0.00e+00  0.2080  0.078   85.8   0.81     29
RX_J0439.0+0715             3583   0.02   1.99 11.16  0.00  0.00  8.21  7.25  9.50  0.31  0.18  0.43   4.36e-03   4.17e-03   4.55e-03  0.00  0.00  0.00   0.00e+00   0.00e+00   0.00e+00  0.2300  0.211   87.2   1.14    176
RX_J0439.0+0715             1449   0.02   1.99 11.16  0.00  0.00  8.21  7.25  9.50  0.31  0.18  0.43   4.36e-03   4.17e-03   4.55e-03  0.00  0.00  0.00   0.00e+00   0.00e+00   0.00e+00  0.2300  0.211   87.2   1.14    176
RX_J0528.9-3927             4994   0.30   1.93  2.36  0.00  0.00  9.84  8.03 12.76  0.24  0.04  0.42   3.66e-03   3.48e-03   3.86e-03  0.00  0.00  0.00   0.00e+00   0.00e+00   0.00e+00  0.2632  0.186   88.8   1.04    103
RX_J0647.7+7015             3196   0.01   0.92  5.18  0.00  0.00 11.18  9.41 13.64  0.25  0.06  0.43   1.73e-03   1.64e-03   1.84e-03  0.00  0.00  0.00   0.00e+00   0.00e+00   0.00e+00  0.5840  0.082   88.3   0.92    113
RX_J0647.7+7015             3584   0.01   0.92  5.18  0.00  0.00 11.18  9.41 13.64  0.25  0.06  0.43   1.73e-03   1.64e-03   1.84e-03  0.00  0.00  0.00   0.00e+00   0.00e+00   0.00e+00  0.5840  0.082   88.3   0.92    113
RX_J0819.6+6336             2199   0.03   2.45  4.11  0.00  0.00  3.24  2.58  4.50  0.25  0.00  0.64   2.85e-03   2.31e-03   3.55e-03  0.00  0.00  0.00   0.00e+00   0.00e+00   0.00e+00  0.1190  0.084   50.7   1.00     49
RX_J0910+5422               2452   0.01   0.34  2.07  0.00  0.00  5.00  2.97 10.09  0.32  0.00  2.08   4.06e-05   2.73e-05   5.91e-05  0.00  0.00  0.00   0.00e+00   0.00e+00   0.00e+00  1.1000  0.001   42.4   0.56     11
RX_J0910+5422               2227   0.01   0.34  2.07  0.00  0.00  5.00  2.97 10.09  0.32  0.00  2.08   4.06e-05   2.73e-05   5.91e-05  0.00  0.00  0.00   0.00e+00   0.00e+00   0.00e+00  1.1000  0.001   42.4   0.56     11
RX_J1347.5-1145             3592   0.01   1.53  4.89  0.00  0.00 17.32 15.92 19.05  0.33  0.25  0.42   9.40e-03   9.16e-03   9.64e-03  0.00  0.00  0.00   0.00e+00   0.00e+00   0.00e+00  0.4510  0.575   96.1   1.11    467
RX_J1347.5-1145              507   0.01   1.53  4.89  0.00  0.00 17.32 15.92 19.05  0.33  0.25  0.42   9.40e-03   9.16e-03   9.64e-03  0.00  0.00  0.00   0.00e+00   0.00e+00   0.00e+00  0.4510  0.575   96.1   1.11    467
RX_J1350+6007               2229   0.01   0.50  1.77  0.00  0.00  3.29  1.36 13.81  0.45  0.00 10.00   1.61e-04   0.00e+00   4.78e-04  0.00  0.00  0.00   0.00e+00   0.00e+00   0.00e+00  0.8040  0.001   66.9   0.14      1
RX_J1423.8+2404             1657   0.01   1.02  2.65  0.00  0.00  7.19  6.67  7.78  0.38  0.30  0.45   1.49e-03   1.45e-03   1.54e-03  0.00  0.00  0.00   0.00e+00   0.00e+00   0.00e+00  0.5450  0.081   90.9   0.90    233
RX_J1423.8+2404             4195   0.01   1.02  2.65  0.00  0.00  7.19  6.67  7.78  0.38  0.30  0.45   1.49e-03   1.45e-03   1.54e-03  0.00  0.00  0.00   0.00e+00   0.00e+00   0.00e+00  0.5450  0.081   90.9   0.90    233
RX_J1504.1-0248             5793   0.02   2.28  6.27  0.00  0.00  8.52  8.02  9.10  0.39  0.34  0.44   1.70e-02   1.66e-02   1.74e-02  0.00  0.00  0.00   0.00e+00   0.00e+00   0.00e+00  0.2150  0.618   95.3   1.17    301
RX_J1525+0958               1664   0.20   0.79  2.96  0.00  0.00  9.10  5.85 16.72  0.18  0.00  0.61   2.76e-04   2.43e-04   3.12e-04  0.00  0.00  0.00   0.00e+00   0.00e+00   0.00e+00  0.5160  0.013   83.3   2.05     25
RX_J1532.9+3021             1665   0.02   1.27  2.21  0.00  0.00  7.20  6.43  8.14  0.44  0.32  0.57   4.35e-03   4.12e-03   4.58e-03  0.00  0.00  0.00   0.00e+00   0.00e+00   0.00e+00  0.3450  0.215   83.6   1.02    146
RX_J1532.9+3021             1649   0.02   1.27  2.21  0.00  0.00  7.20  6.43  8.14  0.44  0.32  0.57   4.35e-03   4.12e-03   4.58e-03  0.00  0.00  0.00   0.00e+00   0.00e+00   0.00e+00  0.3450  0.215   83.6   1.02    146
RX_J1716.9+6708              548   0.01   1.11  3.71  0.00  0.00  6.21  3.95 10.24  0.57  0.23  1.19   4.44e-04   3.13e-04   6.75e-04  0.00  0.00  0.00   0.00e+00   0.00e+00   0.00e+00  0.8100  0.007   63.7   0.92     22
RX_J1720.1+2638             4361   0.02   2.23  4.02  0.00  0.00  7.71  6.99  8.55  0.40  0.31  0.48   9.24e-03   8.90e-03   9.61e-03  0.00  0.00  0.00   0.00e+00   0.00e+00   0.00e+00  0.1640  0.365   94.3   0.96    225
RX_J1720.2+3536             7225   0.01   1.01  3.35  0.00  0.00  7.40  6.69  8.26  0.44  0.34  0.56   1.88e-03   1.64e-03   2.12e-03  0.00  0.00  0.00   0.00e+00   0.00e+00   0.00e+00  0.3913  0.095   93.9   0.94    230
RX_J1720.2+3536             3280   0.01   1.01  3.35  0.00  0.00  7.40  6.69  8.26  0.44  0.34  0.56   1.88e-03   1.64e-03   2.12e-03  0.00  0.00  0.00   0.00e+00   0.00e+00   0.00e+00  0.3913  0.095   93.9   0.94    230
RX_J1720.2+3536             6107   0.01   1.01  3.35  0.00  0.00  7.40  6.69  8.26  0.44  0.34  0.56   1.88e-03   1.64e-03   2.12e-03  0.00  0.00  0.00   0.00e+00   0.00e+00   0.00e+00  0.3913  0.095   93.9   0.94    230
RX_J2011.3-5725             4995   0.29   1.16  4.76  0.00  0.00  3.93  3.23  4.91  0.50  0.21  0.88   1.15e-03   1.03e-03   1.29e-03  0.00  0.00  0.00   0.00e+00   0.00e+00   0.00e+00  0.2786  0.046   84.9   1.08     39
RX_J2129.6+0005              552   0.02   2.37  4.30  0.00  0.00  7.19  5.98  8.87  0.57  0.39  0.78   5.27e-03   4.83e-03   5.75e-03  0.00  0.00  0.00   0.00e+00   0.00e+00   0.00e+00  0.2350  0.191   87.7   1.34     71
S0463                       6956   0.07   2.80  1.06  0.00  0.00  3.92  2.98  5.08  0.17  0.00  0.57   1.00e-01   0.00e+00   1.00e+24  0.00  0.00  0.00   0.00e+00   0.00e+00   0.00e+00  0.0986  0.100   54.2  82.37     76
S0463                       7250   0.07   2.80  1.06  0.00  0.00  3.92  2.98  5.08  0.17  0.00  0.57   1.00e-01   0.00e+00   1.00e+24  0.00  0.00  0.00   0.00e+00   0.00e+00   0.00e+00  0.0986  0.100   54.2  82.37     76
TRIANG_AUSTR                1281   1.22   9.01 13.27  0.00  0.00 14.68 13.60 15.86  0.00  0.00  0.02   8.16e-02   8.09e-02   8.20e-02  0.00  0.00  0.00   0.00e+00   0.00e+00   0.00e+00  0.0510  3.854   88.4   1.89    343
V_1121.0+2327               1660   0.01   1.02  1.30  0.00  0.00  4.70  3.53  7.70  0.35  0.02  0.72   3.37e-04   2.50e-04   4.39e-04  0.00  0.00  0.00   0.00e+00   0.00e+00   0.00e+00  0.5600  0.006   74.0   0.87     20
ZWCL_1215                   4184   0.06   3.25  1.76  0.00  0.00  7.64  6.64  8.98  0.43  0.29  0.57   9.81e-03   9.31e-03   1.03e-02  0.00  0.00  0.00   0.00e+00   0.00e+00   0.00e+00  0.0750  0.435   91.8   1.04    167
ZWCL_1358+6245               516   0.02   1.51  1.94  0.00  0.00  9.04  7.58 11.13  0.50  0.30  0.72   1.97e-03   1.87e-03   2.09e-03  0.00  0.00  0.00   0.00e+00   0.00e+00   0.00e+00  0.3280  0.115   53.1 119.76    133
ZWCL_1953                   1659   0.02   1.95  3.10  0.00  0.00 15.12  9.67 26.57  0.06  0.00  0.32   2.74e-03   2.55e-03   2.94e-03  0.00  0.00  0.00   0.00e+00   0.00e+00   0.00e+00  0.3800  0.084   82.0   0.74     72
ZWCL_3146                    909   0.02   2.19  2.70  0.00  0.00  8.99  8.21  9.93  0.31  0.25  0.38   8.17e-03   7.91e-03   8.44e-03  0.00  0.00  0.00   0.00e+00   0.00e+00   0.00e+00  0.2900  0.279   91.7   0.97    269
ZWCL_5247                    539   0.02   2.12  1.70  0.00  0.00  4.39  3.18  6.69  0.26  0.00  0.59   2.19e-03   1.73e-03   2.79e-03  0.00  0.00  0.00   0.00e+00   0.00e+00   0.00e+00  0.2290  0.053   78.1   0.93     22
ZWCL_7160                    543   0.02   2.07  3.10  0.00  0.00  6.82  5.38  9.08  0.36  0.18  0.59   3.91e-03   3.45e-03   4.43e-03  0.00  0.00  0.00   0.00e+00   0.00e+00   0.00e+00  0.2578  0.126   87.9   0.76     49
ZWICKY_2701                 3195   0.02   1.64  0.83  0.00  0.00  4.96  4.27  5.83  0.44  0.30  0.59   2.89e-03   2.64e-03   3.16e-03  0.00  0.00  0.00   0.00e+00   0.00e+00   0.00e+00  0.2100  0.100   70.3   0.76     86
ZwCL_1332.8+5043            5772   0.12   1.07  1.10  0.00  0.00  2.86  1.65  6.82  0.57  0.00 65.57   4.34e-04   0.00e+00   9.32e-04  0.00  0.00  0.00   0.00e+00   0.00e+00   0.00e+00  0.6200  0.013   60.5   0.95      2
ZwCl_0848.5+3341            4205   0.24   1.18  1.12  0.00  0.00  6.41  4.53 10.20  0.50  0.00  1.10   6.92e-04   5.78e-04   8.16e-04  0.00  0.00  0.00   0.00e+00   0.00e+00   0.00e+00  0.3706  0.040   47.8   1.01     18
