# Model: wabs(mekal) for inner50 spectra; Fit Range = 0.7 - 7.0; Count Rates = 0.7 - 7.0 keV
# Nh frozen = yes; Fe frozen = no; Confidence Levels = 1.0; Systematic error = 0.00
# Cluster                  ObsID    Rin   Rout  nh20   nlo   nhi    Tx   Tlo   Thi    Fe  Felo  Fehi       Norm     Normlo     Normhi   Tx2  Tlo2  Thi2      Norm2    Normlo2    Normhi2       z     Cr   Src%   cash    dof
1E0657_56                   5356   0.19   0.19  6.53  0.00  0.00 12.46 11.52 13.62  0.37  0.26  0.48   3.15e-04   3.06e-04   3.23e-04  0.00  0.00  0.00   0.00e+00   0.00e+00   0.00e+00  0.2960  0.029   98.3 1384.51   1293
1E0657_56                   3184   0.19   0.19  6.53  0.00  0.00 12.46 11.52 13.62  0.37  0.26  0.48   3.15e-04   3.06e-04   3.23e-04  0.00  0.00  0.00   0.00e+00   0.00e+00   0.00e+00  0.2960  0.029   98.3 1384.51   1293
1E0657_56                   5361   0.19   0.19  6.53  0.00  0.00 12.46 11.52 13.62  0.37  0.26  0.48   3.15e-04   3.06e-04   3.23e-04  0.00  0.00  0.00   0.00e+00   0.00e+00   0.00e+00  0.2960  0.029   98.3 1384.51   1293
1RXS_J2129.4-0741           3199   0.13   0.13  4.36  0.00  0.00  7.63  6.24  9.87  0.20  0.00  0.47   2.20e-04   2.00e-04   2.42e-04  0.00  0.00  0.00   0.00e+00   0.00e+00   0.00e+00  0.5700  0.014   98.1 629.99    862
1RXS_J2129.4-0741           3595   0.13   0.13  4.36  0.00  0.00  7.63  6.24  9.87  0.20  0.00  0.47   2.20e-04   2.00e-04   2.42e-04  0.00  0.00  0.00   0.00e+00   0.00e+00   0.00e+00  0.5700  0.014   98.1 629.99    862
2PIGG_J0011.5-2850          5797   0.00   0.61  2.18  0.00  0.00  5.26  4.88  5.74  0.53  0.37  0.74   8.02e-04   7.61e-04   8.39e-04  0.00  0.00  0.00   0.00e+00   0.00e+00   0.00e+00  0.0753  0.103   94.9 470.98    431
2PIGG_J0311.8-2655          5799   0.00   0.73  1.46  0.00  0.00  3.54  3.25  3.95  0.60  0.37  0.91   1.80e-04   1.62e-04   1.97e-04  0.00  0.00  0.00   0.00e+00   0.00e+00   0.00e+00  0.0618  0.024   77.4 454.57    431
2PIGG_J2227.0-3041          5798   0.00   0.62  1.11  0.00  0.00  2.04  1.99  2.09  0.55  0.48  0.62   2.35e-03   2.24e-03   2.45e-03  0.00  0.00  0.00   0.00e+00   0.00e+00   0.00e+00  0.0729  0.280   98.0 493.35    431
3C_220.1                     839   0.00   0.12  1.91  0.00  0.00  7.39  6.48  8.55  0.00  0.00  0.06   6.40e-04   6.16e-04   6.63e-04  0.00  0.00  0.00   0.00e+00   0.00e+00   0.00e+00  0.6100  0.058   97.8 399.90    431
3C_28.0                     3233   0.00   0.25  5.71  0.00  0.00  3.01  2.92  3.10  0.62  0.53  0.72   9.70e-04   9.31e-04   1.01e-03  0.00  0.00  0.00   0.00e+00   0.00e+00   0.00e+00  0.1952  0.097   99.2 534.27    431
3C_295                      2254   0.00   0.14  1.35  0.00  0.00  4.53  4.35  4.73  0.66  0.56  0.78   6.07e-04   5.85e-04   6.25e-04  0.00  0.00  0.00   0.00e+00   0.00e+00   0.00e+00  0.4641  0.049   99.5 507.15    431
3C_388                      5295   0.00   0.49  6.11  0.00  0.00  3.10  2.98  3.23  1.24  1.05  1.46   6.76e-04   6.33e-04   7.19e-04  0.00  0.00  0.00   0.00e+00   0.00e+00   0.00e+00  0.0917  0.098   97.3 422.14    431
4C_55.16                    4940   0.00   0.22  4.00  0.00  0.00  3.45  3.39  3.52  0.81  0.75  0.88   1.39e-03   1.36e-03   1.42e-03  0.00  0.00  0.00   0.00e+00   0.00e+00   0.00e+00  0.2420  0.196   98.1 472.53    431
ABELL_0013                  4945   0.00   0.50  2.03  0.00  0.00  5.87  5.48  6.31  0.64  0.48  0.83   3.69e-04   3.55e-04   3.84e-04  0.00  0.00  0.00   0.00e+00   0.00e+00   0.00e+00  0.0940  0.064   75.9 449.49    431
ABELL_0068                  3250   0.00   0.21  4.60  0.00  0.00  8.83  6.94 12.33  0.76  0.30  1.46   2.62e-04   2.30e-04   2.90e-04  0.00  0.00  0.00   0.00e+00   0.00e+00   0.00e+00  0.2546  0.027   97.8 323.51    431
ABELL_0119                  4180   0.00   1.00  3.30  0.00  0.00  5.73  5.16  6.51  0.64  0.40  1.01   7.15e-04   6.60e-04   7.62e-04  0.00  0.00  0.00   0.00e+00   0.00e+00   0.00e+00  0.0442  0.100   88.4 455.76    431
ABELL_0168                  3203   0.98   0.98  3.27  0.00  0.00  2.98  2.73  3.31  0.42  0.25  0.63   1.87e-04   1.70e-04   2.04e-04  0.00  0.00  0.00   0.00e+00   0.00e+00   0.00e+00  0.0450  0.023   56.8 926.05    862
ABELL_0168                  3204   0.98   0.98  3.27  0.00  0.00  2.98  2.73  3.31  0.42  0.25  0.63   1.87e-04   1.70e-04   2.04e-04  0.00  0.00  0.00   0.00e+00   0.00e+00   0.00e+00  0.0450  0.023   56.8 926.05    862
ABELL_0209                  3579   0.25   0.25  1.68  0.00  0.00  7.85  6.77  9.29  0.49  0.26  0.79   3.66e-04   3.40e-04   3.93e-04  0.00  0.00  0.00   0.00e+00   0.00e+00   0.00e+00  0.2060  0.039   98.8 755.72    862
ABELL_0209                   522   0.25   0.25  1.68  0.00  0.00  7.85  6.77  9.29  0.49  0.26  0.79   3.66e-04   3.40e-04   3.93e-04  0.00  0.00  0.00   0.00e+00   0.00e+00   0.00e+00  0.2060  0.039   98.8 755.72    862
ABELL_0267                  3580   0.23   0.23  2.74  0.00  0.00  7.33  6.42  8.52  0.62  0.36  0.91   3.53e-04   3.32e-04   3.80e-04  0.00  0.00  0.00   0.00e+00   0.00e+00   0.00e+00  0.2300  0.037   97.7 756.05    862
ABELL_0267                  1448   0.23   0.23  2.74  0.00  0.00  7.33  6.42  8.52  0.62  0.36  0.91   3.53e-04   3.32e-04   3.80e-04  0.00  0.00  0.00   0.00e+00   0.00e+00   0.00e+00  0.2300  0.037   97.7 756.05    862
ABELL_0370                   515   0.00   0.16  3.37  0.00  0.00  5.10  4.15  5.99  0.00  0.00  0.40   8.22e-05   7.30e-05   8.72e-05  0.00  0.00  0.00   0.00e+00   0.00e+00   0.00e+00  0.3747  0.010   90.3 369.77    431
ABELL_0383                  2321   0.00   0.26  4.07  0.00  0.00  3.28  3.18  3.38  0.94  0.84  1.06   1.85e-03   1.78e-03   1.92e-03  0.00  0.00  0.00   0.00e+00   0.00e+00   0.00e+00  0.1871  0.319   98.4 467.57    431
ABELL_0399                  3230   0.00   0.61 11.51  0.00  0.00  7.27  6.75  7.95  0.42  0.29  0.59   5.85e-04   5.63e-04   6.01e-04  0.00  0.00  0.00   0.00e+00   0.00e+00   0.00e+00  0.0716  0.064   96.2 457.57    431
ABELL_0401                   518   0.00   0.61 12.48  0.00  0.00  7.20  6.63  7.94  0.53  0.35  0.78   1.63e-03   1.57e-03   1.71e-03  0.00  0.00  0.00   0.00e+00   0.00e+00   0.00e+00  0.0745  0.211   96.3 463.09    431
ABELL_0478                  6102   0.00   0.51 30.90  0.00  0.00  5.35  5.20  5.52  0.50  0.44  0.56   1.43e-02   1.40e-02   1.45e-02  0.00  0.00  0.00   0.00e+00   0.00e+00   0.00e+00  0.0883  1.358   99.7 467.26    431
ABELL_0514                  3578   0.00   0.63  3.14  0.00  0.00  5.61  4.20  9.44  0.53  0.00  1.73   4.00e-05   3.09e-05   4.80e-05  0.00  0.00  0.00   0.00e+00   0.00e+00   0.00e+00  0.0720  0.005   62.0 354.65    431
ABELL_0520                  4215   0.00   0.25  7.84  0.00  0.00  7.68  6.60  9.19  0.39  0.16  0.67   1.51e-04   1.43e-04   1.61e-04  0.00  0.00  0.00   0.00e+00   0.00e+00   0.00e+00  0.2020  0.014   94.6 449.11    431
ABELL_0521                   430   0.00   0.21  6.17  0.00  0.00  3.73  3.02  4.77  0.00  0.00  0.22   1.30e-04   1.17e-04   1.41e-04  0.00  0.00  0.00   0.00e+00   0.00e+00   0.00e+00  0.2533  0.015   78.1 345.42    431
ABELL_0586                   530   0.00   0.29  4.71  0.00  0.00  7.76  6.84  8.94  0.33  0.15  0.56   1.06e-03   1.01e-03   1.12e-03  0.00  0.00  0.00   0.00e+00   0.00e+00   0.00e+00  0.1710  0.117   98.8 425.74    431
ABELL_0611                  3194   0.00   0.19  4.99  0.00  0.00  6.40  5.93  6.97  0.40  0.28  0.55   5.82e-04   5.60e-04   6.02e-04  0.00  0.00  0.00   0.00e+00   0.00e+00   0.00e+00  0.2880  0.074   96.1 504.72    431
ABELL_0644                  2211   0.00   0.62  6.31  0.00  0.00  7.09  6.84  7.36  0.52  0.45  0.60   3.99e-03   3.92e-03   4.05e-03  0.00  0.00  0.00   0.00e+00   0.00e+00   0.00e+00  0.0698  0.509   98.9 492.20    431
ABELL_0665                  3586   0.00   0.27  4.24  0.00  0.00  8.50  7.44  9.84  0.18  0.01  0.38   5.26e-04   5.03e-04   5.49e-04  0.00  0.00  0.00   0.00e+00   0.00e+00   0.00e+00  0.1810  0.052   98.2 482.04    431
ABELL_0697                  4217   0.00   0.20  3.34  0.00  0.00 13.54 10.13 18.44  0.00  0.00  0.20   3.18e-04   3.04e-04   3.32e-04  0.00  0.00  0.00   0.00e+00   0.00e+00   0.00e+00  0.2820  0.028   98.6 426.93    431
ABELL_0773                  5006   0.00   0.24  1.46  0.00  0.00  8.70  7.32 10.69  0.00  0.00  0.07   3.72e-04   3.58e-04   3.87e-04  0.00  0.00  0.00   0.00e+00   0.00e+00   0.00e+00  0.2170  0.036   98.1 404.65    431
ABELL_0781                   534   0.00   0.19  1.90  0.00  0.00  3.17  2.59  4.13  0.00  0.00  0.20   2.47e-04   2.12e-04   2.67e-04  0.00  0.00  0.00   0.00e+00   0.00e+00   0.00e+00  0.2984  0.018   88.1 300.25    431
ABELL_0907                  3185   0.00   0.31  5.69  0.00  0.00  4.29  4.18  4.40  0.75  0.68  0.84   1.82e-03   1.78e-03   1.86e-03  0.00  0.00  0.00   0.00e+00   0.00e+00   0.00e+00  0.1527  0.210   99.4 480.97    431
ABELL_0963                   903   0.00   0.25  1.39  0.00  0.00  6.35  6.03  6.71  0.73  0.60  0.88   8.38e-04   8.10e-04   8.62e-04  0.00  0.00  0.00   0.00e+00   0.00e+00   0.00e+00  0.2056  0.139   96.9 436.64    431
ABELL_1063S                 4966   0.00   0.16  1.77  0.00  0.00 13.15 11.41 15.38  0.66  0.44  0.92   8.62e-04   8.24e-04   8.96e-04  0.00  0.00  0.00   0.00e+00   0.00e+00   0.00e+00  0.3540  0.080   99.5 425.41    431
ABELL_1068                  1652   0.00   0.34  0.71  0.00  0.00  3.14  3.08  3.21  0.64  0.59  0.70   3.67e-03   3.59e-03   3.75e-03  0.00  0.00  0.00   0.00e+00   0.00e+00   0.00e+00  0.1375  0.645   98.5 486.46    431
ABELL_1201                  4216   0.00   0.29  1.85  0.00  0.00  4.72  4.39  5.11  0.83  0.61  1.10   4.11e-04   3.85e-04   4.37e-04  0.00  0.00  0.00   0.00e+00   0.00e+00   0.00e+00  0.1688  0.068   89.7 418.33    431
ABELL_1204                  2205   0.00   0.29  1.44  0.00  0.00  3.48  3.40  3.57  0.61  0.54  0.68   3.41e-03   3.32e-03   3.50e-03  0.00  0.00  0.00   0.00e+00   0.00e+00   0.00e+00  0.1706  0.384   99.8 446.42    431
ABELL_1361                  2200   0.00   0.39  2.18  0.00  0.00  3.12  2.92  3.35  1.03  0.79  1.33   1.84e-03   1.68e-03   2.00e-03  0.00  0.00  0.00   0.00e+00   0.00e+00   0.00e+00  0.1171  0.378   96.4 390.58    431
ABELL_1423                   538   0.00   0.24  1.60  0.00  0.00  4.92  4.46  5.50  1.36  0.94  1.93   4.93e-04   4.39e-04   5.50e-04  0.00  0.00  0.00   0.00e+00   0.00e+00   0.00e+00  0.2130  0.066   98.7 440.77    431
ABELL_1651                  4185   0.00   0.52  2.02  0.00  0.00  6.72  6.28  7.25  0.68  0.52  0.87   2.55e-03   2.46e-03   2.65e-03  0.00  0.00  0.00   0.00e+00   0.00e+00   0.00e+00  0.0840  0.346   99.0 478.29    431
ABELL_1664                  1648   0.00   0.37  8.47  0.00  0.00  2.63  2.55  2.73  0.67  0.58  0.77   2.83e-03   2.71e-03   2.96e-03  0.00  0.00  0.00   0.00e+00   0.00e+00   0.00e+00  0.1276  0.445   97.6 446.84    431
ABELL_1682                  3244   0.00   0.23  1.10  0.00  0.00  6.24  3.59 13.36  0.00  0.00  0.94   1.30e-04   1.03e-04   1.54e-04  0.00  0.00  0.00   0.00e+00   0.00e+00   0.00e+00  0.2260  0.011   90.0 195.20    431
ABELL_1758                  2213   0.00   0.20  1.09  0.00  0.00  4.74  3.99  5.85  0.28  0.08  0.62   7.54e-05   6.79e-05   8.26e-05  0.00  0.00  0.00   0.00e+00   0.00e+00   0.00e+00  0.2792  0.009   77.8 326.68    431
ABELL_1763                  3591   0.00   0.27  0.82  0.00  0.00  6.45  5.59  7.67  0.26  0.07  0.52   3.40e-04   3.18e-04   3.62e-04  0.00  0.00  0.00   0.00e+00   0.00e+00   0.00e+00  0.1866  0.036   97.5 451.23    431
ABELL_1795                  5289   0.00   0.69  1.22  0.00  0.00  4.09  4.02  4.16  0.65  0.60  0.70   1.34e-02   1.32e-02   1.36e-02  0.00  0.00  0.00   0.00e+00   0.00e+00   0.00e+00  0.0625  1.810   99.7 467.99    431
ABELL_1835                   495   0.00   0.21  2.36  0.00  0.00  5.14  5.00  5.30  0.31  0.26  0.35   5.18e-03   5.10e-03   5.26e-03  0.00  0.00  0.00   0.00e+00   0.00e+00   0.00e+00  0.2532  0.733   99.7 475.53    431
ABELL_1914                  3593   0.00   0.29  0.97  0.00  0.00 10.77  9.65 12.26  0.65  0.46  0.88   1.24e-03   1.20e-03   1.29e-03  0.00  0.00  0.00   0.00e+00   0.00e+00   0.00e+00  0.1712  0.143   99.4 512.72    431
ABELL_1942                  3290   0.00   0.23  2.75  0.00  0.00  7.61  6.31  9.51  0.40  0.14  0.77   1.07e-04   9.91e-05   1.15e-04  0.00  0.00  0.00   0.00e+00   0.00e+00   0.00e+00  0.2240  0.010   94.8 400.37    431
ABELL_1995                   906   0.00   0.19  1.44  0.00  0.00  7.15  6.27  8.27  0.55  0.41  0.65   1.93e-04   1.82e-04   2.04e-04  0.00  0.00  0.00   0.00e+00   0.00e+00   0.00e+00  0.3186  0.027   92.5 427.09    431
ABELL_2029                  6101   0.00   0.57  3.26  0.00  0.00  7.05  6.82  7.28  0.75  0.67  0.83   1.34e-02   1.31e-02   1.36e-02  0.00  0.00  0.00   0.00e+00   0.00e+00   0.00e+00  0.0765  1.802   99.7 446.52    431
ABELL_2034                  2204   0.00   0.40  1.58  0.00  0.00  7.63  7.02  8.35  0.42  0.28  0.58   4.57e-04   4.42e-04   4.72e-04  0.00  0.00  0.00   0.00e+00   0.00e+00   0.00e+00  0.1130  0.058   96.8 493.72    431
ABELL_2065                 31821   0.00   0.62  2.96  0.00  0.00  4.05  3.93  4.20  0.41  0.35  0.49   2.34e-03   2.28e-03   2.40e-03  0.00  0.00  0.00   0.00e+00   0.00e+00   0.00e+00  0.0730  0.288   98.5 475.54    431
ABELL_2069                  4965   0.00   0.39  1.97  0.00  0.00  6.51  5.65  7.64  0.64  0.33  1.05   1.38e-04   1.27e-04   1.49e-04  0.00  0.00  0.00   0.00e+00   0.00e+00   0.00e+00  0.1160  0.015   88.0 418.17    431
ABELL_2111                   544   0.00   0.23  2.20  0.00  0.00  5.05  4.03  6.65  0.34  0.04  0.85   1.56e-04   1.34e-04   1.78e-04  0.00  0.00  0.00   0.00e+00   0.00e+00   0.00e+00  0.2300  0.016   94.8 280.65    431
ABELL_2125                  2207   0.00   0.21  2.75  0.00  0.00  3.55  2.37  4.58  0.70  0.00  1.55   2.86e-05   2.24e-05   4.19e-05  0.00  0.00  0.00   0.00e+00   0.00e+00   0.00e+00  0.2465  0.003   84.4 328.66    431
ABELL_2163                  1653   0.00   0.29 12.04  0.00  0.00 20.21 17.29 23.61  0.34  0.13  0.57   8.02e-04   7.70e-04   8.34e-04  0.00  0.00  0.00   0.00e+00   0.00e+00   0.00e+00  0.1695  0.074   98.6 453.55    431
ABELL_2204                  6104   0.31   0.31  5.84  0.00  0.00  4.54  4.47  4.62  0.77  0.72  0.83   9.76e-03   9.60e-03   9.92e-03  0.00  0.00  0.00   0.00e+00   0.00e+00   0.00e+00  0.1524  1.140   99.6 929.93    862
ABELL_2204                   499   0.31   0.31  5.84  0.00  0.00  4.54  4.47  4.62  0.77  0.72  0.83   9.76e-03   9.60e-03   9.92e-03  0.00  0.00  0.00   0.00e+00   0.00e+00   0.00e+00  0.1524  1.140   99.6 929.93    862
ABELL_2218                  1666   0.00   0.29  3.12  0.00  0.00 10.18  8.88 11.80  0.33  0.13  0.56   4.22e-04   4.03e-04   4.39e-04  0.00  0.00  0.00   0.00e+00   0.00e+00   0.00e+00  0.1713  0.046   98.0 494.95    431
ABELL_2219                   896   0.00   0.23  1.76  0.00  0.00 13.83 12.08 16.36  0.00  0.00  0.12   5.08e-04   5.01e-04   5.19e-04  0.00  0.00  0.00   0.00e+00   0.00e+00   0.00e+00  0.2256  0.073   94.1 442.38    431
ABELL_2255                   894   0.00   0.55  2.53  0.00  0.00  9.03  7.68 10.94  0.36  0.08  0.70   2.57e-04   2.42e-04   2.72e-04  0.00  0.00  0.00   0.00e+00   0.00e+00   0.00e+00  0.0805  0.034   90.2 497.69    431
ABELL_2256                  1386   0.77   0.77  4.05  0.00  0.00  7.94  7.32  8.76  0.41  0.25  0.63   1.03e-03   9.86e-04   1.07e-03  0.00  0.00  0.00   0.00e+00   0.00e+00   0.00e+00  0.0579  0.145   81.9 961.44    862
ABELL_2256                  2419   0.77   0.77  4.05  0.00  0.00  7.94  7.32  8.76  0.41  0.25  0.63   1.03e-03   9.86e-04   1.07e-03  0.00  0.00  0.00   0.00e+00   0.00e+00   0.00e+00  0.0579  0.145   81.9 961.44    862
ABELL_2259                  3245   0.00   0.30  3.70  0.00  0.00  5.20  4.52  6.14  0.28  0.09  0.55   5.10e-04   4.71e-04   5.49e-04  0.00  0.00  0.00   0.00e+00   0.00e+00   0.00e+00  0.1640  0.052   98.0 393.38    431
ABELL_2261                  5007   0.00   0.23  3.31  0.00  0.00  7.27  6.78  7.82  0.60  0.47  0.74   1.31e-03   1.26e-03   1.35e-03  0.00  0.00  0.00   0.00e+00   0.00e+00   0.00e+00  0.2240  0.135   99.6 494.13    431
ABELL_2294                  3246   0.00   0.28  6.10  0.00  0.00  8.96  7.23 11.72  0.18  0.00  0.54   5.21e-04   4.81e-04   5.55e-04  0.00  0.00  0.00   0.00e+00   0.00e+00   0.00e+00  0.1780  0.053   98.0 425.67    431
ABELL_2384                  4202   0.00   0.48  2.99  0.00  0.00  2.81  2.73  2.91  0.60  0.52  0.70   1.29e-03   1.24e-03   1.35e-03  0.00  0.00  0.00   0.00e+00   0.00e+00   0.00e+00  0.0945  0.155   98.5 533.54    431
ABELL_2390                  4193   0.00   0.23  6.71  0.00  0.00  6.38  6.23  6.54  0.51  0.46  0.56   2.10e-03   2.08e-03   2.13e-03  0.00  0.00  0.00   0.00e+00   0.00e+00   0.00e+00  0.2301  0.279   98.5 414.62    431
ABELL_2409                  3247   0.00   0.32  6.72  0.00  0.00  4.81  4.41  5.31  1.17  0.85  1.60   6.42e-04   5.83e-04   6.98e-04  0.00  0.00  0.00   0.00e+00   0.00e+00   0.00e+00  0.1479  0.078   98.4 408.34    431
ABELL_2537                  4962   0.00   0.19  4.26  0.00  0.00  6.79  6.07  7.67  0.64  0.42  0.91   3.33e-04   3.19e-04   3.59e-04  0.00  0.00  0.00   0.00e+00   0.00e+00   0.00e+00  0.2950  0.044   92.2 433.26    431
ABELL_2550                  2225   0.00   0.31  2.03  0.00  0.00  2.01  1.96  2.08  0.87  0.76  1.02   3.97e-04   3.70e-04   4.20e-04  0.00  0.00  0.00   0.00e+00   0.00e+00   0.00e+00  0.1543  0.073   93.1 455.78    431
ABELL_2554                  1696   0.00   0.42  2.04  0.00  0.00  5.83  5.20  6.62  0.42  0.23  0.67   3.91e-04   3.68e-04   4.12e-04  0.00  0.00  0.00   0.00e+00   0.00e+00   0.00e+00  0.1103  0.062   84.2 443.09    431
ABELL_2556                  2226   0.00   0.52  2.02  0.00  0.00  2.97  2.90  3.05  0.59  0.53  0.65   3.01e-03   2.93e-03   3.09e-03  0.00  0.00  0.00   0.00e+00   0.00e+00   0.00e+00  0.0862  0.485   96.7 413.18    431
ABELL_2631                  3248   0.00   0.21  3.74  0.00  0.00  7.49  5.29 11.47  0.00  0.00  0.48   1.83e-04   1.61e-04   2.02e-04  0.00  0.00  0.00   0.00e+00   0.00e+00   0.00e+00  0.2779  0.015   96.2 257.96    431
ABELL_2667                  2214   0.00   0.23  1.64  0.00  0.00  4.20  4.00  4.42  0.65  0.52  0.80   2.15e-03   2.06e-03   2.25e-03  0.00  0.00  0.00   0.00e+00   0.00e+00   0.00e+00  0.2300  0.325   98.9 420.72    431
ABELL_2670                  4959   0.00   0.57  2.88  0.00  0.00  4.10  3.93  4.29  0.65  0.53  0.79   8.96e-04   8.61e-04   9.31e-04  0.00  0.00  0.00   0.00e+00   0.00e+00   0.00e+00  0.0763  0.118   95.8 480.43    431
ABELL_2717                  6974   0.00   0.93  1.12  0.00  0.00  2.33  2.26  2.43  1.13  0.99  1.35   1.06e-03   9.84e-04   1.13e-03  0.00  0.00  0.00   0.00e+00   0.00e+00   0.00e+00  0.0475  0.177   91.9 453.92    431
ABELL_2744                  2212   0.00   0.18  1.82  0.00  0.00 18.28 12.21 30.43  0.25  0.00  0.91   1.64e-04   1.47e-04   1.80e-04  0.00  0.00  0.00   0.00e+00   0.00e+00   0.00e+00  0.3080  0.020   91.0 399.46    431
ABELL_3128                   893   0.00   0.72  1.59  0.00  0.00  3.32  3.07  3.59  0.90  0.67  1.22   4.20e-04   3.83e-04   4.58e-04  0.00  0.00  0.00   0.00e+00   0.00e+00   0.00e+00  0.0624  0.062   87.1 434.28    431
ABELL_3158                  3201   0.74   0.74  1.60  0.00  0.00  5.85  5.64  6.06  0.66  0.57  0.76   1.33e-03   1.30e-03   1.37e-03  0.00  0.00  0.00   0.00e+00   0.00e+00   0.00e+00  0.0586  0.181   97.3 934.72    862
ABELL_3158                  3712   0.74   0.74  1.60  0.00  0.00  5.85  5.64  6.06  0.66  0.57  0.76   1.33e-03   1.30e-03   1.37e-03  0.00  0.00  0.00   0.00e+00   0.00e+00   0.00e+00  0.0586  0.181   97.3 934.72    862
ABELL_3164                  6955   0.00   0.79  2.55  0.00  0.00  8.27  2.78 44.08  0.00  0.00  8.25   4.87e-05   2.17e-05   5.69e-05  0.00  0.00  0.00   0.00e+00   0.00e+00   0.00e+00  0.0570  0.005   37.4 292.07    431
ABELL_3376                  3202   0.97   0.97  5.21  0.00  0.00  4.34  4.05  4.63  0.16  0.06  0.26   4.52e-04   4.34e-04   4.70e-04  0.00  0.00  0.00   0.00e+00   0.00e+00   0.00e+00  0.0456  0.053   81.7 864.78    862
ABELL_3376                  3450   0.97   0.97  5.21  0.00  0.00  4.34  4.05  4.63  0.16  0.06  0.26   4.52e-04   4.34e-04   4.70e-04  0.00  0.00  0.00   0.00e+00   0.00e+00   0.00e+00  0.0456  0.053   81.7 864.78    862
ABELL_3391                  4943   0.00   0.80  5.46  0.00  0.00  6.67  6.06  7.37  0.74  0.51  1.00   8.59e-04   8.15e-04   9.03e-04  0.00  0.00  0.00   0.00e+00   0.00e+00   0.00e+00  0.0560  0.117   90.4 452.52    431
ABELL_3921                  4973   0.00   0.50  3.07  0.00  0.00  5.85  5.46  6.32  0.51  0.36  0.68   7.94e-04   7.62e-04   8.25e-04  0.00  0.00  0.00   0.00e+00   0.00e+00   0.00e+00  0.0927  0.097   96.2 477.46    431
AC_114                      1562   0.00   0.18  1.44  0.00  0.00  5.25  4.64  6.02  0.09  0.00  0.23   1.54e-04   1.47e-04   1.63e-04  0.00  0.00  0.00   0.00e+00   0.00e+00   0.00e+00  0.3120  0.019   88.3 445.92    431
CL_0024+17                   929   0.00   0.16  4.36  0.00  0.00  2.36  2.08  2.84  0.37  0.20  1.04   8.97e-05   6.42e-05   1.07e-04  0.00  0.00  0.00   0.00e+00   0.00e+00   0.00e+00  0.3940  0.009   82.6 287.25    431
CL_1221+4918                1662   0.00   0.11  1.44  0.00  0.00  2.65  1.95  3.57  0.00  0.00  0.15   3.28e-05   2.66e-05   4.23e-05  0.00  0.00  0.00   0.00e+00   0.00e+00   0.00e+00  0.7000  0.001   90.5 198.40    431
CL_J0030+2618               5762   0.14   0.14  4.10  0.00  0.00  1.73  1.33  2.34  0.00  0.00  0.11   8.23e-05   5.66e-05   1.07e-04  0.00  0.00  0.00   0.00e+00   0.00e+00   0.00e+00  0.5000  0.002   76.8 315.98   1293
CL_J0030+2618               1190   0.14   0.14  4.10  0.00  0.00  1.73  1.33  2.34  0.00  0.00  0.11   8.23e-05   5.66e-05   1.07e-04  0.00  0.00  0.00   0.00e+00   0.00e+00   0.00e+00  0.5000  0.002   76.8 315.98   1293
CL_J0030+2618               1226   0.14   0.14  4.10  0.00  0.00  1.73  1.33  2.34  0.00  0.00  0.11   8.23e-05   5.66e-05   1.07e-04  0.00  0.00  0.00   0.00e+00   0.00e+00   0.00e+00  0.5000  0.002   76.8 315.98   1293
CL_J0030+2618               5762   0.00   0.14  4.10  0.00  0.00  1.90  1.42  2.52  0.00  0.00  0.17   7.41e-05   5.05e-05   9.69e-05  0.00  0.00  0.00   0.00e+00   0.00e+00   0.00e+00  0.5000  0.002   89.1 113.90    431
CL_J0152-1357                913   0.00   0.11  1.45  0.00  0.00  1.74  1.36  2.28 42.11  0.00 357.49   8.90e-07   0.00e+00   5.81e-05  0.00  0.00  0.00   0.00e+00   0.00e+00   0.00e+00  0.8310  0.001   69.7 136.47    431
CL_J0542.8-4100              914   0.00   0.12  3.59  0.00  0.00  7.90  5.58 13.30  0.10  0.00  0.62   3.88e-05   3.33e-05   4.42e-05  0.00  0.00  0.00   0.00e+00   0.00e+00   0.00e+00  0.6300  0.003   92.0 259.89    431
CL_J0848+4456               1708   0.13   0.13  2.53  0.00  0.00  3.20  0.08 79.90  0.30  0.00 1000.00   1.00e-01   0.00e+00   1.00e+24  0.00  0.00  0.00   0.00e+00   0.00e+00   0.00e+00  0.5740  0.001    NaN   0.00    862
CL_J0848+4456                927   0.13   0.13  2.53  0.00  0.00  3.20  0.08 79.90  0.30  0.00 1000.00   1.00e-01   0.00e+00   1.00e+24  0.00  0.00  0.00   0.00e+00   0.00e+00   0.00e+00  0.5740  0.001    NaN   0.00    862
CL_J1113.1-2615              915   0.00   0.11  5.51  0.00  0.00  3.53  2.94  4.40  0.82  0.34  1.60   3.35e-05   2.64e-05   3.94e-05  0.00  0.00  0.00   0.00e+00   0.00e+00   0.00e+00  0.7300  0.002   91.5 287.29    431
CL_J1213+0253               4934   0.00   0.16  1.78  0.00  0.00  1.64  1.32  2.19  0.26  0.09  1.15   1.16e-04   6.43e-05   1.58e-04  0.00  0.00  0.00   0.00e+00   0.00e+00   0.00e+00  0.4090  0.005   82.0 213.15    431
CL_J1226.9+3332             5014   0.11   0.11  1.37  0.00  0.00  6.91  5.86  8.25  0.07  0.00  0.25   1.57e-04   1.42e-04   1.63e-04  0.00  0.00  0.00   0.00e+00   0.00e+00   0.00e+00  0.8900  0.007   92.4 781.97   1293
CL_J1226.9+3332             3180   0.11   0.11  1.37  0.00  0.00  6.91  5.86  8.25  0.07  0.00  0.25   1.57e-04   1.42e-04   1.63e-04  0.00  0.00  0.00   0.00e+00   0.00e+00   0.00e+00  0.8900  0.007   92.4 781.97   1293
CL_J1226.9+3332              932   0.11   0.11  1.37  0.00  0.00  6.91  5.86  8.25  0.07  0.00  0.25   1.57e-04   1.42e-04   1.63e-04  0.00  0.00  0.00   0.00e+00   0.00e+00   0.00e+00  0.8900  0.007   92.4 781.97   1293
CL_J1641+4001               3575   0.00   0.14  1.09  0.00  0.00  3.45  2.83  4.35  1.14  0.47  2.53   3.19e-05   2.29e-05   4.19e-05  0.00  0.00  0.00   0.00e+00   0.00e+00   0.00e+00  0.4640  0.003   91.6 236.96    431
CL_J2302.8+0844              918   0.00   0.11  5.05  0.00  0.00  2.57  2.00  3.44  0.00  0.00  0.22   3.63e-05   2.99e-05   4.47e-05  0.00  0.00  0.00   0.00e+00   0.00e+00   0.00e+00  0.7300  0.001   87.0 248.91    431
DLS_J0514-4904              4980   0.00   0.51  2.52  0.00  0.00  5.46  4.61  6.68  0.66  0.30  1.27   1.56e-04   1.36e-04   1.73e-04  0.00  0.00  0.00   0.00e+00   0.00e+00   0.00e+00  0.0912  0.021   88.2 369.71    431
EXO_0422-086                4183   0.00   1.06  6.22  0.00  0.00  3.06  2.99  3.13  0.87  0.79  0.97   7.00e-03   6.78e-03   7.22e-03  0.00  0.00  0.00   0.00e+00   0.00e+00   0.00e+00  0.0397  0.991   98.9 465.65    431
HERCULES_A                  1625   0.00   0.31  6.27  0.00  0.00  2.68  2.55  2.82  0.66  0.53  0.81   9.12e-04   8.55e-04   9.72e-04  0.00  0.00  0.00   0.00e+00   0.00e+00   0.00e+00  0.1541  0.140   94.6 414.78    431
IRAS_09104+4109              509   0.00   0.15  1.36  0.00  0.00  5.46  5.06  5.95  0.88  0.66  1.15   1.43e-03   1.34e-03   1.52e-03  0.00  0.00  0.00   0.00e+00   0.00e+00   0.00e+00  0.4420  0.192   98.8 496.46    431
LYNX_E                     17081   0.13   0.13  2.53  0.00  0.00  1.34  1.06  1.72  0.00  0.00  0.21   2.72e-05   1.62e-05   4.46e-05  0.00  0.00  0.00   0.00e+00   0.00e+00   0.00e+00  1.2600  0.000   74.3 307.09    862
LYNX_E                      9271   0.13   0.13  2.53  0.00  0.00  1.34  1.06  1.72  0.00  0.00  0.21   2.72e-05   1.62e-05   4.46e-05  0.00  0.00  0.00   0.00e+00   0.00e+00   0.00e+00  1.2600  0.000   74.3 307.09    862
MACS_J0025.4-1222           3251   0.12   0.12  2.72  0.00  0.00  4.67  3.68  6.45  0.56  0.15  1.24   4.91e-05   3.95e-05   5.85e-05  0.00  0.00  0.00   0.00e+00   0.00e+00   0.00e+00  0.5843  0.003   94.6 385.60    862
MACS_J0025.4-1222           5010   0.12   0.12  2.72  0.00  0.00  4.67  3.68  6.45  0.56  0.15  1.24   4.91e-05   3.95e-05   5.85e-05  0.00  0.00  0.00   0.00e+00   0.00e+00   0.00e+00  0.5843  0.003   94.6 385.60    862
MACS_J0159.8-0849           6106   0.16   0.16  2.01  0.00  0.00  5.33  5.11  5.58  0.56  0.48  0.66   1.14e-03   1.11e-03   1.17e-03  0.00  0.00  0.00   0.00e+00   0.00e+00   0.00e+00  0.4050  0.092   99.7 912.53    862
MACS_J0159.8-0849           3265   0.16   0.16  2.01  0.00  0.00  5.33  5.11  5.58  0.56  0.48  0.66   1.14e-03   1.11e-03   1.17e-03  0.00  0.00  0.00   0.00e+00   0.00e+00   0.00e+00  0.4050  0.092   99.7 912.53    862
MACS_J0242.5-2132           3266   0.00   0.18  2.71  0.00  0.00  3.67  3.53  3.83  0.73  0.61  0.87   2.72e-03   2.60e-03   2.85e-03  0.00  0.00  0.00   0.00e+00   0.00e+00   0.00e+00  0.3140  0.252   99.8 413.17    431
MACS_J0257.1-2325           1654   0.14   0.14  2.09  0.00  0.00  9.10  7.66 10.89  0.06  0.00  0.27   3.25e-04   3.03e-04   3.41e-04  0.00  0.00  0.00   0.00e+00   0.00e+00   0.00e+00  0.5053  0.023   98.8 741.25    862
MACS_J0257.1-2325           3581   0.14   0.14  2.09  0.00  0.00  9.10  7.66 10.89  0.06  0.00  0.27   3.25e-04   3.03e-04   3.41e-04  0.00  0.00  0.00   0.00e+00   0.00e+00   0.00e+00  0.5053  0.023   98.8 741.25    862
MACS_J0257.6-2209           3267   0.00   0.18  2.02  0.00  0.00  6.61  5.82  7.69  0.94  0.63  1.33   3.34e-04   3.06e-04   3.59e-04  0.00  0.00  0.00   0.00e+00   0.00e+00   0.00e+00  0.3224  0.034   98.7 394.63    431
MACS_J0308.9+2645           3268   0.00   0.18 11.88  0.00  0.00 10.87  9.08 13.94  0.39  0.10  0.69   4.35e-04   4.11e-04   4.62e-04  0.00  0.00  0.00   0.00e+00   0.00e+00   0.00e+00  0.3240  0.037   98.8 420.54    431
MACS_J0329.6-0211           6108   0.15   0.15  6.21  0.00  0.00  3.98  3.85  4.11  0.74  0.65  0.84   1.02e-03   9.89e-04   1.06e-03  0.00  0.00  0.00   0.00e+00   0.00e+00   0.00e+00  0.4500  0.074   99.5 1299.06   1293
MACS_J0329.6-0211           3582   0.15   0.15  6.21  0.00  0.00  3.98  3.85  4.11  0.74  0.65  0.84   1.02e-03   9.89e-04   1.06e-03  0.00  0.00  0.00   0.00e+00   0.00e+00   0.00e+00  0.4500  0.074   99.5 1299.06   1293
MACS_J0329.6-0211           3257   0.15   0.15  6.21  0.00  0.00  3.98  3.85  4.11  0.74  0.65  0.84   1.02e-03   9.89e-04   1.06e-03  0.00  0.00  0.00   0.00e+00   0.00e+00   0.00e+00  0.4500  0.074   99.5 1299.06   1293
MACS_J0404.6+1109           3269   0.00   0.16 14.96  0.00  0.00  4.92  3.28  8.51  0.32  0.00  1.17   4.11e-05   3.25e-05   5.43e-05  0.00  0.00  0.00   0.00e+00   0.00e+00   0.00e+00  0.3548  0.003   90.3 196.55    431
MACS_J0417.5-1154           3270   0.00   0.15  4.00  0.00  0.00  4.83  4.47  5.32  0.35  0.21  0.50   1.35e-03   1.29e-03   1.43e-03  0.00  0.00  0.00   0.00e+00   0.00e+00   0.00e+00  0.4400  0.097   99.6 396.08    431
MACS_J0429.6-0253           3271   0.00   0.16  5.70  0.00  0.00  4.21  4.00  4.45  0.89  0.71  1.08   1.09e-03   1.03e-03   1.14e-03  0.00  0.00  0.00   0.00e+00   0.00e+00   0.00e+00  0.3990  0.091   99.7 427.03    431
MACS_J0451.9+0006           5815   0.00   0.15  7.65  0.00  0.00  7.63  5.56 12.05  1.22  0.50  2.54   1.15e-04   9.10e-05   1.38e-04  0.00  0.00  0.00   0.00e+00   0.00e+00   0.00e+00  0.4300  0.010   97.3 242.85    431
MACS_J0547.0-3904           3273   0.00   0.25  4.08  0.00  0.00  2.84  2.70  2.99  0.14  0.07  0.18   1.16e-03   1.11e-03   1.22e-03  0.00  0.00  0.00   0.00e+00   0.00e+00   0.00e+00  0.2100  0.091   99.1 468.96    431
MACS_J0717.5+3745           4200   0.13   0.13  6.75  0.00  0.00 12.53  9.82 16.73  0.00  0.00  0.12   1.18e-04   1.12e-04   1.24e-04  0.00  0.00  0.00   0.00e+00   0.00e+00   0.00e+00  0.5480  0.008   94.7 666.70    862
MACS_J0717.5+3745           1655   0.13   0.13  6.75  0.00  0.00 12.53  9.82 16.73  0.00  0.00  0.12   1.18e-04   1.12e-04   1.24e-04  0.00  0.00  0.00   0.00e+00   0.00e+00   0.00e+00  0.5480  0.008   94.7 666.70    862
MACS_J0744.8+3927           3585   0.11   0.11  4.66  0.00  0.00  7.39  6.81  8.06  0.57  0.44  0.72   3.92e-04   3.69e-04   4.13e-04  0.00  0.00  0.00   0.00e+00   0.00e+00   0.00e+00  0.6860  0.023   99.0 1178.12   1293
MACS_J0744.8+3927           3197   0.11   0.11  4.66  0.00  0.00  7.39  6.81  8.06  0.57  0.44  0.72   3.92e-04   3.69e-04   4.13e-04  0.00  0.00  0.00   0.00e+00   0.00e+00   0.00e+00  0.6860  0.023   99.0 1178.12   1293
MACS_J0744.8+3927           6111   0.11   0.11  4.66  0.00  0.00  7.39  6.81  8.06  0.57  0.44  0.72   3.92e-04   3.69e-04   4.13e-04  0.00  0.00  0.00   0.00e+00   0.00e+00   0.00e+00  0.6860  0.023   99.0 1178.12   1293
MACS_J0949+1708             3274   0.00   0.16  3.17  0.00  0.00  9.74  7.39 15.39  0.51  0.00  1.10   2.47e-04   2.22e-04   2.74e-04  0.00  0.00  0.00   0.00e+00   0.00e+00   0.00e+00  0.3820  0.022   98.7 394.08    431
MACS_J1115.8+0129           3275   0.00   0.39  4.36  0.00  0.00  5.42  5.09  5.78  0.05  0.00  0.12   2.36e-03   2.30e-03   2.42e-03  0.00  0.00  0.00   0.00e+00   0.00e+00   0.00e+00  0.1200  0.248   99.2 549.80    431
MACS_J1131.8-1955           3276   0.00   0.18  4.49  0.00  0.00 10.06  7.32 15.40  0.82  0.25  1.85   1.57e-04   1.35e-04   1.78e-04  0.00  0.00  0.00   0.00e+00   0.00e+00   0.00e+00  0.3070  0.016   97.4 340.11    431
MACS_J1149.5+2223           3589   0.28   0.28  2.32  0.00  0.00 11.21  9.29 13.85  0.33  0.09  0.61   2.82e-04   2.63e-04   3.02e-04  0.00  0.00  0.00   0.00e+00   0.00e+00   0.00e+00  0.5440  0.020   96.1 748.87    862
MACS_J1149.5+2223           1656   0.28   0.28  2.32  0.00  0.00 11.21  9.29 13.85  0.33  0.09  0.61   2.82e-04   2.63e-04   3.02e-04  0.00  0.00  0.00   0.00e+00   0.00e+00   0.00e+00  0.5440  0.020   96.1 748.87    862
MACS_J1206.2-0847           3277   0.00   0.15  4.15  0.00  0.00  8.35  7.22  9.82  0.20  0.03  0.39   5.74e-04   5.48e-04   6.04e-04  0.00  0.00  0.00   0.00e+00   0.00e+00   0.00e+00  0.4400  0.044   99.4 449.25    431
MACS_J1226.8+2153           3590   0.00   0.16  1.82  0.00  0.00  5.04  3.85  6.64  0.00  0.00  0.16   1.40e-04   1.25e-04   1.58e-04  0.00  0.00  0.00   0.00e+00   0.00e+00   0.00e+00  0.3700  0.009   96.7 265.49    431
MACS_J1311.0-0310           3258   0.14   0.14  2.18  0.00  0.00  4.67  4.39  4.99  0.41  0.30  0.53   4.65e-04   4.40e-04   4.93e-04  0.00  0.00  0.00   0.00e+00   0.00e+00   0.00e+00  0.4940  0.032   98.7 868.33    862
MACS_J1311.0-0310           6110   0.14   0.14  2.18  0.00  0.00  4.67  4.39  4.99  0.41  0.30  0.53   4.65e-04   4.40e-04   4.93e-04  0.00  0.00  0.00   0.00e+00   0.00e+00   0.00e+00  0.4940  0.032   98.7 868.33    862
MACS_J1319+7003             3278   0.00   0.17  1.53  0.00  0.00  9.73  7.01 17.31  0.83  0.12  1.70   1.63e-04   1.39e-04   1.87e-04  0.00  0.00  0.00   0.00e+00   0.00e+00   0.00e+00  0.3275  0.016   96.4 329.88    431
MACS_J1427.6-2521           3279   0.00   0.24  6.11  0.00  0.00  3.95  3.67  4.34  0.25  0.10  0.40   7.39e-04   7.01e-04   7.96e-04  0.00  0.00  0.00   0.00e+00   0.00e+00   0.00e+00  0.2200  0.065   98.9 447.82    431
MACS_J1621.3+3810           6109   0.14   0.14  1.07  0.00  0.00  4.69  4.47  4.95  0.34  0.25  0.44   5.22e-04   5.02e-04   5.43e-04  0.00  0.00  0.00   0.00e+00   0.00e+00   0.00e+00  0.4610  0.036   99.4 1536.40   1724
MACS_J1621.3+3810           6172   0.14   0.14  1.07  0.00  0.00  4.69  4.47  4.95  0.34  0.25  0.44   5.22e-04   5.02e-04   5.43e-04  0.00  0.00  0.00   0.00e+00   0.00e+00   0.00e+00  0.4610  0.036   99.4 1536.40   1724
MACS_J1621.3+3810           3254   0.14   0.14  1.07  0.00  0.00  4.69  4.47  4.95  0.34  0.25  0.44   5.22e-04   5.02e-04   5.43e-04  0.00  0.00  0.00   0.00e+00   0.00e+00   0.00e+00  0.4610  0.036   99.4 1536.40   1724
MACS_J1621.3+3810           3594   0.14   0.14  1.07  0.00  0.00  4.69  4.47  4.95  0.34  0.25  0.44   5.22e-04   5.02e-04   5.43e-04  0.00  0.00  0.00   0.00e+00   0.00e+00   0.00e+00  0.4610  0.036   99.4 1536.40   1724
MACS_J1824.3+4309           3255   0.00   0.14  4.52  0.00  0.00  2.25  1.90  2.69  0.49  0.16  1.14   1.22e-04   8.87e-05   1.58e-04  0.00  0.00  0.00   0.00e+00   0.00e+00   0.00e+00  0.4870  0.006   96.4 183.01    431
MACS_J1931.8-2634           3282   0.00   0.16  9.13  0.00  0.00  4.87  4.63  5.14  0.62  0.51  0.75   2.71e-03   2.61e-03   2.80e-03  0.00  0.00  0.00   0.00e+00   0.00e+00   0.00e+00  0.3520  0.221   99.8 480.82    431
MACS_J2211.7-0349           3284   0.00   0.21  5.86  0.00  0.00 11.68 10.14 13.84  0.02  0.00  0.19   1.10e-03   1.06e-03   1.13e-03  0.00  0.00  0.00   0.00e+00   0.00e+00   0.00e+00  0.2700  0.098   99.5 462.88    431
MACS_J2214.9-1359           3259   0.14   0.14  3.32  0.00  0.00 11.16  8.97 14.33  0.00  0.00  0.21   2.08e-04   1.95e-04   2.20e-04  0.00  0.00  0.00   0.00e+00   0.00e+00   0.00e+00  0.5026  0.015   98.7 683.56    862
MACS_J2214.9-1359           5011   0.14   0.14  3.32  0.00  0.00 11.16  8.97 14.33  0.00  0.00  0.21   2.08e-04   1.95e-04   2.20e-04  0.00  0.00  0.00   0.00e+00   0.00e+00   0.00e+00  0.5026  0.015   98.7 683.56    862
MACS_J2228+2036             3285   0.00   0.16  4.52  0.00  0.00  9.73  7.46 13.89  0.87  0.37  1.57   1.69e-04   1.49e-04   1.88e-04  0.00  0.00  0.00   0.00e+00   0.00e+00   0.00e+00  0.4120  0.015   98.2 340.61    431
MACS_J2229.7-2755           3286   0.00   0.18  1.34  0.00  0.00  3.37  3.24  3.52  0.71  0.57  0.86   1.81e-03   1.72e-03   1.91e-03  0.00  0.00  0.00   0.00e+00   0.00e+00   0.00e+00  0.3240  0.162   99.7 407.45    431
MACS_J2243.3-0935           3260   0.00   0.47  4.31  0.00  0.00  7.09  6.05  8.68  0.02  0.00  0.29   4.00e-04   3.76e-04   4.16e-04  0.00  0.00  0.00   0.00e+00   0.00e+00   0.00e+00  0.1010  0.044   94.6 478.79    431
MACS_J2245.0+2637           3287   0.00   0.19  5.50  0.00  0.00  4.76  4.42  5.16  0.86  0.65  1.12   8.95e-04   8.38e-04   9.53e-04  0.00  0.00  0.00   0.00e+00   0.00e+00   0.00e+00  0.3040  0.086   99.4 438.31    431
MACS_J2311+0338             3288   0.00   0.19  5.23  0.00  0.00  5.60  4.70  6.92  0.23  0.02  0.52   3.75e-04   3.44e-04   4.07e-04  0.00  0.00  0.00   0.00e+00   0.00e+00   0.00e+00  0.2998  0.032   97.8 387.45    431
MKW3S                        900   0.00   0.98  3.05  0.00  0.00  3.42  3.39  3.46  0.77  0.74  0.81   7.73e-03   7.65e-03   7.81e-03  0.00  0.00  0.00   0.00e+00   0.00e+00   0.00e+00  0.0450  1.145   98.6 523.32    431
MS_0016.9+1609               520   0.00   0.13  4.06  0.00  0.00  8.72  7.25 11.42  0.50  0.22  0.93   1.25e-04   1.17e-04   1.37e-04  0.00  0.00  0.00   0.00e+00   0.00e+00   0.00e+00  0.5410  0.010   97.8 405.39    431
MS_0302.7+1658               525   0.00   0.15 10.95  0.00  0.00  3.19  2.64  4.06  0.39  0.09  1.05   2.39e-04   1.89e-04   2.90e-04  0.00  0.00  0.00   0.00e+00   0.00e+00   0.00e+00  0.4240  0.015   97.8 244.19    431
MS_0440.5+0204              4196   0.00   0.26  9.10  0.00  0.00  5.02  4.62  5.50  0.66  0.44  0.93   6.64e-04   6.21e-04   7.05e-04  0.00  0.00  0.00   0.00e+00   0.00e+00   0.00e+00  0.1900  0.092   93.8 429.25    431
MS_0451.6-0305               902   0.00   0.13  5.68  0.00  0.00 13.14 10.00 19.28  0.42  0.16  0.60   1.72e-04   1.59e-04   1.84e-04  0.00  0.00  0.00   0.00e+00   0.00e+00   0.00e+00  0.5386  0.017   92.1 410.35    431
MS_0735.6+7421              4197   0.00   0.24  3.40  0.00  0.00  3.68  3.58  3.79  0.71  0.63  0.80   1.19e-03   1.15e-03   1.22e-03  0.00  0.00  0.00   0.00e+00   0.00e+00   0.00e+00  0.2160  0.172   97.7 459.88    431
MS_0839.8+2938              2224   0.00   0.26  3.92  0.00  0.00  3.35  3.23  3.49  0.69  0.59  0.81   9.78e-04   9.38e-04   1.02e-03  0.00  0.00  0.00   0.00e+00   0.00e+00   0.00e+00  0.1940  0.153   96.2 438.98    431
MS_0906.5+1110               924   0.00   0.30  3.60  0.00  0.00  6.43  5.88  7.10  0.39  0.24  0.57   5.92e-04   5.66e-04   6.15e-04  0.00  0.00  0.00   0.00e+00   0.00e+00   0.00e+00  0.1630  0.065   97.9 471.11    431
MS_1006.0+1202               925   0.00   0.24  3.63  0.00  0.00 11.27  8.60 16.16  0.54  0.07  1.18   1.37e-04   1.24e-04   1.51e-04  0.00  0.00  0.00   0.00e+00   0.00e+00   0.00e+00  0.2210  0.015   94.7 408.44    431
MS_1008.1-1224               926   0.00   0.19  6.71  0.00  0.00  5.23  4.52  6.19  0.78  0.45  1.26   1.60e-04   1.46e-04   1.81e-04  0.00  0.00  0.00   0.00e+00   0.00e+00   0.00e+00  0.3010  0.016   96.7 459.05    431
MS_1054.5-0321               512   0.00   0.11  3.69  0.00  0.00  1.16  0.92  1.52  0.00  0.00  0.06   5.52e-05   3.82e-05   7.36e-05  0.00  0.00  0.00   0.00e+00   0.00e+00   0.00e+00  0.8300  0.002   64.5 163.82    431
MS_1455.0+2232              4192   0.00   0.21  3.35  0.00  0.00  4.05  3.98  4.12  0.54  0.51  0.58   2.49e-03   2.46e-03   2.53e-03  0.00  0.00  0.00   0.00e+00   0.00e+00   0.00e+00  0.2590  0.219   99.8 498.03    431
MS_1621.5+2640               546   0.00   0.15  3.59  0.00  0.00  7.41  4.90 12.64  1.46  0.47  3.45   2.82e-05   2.02e-05   3.55e-05  0.00  0.00  0.00   0.00e+00   0.00e+00   0.00e+00  0.4260  0.003   88.4 239.95    431
MS_2053.7-0449              1667   0.12   0.12  5.16  0.00  0.00  3.88  3.26  4.71  0.48  0.19  0.98   5.32e-05   4.92e-05   6.16e-05  0.00  0.00  0.00   0.00e+00   0.00e+00   0.00e+00  0.5830  0.003   92.9 464.96    862
MS_2053.7-0449               551   0.12   0.12  5.16  0.00  0.00  3.88  3.26  4.71  0.48  0.19  0.98   5.32e-05   4.92e-05   6.16e-05  0.00  0.00  0.00   0.00e+00   0.00e+00   0.00e+00  0.5830  0.003   92.9 464.96    862
MS_2137.3-2353              4974   0.00   0.18  3.40  0.00  0.00  4.22  4.07  4.39  0.54  0.45  0.63   2.21e-03   2.14e-03   2.28e-03  0.00  0.00  0.00   0.00e+00   0.00e+00   0.00e+00  0.3130  0.266   99.0 409.17    431
MS_J1157.3+5531             4964   0.00   0.57  1.22  0.00  0.00  1.53  1.50  1.56  0.46  0.42  0.51   5.15e-04   4.93e-04   5.37e-04  0.00  0.00  0.00   0.00e+00   0.00e+00   0.00e+00  0.0810  0.091   79.4 511.57    431
NGC_6338                    4194   0.00   1.54  2.60  0.00  0.00  2.11  2.08  2.15  0.78  0.73  0.84   2.40e-03   2.33e-03   2.47e-03  0.00  0.00  0.00   0.00e+00   0.00e+00   0.00e+00  0.0280  0.369   93.5 540.94    431
PKS_0745-191                6103   0.00   0.44 40.80  0.00  0.00  5.02  4.90  5.16  0.43  0.38  0.48   1.77e-02   1.74e-02   1.79e-02  0.00  0.00  0.00   0.00e+00   0.00e+00   0.00e+00  0.1028  1.476   99.8 487.30    431
RBS_0797                    2202   0.00   0.16  2.22  0.00  0.00  5.68  5.36  6.03  0.43  0.33  0.55   3.31e-03   3.21e-03   3.42e-03  0.00  0.00  0.00   0.00e+00   0.00e+00   0.00e+00  0.3540  0.292   99.8 403.34    431
RDCS_1252-29                4198   0.00   0.10  6.06  0.00  0.00  2.06  1.58  2.69  0.00  0.00  0.44   3.31e-05   2.36e-05   4.37e-05  0.00  0.00  0.00   0.00e+00   0.00e+00   0.00e+00  1.2370  0.001   82.9 177.67    431
RX_J0232.2-4420             4993   0.00   0.21  2.53  0.00  0.00  5.42  5.05  5.85  0.77  0.59  0.98   1.09e-03   1.04e-03   1.15e-03  0.00  0.00  0.00   0.00e+00   0.00e+00   0.00e+00  0.2836  0.107   99.3 484.37    431
RX_J0340-4542               6954   0.00   0.57  1.63  0.00  0.00  2.18  1.18  4.42  0.16  0.00 10.00   9.20e-05   0.00e+00   1.52e-04  0.00  0.00  0.00   0.00e+00   0.00e+00   0.00e+00  0.0818  0.008   63.1   0.95      4
RX_J0439+0520                527   0.00   0.25 10.02  0.00  0.00  3.39  3.22  3.60  0.65  0.51  0.86   1.70e-03   1.58e-03   1.80e-03  0.00  0.00  0.00   0.00e+00   0.00e+00   0.00e+00  0.2080  0.164   99.6 438.99    431
RX_J0439.0+0715             3583   0.22   0.22 11.16  0.00  0.00  5.50  5.07  6.02  0.30  0.18  0.46   7.78e-04   7.46e-04   8.15e-04  0.00  0.00  0.00   0.00e+00   0.00e+00   0.00e+00  0.2300  0.067   98.6 860.26    862
RX_J0439.0+0715             1449   0.22   0.22 11.16  0.00  0.00  5.50  5.07  6.02  0.30  0.18  0.46   7.78e-04   7.46e-04   8.15e-04  0.00  0.00  0.00   0.00e+00   0.00e+00   0.00e+00  0.2300  0.067   98.6 860.26    862
RX_J0528.9-3927             4994   0.00   0.21  2.36  0.00  0.00  7.40  6.42  8.67  0.13  0.00  0.33   7.69e-04   7.29e-04   8.00e-04  0.00  0.00  0.00   0.00e+00   0.00e+00   0.00e+00  0.2632  0.071   99.0 451.61    431
RX_J0647.7+7015             3196   0.12   0.12  5.18  0.00  0.00 10.54  8.46 14.46  0.17  0.00  0.48   2.08e-04   1.92e-04   2.26e-04  0.00  0.00  0.00   0.00e+00   0.00e+00   0.00e+00  0.5840  0.013   98.3 658.22    862
RX_J0647.7+7015             3584   0.12   0.12  5.18  0.00  0.00 10.54  8.46 14.46  0.17  0.00  0.48   2.08e-04   1.92e-04   2.26e-04  0.00  0.00  0.00   0.00e+00   0.00e+00   0.00e+00  0.5840  0.013   98.3 658.22    862
RX_J0819.6+6336             2199   0.00   0.39  4.11  0.00  0.00  3.45  3.19  3.73  0.76  0.56  1.03   5.80e-04   5.32e-04   6.26e-04  0.00  0.00  0.00   0.00e+00   0.00e+00   0.00e+00  0.1190  0.105   89.2 422.78    431
RX_J0910+5422               2452   0.10   0.10  2.07  0.00  0.00  1.96  1.45  2.80  0.00  0.00  0.56   1.85e-05   9.59e-06   2.39e-05  0.00  0.00  0.00   0.00e+00   0.00e+00   0.00e+00  1.1000  0.000   80.9 245.41    862
RX_J0910+5422               2227   0.10   0.10  2.07  0.00  0.00  1.96  1.45  2.80  0.00  0.00  0.56   1.85e-05   9.59e-06   2.39e-05  0.00  0.00  0.00   0.00e+00   0.00e+00   0.00e+00  1.1000  0.000   80.9 245.41    862
RX_J0910+5422               2452   0.00   0.10  2.07  0.00  0.00  1.52  0.90  2.93  0.00  0.00  2.55   2.26e-05   0.00e+00   4.95e-05  0.00  0.00  0.00   0.00e+00   0.00e+00   0.00e+00  1.1000  0.000   81.4  95.56    431
RX_J1053+5735               4936   0.00   0.10  0.59  0.00  0.00  3.52  2.76  4.84  4.44  1.23 1000.00   7.89e-06   0.00e+00   1.47e-05  0.00  0.00  0.00   0.00e+00   0.00e+00   0.00e+00  1.1400  0.001   59.9 186.66    431
RX_J1347.5-1145              507   0.15   0.15  4.89  0.00  0.00  8.88  8.60  9.18  0.47  0.42  0.52   3.79e-03   3.72e-03   3.86e-03  0.00  0.00  0.00   0.00e+00   0.00e+00   0.00e+00  0.4510  0.434   99.9 869.74    862
RX_J1347.5-1145             3592   0.15   0.15  4.89  0.00  0.00  8.88  8.60  9.18  0.47  0.42  0.52   3.79e-03   3.72e-03   3.86e-03  0.00  0.00  0.00   0.00e+00   0.00e+00   0.00e+00  0.4510  0.434   99.9 869.74    862
RX_J1350+6007               2229   0.00   0.11  1.77  0.00  0.00  1.43  1.19  1.88  0.03  0.00  1.91   1.24e-04   0.00e+00   1.60e-04  0.00  0.00  0.00   0.00e+00   0.00e+00   0.00e+00  0.8040  0.003   81.7 219.37    431
RX_J1423.8+2404             4195   0.13   0.13  2.65  0.00  0.00  4.78  4.66  4.91  0.59  0.53  0.65   1.06e-03   1.04e-03   1.08e-03  0.00  0.00  0.00   0.00e+00   0.00e+00   0.00e+00  0.5450  0.099   99.8 929.73    862
RX_J1423.8+2404             1657   0.13   0.13  2.65  0.00  0.00  4.78  4.66  4.91  0.59  0.53  0.65   1.06e-03   1.04e-03   1.08e-03  0.00  0.00  0.00   0.00e+00   0.00e+00   0.00e+00  0.5450  0.099   99.8 929.73    862
RX_J1504.1-0248             5793   0.00   0.24  6.27  0.00  0.00  5.32  5.24  5.41  0.44  0.41  0.47   1.14e-02   1.13e-02   1.15e-02  0.00  0.00  0.00   0.00e+00   0.00e+00   0.00e+00  0.2150  1.116   99.9 535.19    431
RX_J1525+0958               1664   0.00   0.13  2.96  0.00  0.00  1.57  1.35  2.01  0.00  0.00  0.10   1.69e-04   1.34e-04   1.85e-04  0.00  0.00  0.00   0.00e+00   0.00e+00   0.00e+00  0.5160  0.006   89.7 293.36    431
RX_J1532.9+3021             1665   0.17   0.17  2.21  0.00  0.00  4.26  4.11  4.43  0.55  0.47  0.65   2.39e-03   2.30e-03   2.47e-03  0.00  0.00  0.00   0.00e+00   0.00e+00   0.00e+00  0.3450  0.203   99.3 859.67    862
RX_J1532.9+3021             1649   0.17   0.17  2.21  0.00  0.00  4.26  4.11  4.43  0.55  0.47  0.65   2.39e-03   2.30e-03   2.47e-03  0.00  0.00  0.00   0.00e+00   0.00e+00   0.00e+00  0.3450  0.203   99.3 859.67    862
RX_J1716.9+6708              548   0.00   0.11  3.71  0.00  0.00  5.36  4.01  7.75  0.32  0.00  0.72   5.78e-05   4.98e-05   6.66e-05  0.00  0.00  0.00   0.00e+00   0.00e+00   0.00e+00  0.8100  0.003   93.0 269.78    431
RX_J1720.1+2638             4361   0.00   0.30  4.02  0.00  0.00  4.67  4.53  4.79  0.56  0.49  0.63   3.94e-03   3.85e-03   4.02e-03  0.00  0.00  0.00   0.00e+00   0.00e+00   0.00e+00  0.1640  0.435   99.7 431.48    431
RX_J1720.2+3536             7225   0.16   0.16  3.35  0.00  0.00  4.49  4.28  4.69  0.53  0.44  0.65   7.99e-04   7.26e-04   8.78e-04  0.00  0.00  0.00   0.00e+00   0.00e+00   0.00e+00  0.3913  0.063   99.3 1136.01   1293
RX_J1720.2+3536             3280   0.16   0.16  3.35  0.00  0.00  4.49  4.28  4.69  0.53  0.44  0.65   7.99e-04   7.26e-04   8.78e-04  0.00  0.00  0.00   0.00e+00   0.00e+00   0.00e+00  0.3913  0.063   99.3 1136.01   1293
RX_J1720.2+3536             6107   0.16   0.16  3.35  0.00  0.00  4.49  4.28  4.69  0.53  0.44  0.65   7.99e-04   7.26e-04   8.78e-04  0.00  0.00  0.00   0.00e+00   0.00e+00   0.00e+00  0.3913  0.063   99.3 1136.01   1293
RX_J2011.3-5725             4995   0.00   0.21  4.76  0.00  0.00  3.62  3.36  3.93  0.40  0.24  0.61   5.10e-04   4.71e-04   5.48e-04  0.00  0.00  0.00   0.00e+00   0.00e+00   0.00e+00  0.2786  0.042   98.4 374.45    431
RX_J2129.6+0005              552   0.00   0.22  4.30  0.00  0.00  4.40  4.12  4.72  0.42  0.29  0.58   1.86e-03   1.77e-03   1.95e-03  0.00  0.00  0.00   0.00e+00   0.00e+00   0.00e+00  0.2350  0.180   99.6 481.94    431
S0463                       6956   0.48   0.48  1.06  0.00  0.00  5.46  4.43  6.98  0.67  0.16  1.28   5.20e-05   4.48e-05   6.01e-05  0.00  0.00  0.00   0.00e+00   0.00e+00   0.00e+00  0.0986  0.007   65.1 711.55    862
S0463                       7250   0.48   0.48  1.06  0.00  0.00  5.46  4.43  6.98  0.67  0.16  1.28   5.20e-05   4.48e-05   6.01e-05  0.00  0.00  0.00   0.00e+00   0.00e+00   0.00e+00  0.0986  0.007   65.1 711.55    862
TRIANG_AUSTR                1281   0.00   0.87 13.27  0.00  0.00  7.32  6.89  7.82  0.14  0.08  0.23   4.39e-03   4.29e-03   4.46e-03  0.00  0.00  0.00   0.00e+00   0.00e+00   0.00e+00  0.0510  0.551   96.5 577.68    431
V_1121.0+2327               1660   0.00   0.13  1.30  0.00  0.00  1.13  0.87  1.52  0.00  0.00  0.14   4.49e-05   2.84e-05   5.16e-05  0.00  0.00  0.00   0.00e+00   0.00e+00   0.00e+00  0.5600  0.001   86.5 176.18    431
ZWCL_1215                   4184   0.00   0.58  1.76  0.00  0.00  6.32  5.64  7.27  0.17  0.00  0.33   9.44e-04   8.98e-04   9.88e-04  0.00  0.00  0.00   0.00e+00   0.00e+00   0.00e+00  0.0750  0.116   96.4 460.16    431
ZWCL_1358+6245               516   0.00   0.17  1.94  0.00  0.00  4.39  4.12  4.68  0.54  0.40  0.70   4.99e-04   4.75e-04   5.25e-04  0.00  0.00  0.00   0.00e+00   0.00e+00   0.00e+00  0.3280  0.066   96.6 406.57    431
ZWCL_1953                   1659   0.00   0.16  3.10  0.00  0.00  8.96  6.93 12.84  0.37  0.00  0.78   1.96e-04   1.80e-04   2.13e-04  0.00  0.00  0.00   0.00e+00   0.00e+00   0.00e+00  0.3800  0.017   97.5 395.63    431
ZWCL_3146                    909   0.00   0.19  2.70  0.00  0.00  4.33  4.22  4.43  0.51  0.46  0.57   3.11e-03   3.05e-03   3.16e-03  0.00  0.00  0.00   0.00e+00   0.00e+00   0.00e+00  0.2900  0.307   99.8 487.31    431
ZWCL_5247                    539   0.00   0.23  1.70  0.00  0.00 12.29  4.49 79.90  0.00  0.00  6.41   3.35e-05   2.74e-05   4.15e-05  0.00  0.00  0.00   0.00e+00   0.00e+00   0.00e+00  0.2290  0.004   82.4 145.21    431
ZWCL_7160                    543   0.00   0.21  3.10  0.00  0.00  4.04  3.84  4.26  0.57  0.45  0.71   2.41e-03   2.30e-03   2.52e-03  0.00  0.00  0.00   0.00e+00   0.00e+00   0.00e+00  0.2578  0.241   99.7 395.05    431
ZWICKY_2701                 3195   0.00   0.25  0.83  0.00  0.00  3.91  3.76  4.07  0.71  0.60  0.84   1.10e-03   1.05e-03   1.14e-03  0.00  0.00  0.00   0.00e+00   0.00e+00   0.00e+00  0.2100  0.173   97.5 408.91    431
ZwCL_1332.8+5043            5772   0.00   0.25  1.10  0.00  0.00  1.68  1.35  2.14  0.00  0.00  0.15   2.53e-04   1.75e-04   3.71e-04  0.00  0.00  0.00   0.00e+00   0.00e+00   0.00e+00  0.6200  0.007   90.4 140.09    431
ZwCl_0848.5+3341            4205   0.00   0.17  1.12  0.00  0.00  4.44  3.39  6.16  0.12  0.00  0.49   1.07e-04   9.11e-05   1.24e-04  0.00  0.00  0.00   0.00e+00   0.00e+00   0.00e+00  0.3706  0.011   82.9 204.44    431
MACS_J0035.4-2015           3262   0.00   0.17  1.55  0.00  0.00  8.03  6.75  9.78  0.06  0.00  0.26   3.86e-04   3.64e-04   4.04e-04  0.00  0.00  0.00   0.00e+00   0.00e+00   0.00e+00  0.3644  0.032   98.9 394.70    431
MACS_J0111.5+0855           3256   0.00   0.21  4.18  0.00  0.00  4.82  4.13  5.79  0.44  0.18  0.82   1.89e-04   1.69e-04   2.10e-04  0.00  0.00  0.00   0.00e+00   0.00e+00   0.00e+00  0.2627  0.017   97.1 375.15    431
MACS_J0152.5-2852           3264   0.00   0.18  1.46  0.00  0.00  4.51  3.95  5.43  0.25  0.02  0.55   3.21e-04   2.91e-04   3.49e-04  0.00  0.00  0.00   0.00e+00   0.00e+00   0.00e+00  0.3407  0.026   98.6 342.94    431
MACS_J0159.0-3412           5818   0.00   0.15  1.54  0.00  0.00 79.90 13.31 79.90  0.00  0.00 92.69   6.81e-05   0.00e+00   7.90e-05  0.00  0.00  0.00   0.00e+00   0.00e+00   0.00e+00  0.4584  0.004   93.1 167.79    431
MACS_J0455.2+0657           5812   0.00   0.16 10.45  0.00  0.00  6.96  5.51  9.41  0.23  0.00  0.60   3.35e-04   3.02e-04   3.66e-04  0.00  0.00  0.00   0.00e+00   0.00e+00   0.00e+00  0.4247  0.024   98.7 316.37    431
MACS_J0520.7-1328           3272   0.00   0.18  8.88  0.00  0.00  8.36  7.31  9.70  1.08  0.76  1.48   4.41e-04   4.08e-04   4.71e-04  0.00  0.00  0.00   0.00e+00   0.00e+00   0.00e+00  0.3398  0.042   99.0 428.91    431
MACS_J0553.4-3342           5813   0.00   0.16  2.88  0.00  0.00  7.27  5.21 12.69  0.95  0.16  2.24   1.16e-04   9.09e-05   1.39e-04  0.00  0.00  0.00   0.00e+00   0.00e+00   0.00e+00  0.4067  0.011   97.2 238.19    431
MACS_J1006.9+3200           5819   0.00   0.17  1.83  0.00  0.00 13.62  7.54 32.31  0.00  0.00  0.82   1.06e-04   9.07e-05   1.17e-04  0.00  0.00  0.00   0.00e+00   0.00e+00   0.00e+00  0.3587  0.009   95.7 256.56    431
MACS_J1105.7-1014           5817   0.00   0.15  4.58  0.00  0.00 17.50 10.59 57.27  2.32  0.73  8.77   1.15e-04   7.78e-05   1.46e-04  0.00  0.00  0.00   0.00e+00   0.00e+00   0.00e+00  0.4664  0.011   97.4 293.49    431
MACS_J1427.2+4407           6112   0.00   0.15  1.41  0.00  0.00  4.91  4.36  5.62  0.55  0.32  0.88   7.81e-04   7.12e-04   8.49e-04  0.00  0.00  0.00   0.00e+00   0.00e+00   0.00e+00  0.4771  0.058   99.5 379.25    431
MACS_J1731.6+2252           3281   0.00   0.17  6.48  0.00  0.00  6.80  4.66 12.98  0.44  0.00  1.49   5.29e-05   4.21e-05   6.32e-05  0.00  0.00  0.00   0.00e+00   0.00e+00   0.00e+00  0.3661  0.004   92.7 243.48    431
MACS_J2046.0-3430           5816   0.00   0.16  4.98  0.00  0.00  4.35  3.99  4.78  1.00  0.70  1.40   8.61e-04   7.77e-04   9.37e-04  0.00  0.00  0.00   0.00e+00   0.00e+00   0.00e+00  0.4133  0.073   99.5 394.53    431
MACS_J2049.9-3217           3283   0.00   0.18  5.99  0.00  0.00 13.89 10.42 19.97  0.00  0.00  0.15   2.27e-04   2.17e-04   2.39e-04  0.00  0.00  0.00   0.00e+00   0.00e+00   0.00e+00  0.3254  0.019   97.8 409.58    431
ABELL_1689                   540   0.28   0.28  1.87  0.00  0.00  9.01  8.62  9.44  0.54  0.46  0.61   3.03e-03   2.97e-03   3.10e-03  0.00  0.00  0.00   0.00e+00   0.00e+00   0.00e+00  0.1843  0.352   99.7 1374.02   1293
ABELL_1689                  1663   0.28   0.28  1.87  0.00  0.00  9.01  8.62  9.44  0.54  0.46  0.61   3.03e-03   2.97e-03   3.10e-03  0.00  0.00  0.00   0.00e+00   0.00e+00   0.00e+00  0.1843  0.352   99.7 1374.02   1293
ABELL_1689                  5004   0.28   0.28  1.87  0.00  0.00  9.01  8.62  9.44  0.54  0.46  0.61   3.03e-03   2.97e-03   3.10e-03  0.00  0.00  0.00   0.00e+00   0.00e+00   0.00e+00  0.1843  0.352   99.7 1374.02   1293
MACS_J0011.7-1523           6105   0.16   0.16  2.08  0.00  0.00  4.86  4.59  5.16  0.42  0.32  0.54   5.63e-04   5.43e-04   5.88e-04  0.00  0.00  0.00   0.00e+00   0.00e+00   0.00e+00  0.3600  0.045   99.3 879.23    862
MACS_J0011.7-1523           3261   0.16   0.16  2.08  0.00  0.00  4.86  4.59  5.16  0.42  0.32  0.54   5.63e-04   5.43e-04   5.88e-04  0.00  0.00  0.00   0.00e+00   0.00e+00   0.00e+00  0.3600  0.045   99.3 879.23    862
MACS_J0911.2+1746           5012   0.13   0.13  3.55  0.00  0.00 10.91  7.17 18.34  0.00  0.00  0.22   5.66e-05   5.04e-05   6.41e-05  0.00  0.00  0.00   0.00e+00   0.00e+00   0.00e+00  0.5409  0.004   95.1 412.80    862
MACS_J0911.2+1746           3587   0.13   0.13  3.55  0.00  0.00 10.91  7.17 18.34  0.00  0.00  0.22   5.66e-05   5.04e-05   6.41e-05  0.00  0.00  0.00   0.00e+00   0.00e+00   0.00e+00  0.5409  0.004   95.1 412.80    862
MACS_J1108.8+0906           3252   0.15   0.15  2.52  0.00  0.00  6.35  5.02  8.14  0.00  0.00  0.21   1.34e-04   1.20e-04   1.52e-04  0.00  0.00  0.00   0.00e+00   0.00e+00   0.00e+00  0.4493  0.009   96.5 486.94    862
MACS_J1108.8+0906           5009   0.15   0.15  2.52  0.00  0.00  6.35  5.02  8.14  0.00  0.00  0.21   1.34e-04   1.20e-04   1.52e-04  0.00  0.00  0.00   0.00e+00   0.00e+00   0.00e+00  0.4493  0.009   96.5 486.94    862
MACS_J1115.2+5320           3253   0.15   0.15  0.98  0.00  0.00  7.54  5.14 12.07  0.63  0.03  1.91   6.82e-05   5.13e-05   7.98e-05  0.00  0.00  0.00   0.00e+00   0.00e+00   0.00e+00  0.4390  0.006   93.8 585.91   1293
MACS_J1115.2+5320           5008   0.15   0.15  0.98  0.00  0.00  7.54  5.14 12.07  0.63  0.03  1.91   6.82e-05   5.13e-05   7.98e-05  0.00  0.00  0.00   0.00e+00   0.00e+00   0.00e+00  0.4390  0.006   93.8 585.91   1293
MACS_J1115.2+5320           5350   0.15   0.15  0.98  0.00  0.00  7.54  5.14 12.07  0.63  0.03  1.91   6.82e-05   5.13e-05   7.98e-05  0.00  0.00  0.00   0.00e+00   0.00e+00   0.00e+00  0.4390  0.006   93.8 585.91   1293
