# Model: wabs(mekal) for r2500-50 spectra; Fit Range = 0.7 - 7.0; Count Rates = 0.7 - 7.0 keV
# Nh frozen = yes; Fe frozen = no; Confidence Levels = 2.71; Systematic error = 0.00
# Cluster                  ObsID    Rin   Rout  nh20   nlo   nhi    Tx   Tlo   Thi    Fe  Felo  Fehi       Norm     Normlo     Normhi   Tx2  Tlo2  Thi2      Norm2    Normlo2    Normhi2       z     Cr   Src%  chisq    dof
1E0657_56              5356+3184+5361   0.02   2.60  6.53  0.00  0.00 11.99 11.73 12.26  0.29  0.27  0.32   1.26e-02   1.25e-02   1.26e-02  0.00  0.00  0.00   0.00e+00   0.00e+00   0.00e+00  0.2960  1.067   92.6   1.24   1261
1RXS_J2129.4-0741            3199+3595   0.01   1.29  4.36  0.00  0.00  8.22  7.27  9.40  0.43  0.26  0.61   1.86e-03   1.76e-03   1.96e-03  0.00  0.00  0.00   0.00e+00   0.00e+00   0.00e+00  0.5700  0.131   80.0   1.07    146
2PIGG_J0011.5-2850          5797   0.85   6.65  2.18  0.00  0.00  5.15  4.91  5.40  0.26  0.18  0.35   1.07e-02   1.04e-02   1.09e-02  0.00  0.00  0.00   0.00e+00   0.00e+00   0.00e+00  0.0753  1.246   70.3   1.09    346
2PIGG_J2227.0-3041          5798   0.88   4.73  1.11  0.00  0.00  2.80  2.66  2.95  0.35  0.27  0.44   5.52e-03   5.26e-03   5.78e-03  0.00  0.00  0.00   0.00e+00   0.00e+00   0.00e+00  0.0729  0.613   69.2   1.16    226
3C_220.1                     839   0.18   1.12  1.91  0.00  0.00  9.26  5.28 23.97  0.00  0.00  0.59   3.17e-04   2.84e-04   3.51e-04  0.00  0.00  0.00   0.00e+00   0.00e+00   0.00e+00  0.6100  0.032   30.7   1.20     33
3C_28.0                     3233   0.02   2.30  5.71  0.00  0.00  5.53  5.26  5.82  0.30  0.23  0.38   3.86e-03   3.78e-03   3.94e-03  0.00  0.00  0.00   0.00e+00   0.00e+00   0.00e+00  0.1952  0.388   87.0   0.98    283
3C_295                      2254   0.01   1.64  1.35  0.00  0.00  5.16  4.78  5.58  0.38  0.27  0.50   1.08e-03   1.04e-03   1.13e-03  0.00  0.00  0.00   0.00e+00   0.00e+00   0.00e+00  0.4641  0.084   79.6   0.91    173
3C_388                      5295   0.05   4.10  6.11  0.00  0.00  3.23  3.02  3.46  0.51  0.37  0.67   2.30e-03   2.16e-03   2.45e-03  0.00  0.00  0.00   0.00e+00   0.00e+00   0.00e+00  0.0917  0.257   68.9   0.95    206
4C_55.16                    4940   0.02   2.02  4.00  0.00  0.00  4.98  4.81  5.15  0.49  0.42  0.56   3.12e-03   3.06e-03   3.18e-03  0.00  0.00  0.00   0.00e+00   0.00e+00   0.00e+00  0.2420  0.414   58.3   0.89    317
ABELL_0068                  3250   0.21   3.01  4.60  0.00  0.00  9.01  7.87 10.54  0.46  0.24  0.70   4.46e-03   4.26e-03   4.68e-03  0.00  0.00  0.00   0.00e+00   0.00e+00   0.00e+00  0.2546  0.448   79.7   1.15    142
ABELL_0168                  3203+3204   0.13   7.50  3.27  0.00  0.00  2.56  2.48  2.67  0.29  0.25  0.35   4.73e-03   4.57e-03   4.87e-03  0.00  0.00  0.00   0.00e+00   0.00e+00   0.00e+00  0.0450  0.508   40.8 786.86    733
ABELL_0209                   3579+522   0.03   3.12  1.68  0.00  0.00  7.30  6.79  7.89  0.23  0.14  0.33   6.46e-03   6.27e-03   6.67e-03  0.00  0.00  0.00   0.00e+00   0.00e+00   0.00e+00  0.2060  0.661   82.4   1.12    339
ABELL_0267                  3580+1448   0.02   2.67  2.74  0.00  0.00  6.70  6.23  7.26  0.32  0.21  0.43   4.33e-03   4.20e-03   4.46e-03  0.00  0.00  0.00   0.00e+00   0.00e+00   0.00e+00  0.2300  0.430   82.7   1.18    307
ABELL_0370                   515   0.02   1.96  3.37  0.00  0.00  7.35  6.51  8.07  0.45  0.22  0.51   2.30e-03   2.25e-03   2.38e-03  0.00  0.00  0.00   0.00e+00   0.00e+00   0.00e+00  0.3747  0.296   39.2 311.44    288
ABELL_0383                  2321   0.02   2.39  4.07  0.00  0.00  4.91  4.64  5.20  0.44  0.33  0.55   4.66e-03   4.51e-03   4.81e-03  0.00  0.00  0.00   0.00e+00   0.00e+00   0.00e+00  0.1871  0.707   64.2   0.97    207
ABELL_0399                  3230   0.61   6.65  7.57  6.86  8.28  7.95  7.64  8.30  0.30  0.25  0.35   2.00e-02   1.97e-02   2.02e-02  0.00  0.00  0.00   0.00e+00   0.00e+00   0.00e+00  0.0716  2.275   82.2   1.12    425
ABELL_0401                   518   0.86   7.89 12.48  0.00  0.00  6.37  6.18  6.56  0.26  0.20  0.32   4.28e-02   4.22e-02   4.34e-02  0.00  0.00  0.00   0.00e+00   0.00e+00   0.00e+00  0.0745  5.072   78.7   1.44    425
ABELL_0478                  6102   0.74   6.07 30.90  0.00  0.00  7.30  7.06  7.56  0.45  0.40  0.51   5.72e-02   5.65e-02   5.79e-02  0.00  0.00  0.00   0.00e+00   0.00e+00   0.00e+00  0.0883  5.380   91.5   1.05    403
ABELL_0514                  3578   0.89   6.26  3.14  0.00  0.00  3.33  3.17  3.49  0.25  0.19  0.33   4.48e-03   4.32e-03   4.64e-03  0.00  0.00  0.00   0.00e+00   0.00e+00   0.00e+00  0.0720  0.487   53.8   1.07    363
ABELL_0520                  4215   0.25   2.89  1.06  0.01  2.12  9.29  8.69  9.96  0.37  0.30  0.44   6.64e-03   6.51e-03   6.76e-03  0.00  0.00  0.00   0.00e+00   0.00e+00   0.00e+00  0.2020  0.695   87.6   1.11    383
ABELL_0521                   430   0.21   2.48  6.17  0.00  0.00  7.03  6.50  7.62  0.39  0.27  0.52   4.13e-03   4.01e-03   4.25e-03  0.00  0.00  0.00   0.00e+00   0.00e+00   0.00e+00  0.2533  0.557   49.5   1.10    237
ABELL_0586                   530   0.29   3.82  4.71  0.00  0.00  6.47  6.00  7.02  0.56  0.40  0.73   7.40e-03   7.12e-03   7.68e-03  0.00  0.00  0.00   0.00e+00   0.00e+00   0.00e+00  0.1710  0.852   82.0   0.91    197
ABELL_0611                  3194   0.02   2.25  4.99  0.00  0.00  7.06  6.58  7.61  0.35  0.25  0.46   3.58e-03   3.49e-03   3.67e-03  0.00  0.00  0.00   0.00e+00   0.00e+00   0.00e+00  0.2880  0.457   54.2   0.97    238
ABELL_0665                  3586   0.02   3.56  4.24  0.00  0.00  7.45  7.11  7.83  0.31  0.24  0.37   1.02e-02   1.00e-02   1.04e-02  0.00  0.00  0.00   0.00e+00   0.00e+00   0.00e+00  0.1810  1.057   87.7   1.02    343
ABELL_0697                  4217   0.02   2.66  3.34  0.00  0.00  9.52  8.76 10.39  0.37  0.26  0.49   7.40e-03   7.22e-03   7.58e-03  0.00  0.00  0.00   0.00e+00   0.00e+00   0.00e+00  0.2820  0.699   89.4   1.08    248
ABELL_0773                  5006   0.02   3.13  1.46  0.00  0.00  7.83  7.26  8.49  0.44  0.32  0.56   6.25e-03   6.08e-03   6.42e-03  0.00  0.00  0.00   0.00e+00   0.00e+00   0.00e+00  0.2170  0.648   84.0   1.06    242
ABELL_0907                  3185   0.43   3.19  5.69  0.00  0.00  5.62  5.45  5.80  0.42  0.37  0.48   7.62e-03   7.50e-03   7.74e-03  0.00  0.00  0.00   0.00e+00   0.00e+00   0.00e+00  0.1527  0.826   88.4   1.13    364
ABELL_0963                   903   0.02   2.87  1.39  0.00  0.00  6.73  6.43  7.05  0.29  0.21  0.36   6.43e-03   6.31e-03   6.55e-03  0.00  0.00  0.00   0.00e+00   0.00e+00   0.00e+00  0.2056  0.968   64.9   1.06    325
ABELL_1063S                 4966   0.21   2.92  1.77  0.00  0.00 11.96 11.17 12.84  0.38  0.29  0.47   1.15e-02   1.13e-02   1.17e-02  0.00  0.00  0.00   0.00e+00   0.00e+00   0.00e+00  0.3540  1.028   90.6   1.02    339
ABELL_1204                  2205   0.02   2.52  1.44  0.00  0.00  3.63  3.47  3.81  0.31  0.22  0.40   4.70e-03   4.53e-03   4.89e-03  0.00  0.00  0.00   0.00e+00   0.00e+00   0.00e+00  0.1706  0.484   88.3   1.06    196
ABELL_1423                   538   0.02   3.17  1.60  0.00  0.00  6.01  5.37  6.76  0.30  0.13  0.48   4.22e-03   4.02e-03   4.43e-03  0.00  0.00  0.00   0.00e+00   0.00e+00   0.00e+00  0.2130  0.452   78.3   0.87    138
ABELL_1651                  4185   0.74   6.55  2.02  0.00  0.00  6.26  5.99  6.56  0.42  0.33  0.51   2.29e-02   2.24e-02   2.34e-02  0.00  0.00  0.00   0.00e+00   0.00e+00   0.00e+00  0.0840  2.836   86.6   1.19    328
ABELL_1689              540+1663+5004   0.03   3.81  1.87  0.00  0.00  9.48  9.13  9.86  0.36  0.31  0.42   1.52e-02   1.50e-02   1.55e-02  0.00  0.00  0.00   0.00e+00   0.00e+00   0.00e+00  0.1843  1.739   91.1   1.13    926
ABELL_1758                  2213   0.20   2.51  1.09  0.00  0.00 12.14 11.22 13.29  0.56  0.43  0.69   4.95e-03   4.84e-03   5.06e-03  0.00  0.00  0.00   0.00e+00   0.00e+00   0.00e+00  0.2792  0.686   58.3   1.21    344
ABELL_1763                  3591   0.02   3.17  0.82  0.00  0.00  7.78  7.18  8.45  0.25  0.15  0.36   6.17e-03   6.01e-03   6.34e-03  0.00  0.00  0.00   0.00e+00   0.00e+00   0.00e+00  0.1866  0.656   84.7   1.12    236
ABELL_1835                   495   0.02   2.64  2.36  0.00  0.00  9.77  9.25 10.34  0.31  0.24  0.39   1.34e-02   1.33e-02   1.36e-02  0.00  0.00  0.00   0.00e+00   0.00e+00   0.00e+00  0.2532  1.955   86.5   0.98    336
ABELL_1914                  3593   0.02   4.00  0.97  0.00  0.00  9.62  9.13 10.17  0.30  0.23  0.38   1.83e-02   1.80e-02   1.86e-02  0.00  0.00  0.00   0.00e+00   0.00e+00   0.00e+00  0.1712  1.984   92.0   1.07    356
ABELL_1942                  3290   0.23   2.37  2.75  0.00  0.00  4.77  4.42  5.15  0.33  0.19  0.45   1.45e-03   1.39e-03   1.52e-03  0.00  0.00  0.00   0.00e+00   0.00e+00   0.00e+00  0.2240  0.137   70.1   1.06    188
ABELL_1995                   906   0.26   1.36  1.44  0.00  0.00  8.37  7.76  9.07  0.39  0.28  0.51   2.38e-03   2.32e-03   2.44e-03  0.00  0.00  0.00   0.00e+00   0.00e+00   0.00e+00  0.3186  0.328   74.6   1.02    217
ABELL_2034                  2204   0.03   4.91  1.58  0.00  0.00  7.15  6.93  7.38  0.32  0.27  0.37   1.18e-02   1.17e-02   1.19e-02  0.00  0.00  0.00   0.00e+00   0.00e+00   0.00e+00  0.1130  1.425   84.6   1.22    413
ABELL_2069                  4965   0.39   4.95  1.97  0.00  0.00  6.50  6.21  6.83  0.26  0.19  0.34   7.18e-03   7.05e-03   7.31e-03  0.00  0.00  0.00   0.00e+00   0.00e+00   0.00e+00  0.1160  0.766   71.4   1.04    389
ABELL_2111                   544   0.02   2.90  2.20  0.00  0.00  7.13  6.18  8.42  0.13  0.00  0.32   3.77e-03   3.59e-03   3.94e-03  0.00  0.00  0.00   0.00e+00   0.00e+00   0.00e+00  0.2300  0.395   76.3   1.06    135
ABELL_2125                  2207   0.02   1.60  2.75  0.00  0.00  2.88  2.61  3.18  0.31  0.15  0.49   5.58e-04   5.06e-04   6.11e-04  0.00  0.00  0.00   0.00e+00   0.00e+00   0.00e+00  0.2465  0.047   61.8   1.26    129
ABELL_2163                  1653   0.29   4.54 12.04  0.00  0.00 19.20 18.40 20.07  0.10  0.04  0.16   2.72e-02   2.69e-02   2.75e-02  0.00  0.00  0.00   0.00e+00   0.00e+00   0.00e+00  0.1695  2.470   90.0   1.37    428
ABELL_2204                  6104   0.46   4.27  5.84  0.00  0.00  8.65  8.13  9.23  0.37  0.28  0.47   2.15e-02   2.10e-02   2.19e-02  0.00  0.00  0.00   0.00e+00   0.00e+00   0.00e+00  0.1524  2.353   90.0   0.95    316
ABELL_2218                  1666   0.29   3.34  3.12  0.00  0.00  7.35  7.00  7.74  0.22  0.16  0.29   7.21e-03   7.10e-03   7.34e-03  0.00  0.00  0.00   0.00e+00   0.00e+00   0.00e+00  0.1713  0.770   87.6   1.01    346
ABELL_2255                   894   0.05   6.29  2.53  0.00  0.00  6.12  5.93  6.32  0.30  0.24  0.36   1.45e-02   1.43e-02   1.47e-02  0.00  0.00  0.00   0.00e+00   0.00e+00   0.00e+00  0.0805  1.777   76.8   1.13    422
ABELL_2259                  3245   0.02   2.97  3.70  0.00  0.00  5.18  4.79  5.64  0.41  0.27  0.55   5.86e-03   5.61e-03   6.10e-03  0.00  0.00  0.00   0.00e+00   0.00e+00   0.00e+00  0.1640  0.622   85.6   1.05    160
ABELL_2261                  5007   0.02   2.88  3.31  0.00  0.00  7.63  7.20  8.10  0.36  0.28  0.44   8.59e-03   8.42e-03   8.76e-03  0.00  0.00  0.00   0.00e+00   0.00e+00   0.00e+00  0.2240  0.853   90.1   0.99    299
ABELL_2294                  3246   0.28   3.34  6.10  0.00  0.00  9.98  8.86 11.41  0.53  0.32  0.74   6.72e-03   6.46e-03   6.98e-03  0.00  0.00  0.00   0.00e+00   0.00e+00   0.00e+00  0.1780  0.731   82.8   1.07    187
ABELL_2384                  4202   0.04   4.19  2.99  0.00  0.00  4.75  4.55  4.97  0.23  0.16  0.30   6.74e-03   6.59e-03   6.90e-03  0.00  0.00  0.00   0.00e+00   0.00e+00   0.00e+00  0.0945  0.759   81.6   1.06    311
ABELL_2409                  3247   0.02   3.42  6.72  0.00  0.00  5.94  5.56  6.37  0.37  0.26  0.50   9.10e-03   8.80e-03   9.39e-03  0.00  0.00  0.00   0.00e+00   0.00e+00   0.00e+00  0.1479  0.948   88.3   1.13    201
ABELL_2537                  4962   0.02   2.11  4.26  0.00  0.00  8.40  7.72  9.16  0.40  0.27  0.53   2.86e-03   2.78e-03   2.94e-03  0.00  0.00  0.00   0.00e+00   0.00e+00   0.00e+00  0.2950  0.356   46.5   0.91    240
ABELL_2631                  3248   0.29   2.58  3.74  0.00  0.00  7.06  6.22  8.12  0.34  0.16  0.53   4.39e-03   4.19e-03   4.60e-03  0.00  0.00  0.00   0.00e+00   0.00e+00   0.00e+00  0.2779  0.408   83.0   0.97    126
ABELL_2667                  2214   0.02   2.58  1.64  0.00  0.00  6.75  6.32  7.23  0.36  0.25  0.47   9.61e-03   9.36e-03   9.87e-03  0.00  0.00  0.00   0.00e+00   0.00e+00   0.00e+00  0.2300  1.401   76.4   1.17    205
ABELL_2670                  4959   0.57   5.20  2.88  0.00  0.00  3.95  3.83  4.09  0.42  0.36  0.50   7.58e-03   7.39e-03   7.76e-03  0.00  0.00  0.00   0.00e+00   0.00e+00   0.00e+00  0.0763  0.894   70.8   1.13    361
ABELL_2717                  6974   1.30   5.48  1.12  0.00  0.00  2.63  2.47  2.80  0.48  0.38  0.61   4.03e-03   3.79e-03   4.27e-03  0.00  0.00  0.00   0.00e+00   0.00e+00   0.00e+00  0.0475  0.494   55.8   0.88    240
ABELL_2744                  2212   0.02   2.57  1.82  0.00  0.00  9.18  8.58  9.86  0.24  0.15  0.34   7.17e-03   7.03e-03   7.32e-03  0.00  0.00  0.00   0.00e+00   0.00e+00   0.00e+00  0.3080  0.896   67.5   0.99    273
ABELL_3164                  6955   1.10   6.81  2.55  0.00  0.00  2.83  2.57  3.36  0.39  0.18  0.72   2.19e-03   1.89e-03   2.50e-03  0.00  0.00  0.00   0.00e+00   0.00e+00   0.00e+00  0.0570  0.256   29.7   0.88    171
ABELL_3376                  3202+3450   0.13   8.99  5.21  0.00  0.00  4.48  4.36  4.59  0.39  0.31  0.44   1.10e-02   1.08e-02   1.11e-02  0.00  0.00  0.00   0.00e+00   0.00e+00   0.00e+00  0.0456  1.288   63.6   1.16    812
ABELL_3921                  4973   0.71   5.39  3.07  0.00  0.00  5.70  5.47  5.94  0.31  0.24  0.39   1.06e-02   1.04e-02   1.08e-02  0.00  0.00  0.00   0.00e+00   0.00e+00   0.00e+00  0.0927  1.221   77.3   1.02    365
AC_114                      1562   0.02   2.18  1.44  0.00  0.00  7.53  7.09  8.02  0.26  0.17  0.34   2.89e-03   2.84e-03   2.96e-03  0.00  0.00  0.00   0.00e+00   0.00e+00   0.00e+00  0.3120  0.375   55.7   1.07    321
CL_0024+17                   929   0.16   1.55  4.36  0.00  0.00  6.03  4.93  7.69  0.60  0.27  0.97   5.54e-04   5.04e-04   6.00e-04  0.00  0.00  0.00   0.00e+00   0.00e+00   0.00e+00  0.3940  0.070   37.1   1.00     95
CL_1221+4918                1662   0.01   1.41  1.44  0.00  0.00  6.62  5.63  7.86  0.34  0.16  0.54   6.08e-04   5.71e-04   6.46e-04  0.00  0.00  0.00   0.00e+00   0.00e+00   0.00e+00  0.7000  0.036   62.2   0.94     98
CL_J0030+2618               5762   0.01   2.06  4.10  0.00  0.00  4.63  3.31  7.35  0.26  0.00  1.01   5.67e-04   4.57e-04   6.97e-04  0.00  0.00  0.00   0.00e+00   0.00e+00   0.00e+00  0.5000  0.036   37.7   1.00     29
CL_J0152-1357                913   0.22   1.70  1.45  0.00  0.00  7.33  5.56 10.11  0.00  0.00  0.24   7.45e-04   6.88e-04   8.10e-04  0.00  0.00  0.00   0.00e+00   0.00e+00   0.00e+00  0.8310  0.038   36.2  56.35     63
CL_J0542.8-4100              914   0.01   1.42  3.59  0.00  0.00  6.07  5.02  7.54  0.16  0.00  0.39   6.07e-04   5.67e-04   6.51e-04  0.00  0.00  0.00   0.00e+00   0.00e+00   0.00e+00  0.6300  0.039   66.4   1.04     73
CL_J0848+4456                1708+927   0.01   0.78  2.53  0.00  0.00  4.53  3.40  6.10  0.00  0.00  0.45   8.78e-05   7.52e-05   1.02e-04  0.00  0.00  0.00   0.00e+00   0.00e+00   0.00e+00  0.5740  0.005   58.3   0.92     41
CL_J1113.1-2615              915   0.01   1.39  5.51  0.00  0.00  4.19  3.17  5.80  0.46  0.02  1.09   2.10e-04   1.78e-04   2.44e-04  0.00  0.00  0.00   0.00e+00   0.00e+00   0.00e+00  0.7300  0.011   23.7  73.93     73
CL_J1226.9+3332         5014+3180+932   0.01   0.96  1.37  0.00  0.00 11.81 10.11 14.06  0.21  0.00  0.42   1.12e-03   1.06e-03   1.18e-03  0.00  0.00  0.00   0.00e+00   0.00e+00   0.00e+00  0.8900  0.055   86.7   0.81    152
CL_J2302.8+0844              918   0.01   1.64  5.05  0.00  0.00  4.25  2.93  5.42  0.13  0.00  0.46   3.07e-04   2.90e-04   3.54e-04  0.00  0.00  0.00   0.00e+00   0.00e+00   0.00e+00  0.7300  0.015   50.7   0.89     97
DLS_J0514-4904              4980   0.71   4.97  2.52  0.00  0.00  4.62  4.15  5.15  0.37  0.17  0.61   2.40e-03   2.24e-03   2.57e-03  0.00  0.00  0.00   0.00e+00   0.00e+00   0.00e+00  0.0912  0.294   54.1   1.04    201
MACS_J0011.7-1523            6105+3261   0.02   1.55  2.08  0.00  0.00  6.49  6.06  6.97  0.30  0.21  0.40   2.41e-03   2.34e-03   2.48e-03  0.00  0.00  0.00   0.00e+00   0.00e+00   0.00e+00  0.3600  0.203   87.4   0.86    305
MACS_J0025.4-1222            3251+5010   0.01   1.15  2.72  0.00  0.00  6.33  5.63  7.18  0.37  0.22  0.53   1.29e-03   1.22e-03   1.38e-03  0.00  0.00  0.00   0.00e+00   0.00e+00   0.00e+00  0.5843  0.084   80.4   0.90    111
MACS_J0035.4-2015           3262   0.24   1.80  1.55  0.00  0.00  7.46  6.80  8.25  0.33  0.21  0.45   3.93e-03   3.81e-03   4.05e-03  0.00  0.00  0.00   0.00e+00   0.00e+00   0.00e+00  0.3644  0.345   90.5   0.94    174
MACS_J0111.5+0855           3256   0.30   1.78  4.18  0.00  0.00  4.11  3.06  5.72  0.11  0.00  0.70   3.77e-04   3.09e-04   4.38e-04  0.00  0.00  0.00   0.00e+00   0.00e+00   0.00e+00  0.2627  0.031   49.3   0.68     28
MACS_J0152.5-2852           3264   0.25   1.57  1.46  0.00  0.00  5.64  4.94  6.53  0.22  0.05  0.39   1.70e-03   1.61e-03   1.81e-03  0.00  0.00  0.00   0.00e+00   0.00e+00   0.00e+00  0.3407  0.146   84.6   1.10     78
MACS_J0159.0-3412           5818   0.21   1.62  1.54  0.00  0.00 10.90  8.37 15.67  0.26  0.00  0.61   2.08e-03   1.93e-03   2.24e-03  0.00  0.00  0.00   0.00e+00   0.00e+00   0.00e+00  0.4584  0.169   81.8   0.87     55
MACS_J0159.8-0849            6106+3265   0.01   2.15  2.01  0.00  0.00  9.16  8.53  9.87  0.30  0.21  0.39   3.95e-03   3.86e-03   4.04e-03  0.00  0.00  0.00   0.00e+00   0.00e+00   0.00e+00  0.4050  0.332   90.6   1.08    387
MACS_J0242.5-2132           3266   0.18   2.04  2.71  0.00  0.00  5.58  5.06  6.21  0.34  0.19  0.50   3.99e-03   3.80e-03   4.18e-03  0.00  0.00  0.00   0.00e+00   0.00e+00   0.00e+00  0.3140  0.356   87.2   1.03    125
MACS_J0257.1-2325            1654+3581   0.01   1.57  2.09  0.00  0.00  9.25  8.24 10.53  0.14  0.02  0.26   2.31e-03   2.22e-03   2.40e-03  0.00  0.00  0.00   0.00e+00   0.00e+00   0.00e+00  0.5053  0.174   84.7   0.99    213
MACS_J0257.6-2209           3267   0.02   1.92  2.02  0.00  0.00  8.02  7.14  9.14  0.30  0.13  0.46   2.61e-03   2.51e-03   2.72e-03  0.00  0.00  0.00   0.00e+00   0.00e+00   0.00e+00  0.3224  0.245   84.5   1.12    147
MACS_J0308.9+2645           3268   0.25   1.98 11.88  0.00  0.00 10.54  9.47 11.82  0.28  0.14  0.41   4.68e-03   4.54e-03   4.82e-03  0.00  0.00  0.00   0.00e+00   0.00e+00   0.00e+00  0.3240  0.395   87.5   0.97    214
MACS_J0329.6-0211       6108+3582+3257   0.01   1.22  6.21  0.00  0.00  6.30  5.89  6.77  0.41  0.32  0.51   2.08e-03   2.01e-03   2.14e-03  0.00  0.00  0.00   0.00e+00   0.00e+00   0.00e+00  0.4500  0.156   86.4   1.10    330
MACS_J0404.6+1109           3269   0.02   1.58 14.96  0.00  0.00  5.77  4.89  6.91  0.24  0.04  0.46   1.17e-03   1.10e-03   1.26e-03  0.00  0.00  0.00   0.00e+00   0.00e+00   0.00e+00  0.3548  0.087   73.7   0.85     69
MACS_J0417.5-1154           3270   0.15   1.26  4.00  0.00  0.00 11.07  9.58 13.05  0.33  0.14  0.52   4.56e-03   4.38e-03   4.76e-03  0.00  0.00  0.00   0.00e+00   0.00e+00   0.00e+00  0.4400  0.373   94.8   1.07    132
MACS_J0429.6-0253           3271   0.16   1.83  5.70  0.00  0.00  5.66  5.12  6.30  0.35  0.22  0.49   2.49e-03   2.38e-03   2.60e-03  0.00  0.00  0.00   0.00e+00   0.00e+00   0.00e+00  0.3990  0.199   82.7   1.21    138
MACS_J0451.9+0006           5815   0.15   1.31  7.65  0.00  0.00  5.80  4.77  7.26  0.51  0.22  0.84   1.50e-03   1.36e-03   1.63e-03  0.00  0.00  0.00   0.00e+00   0.00e+00   0.00e+00  0.4300  0.116   83.8   1.25     39
MACS_J0455.2+0657           5812   0.21   1.43 10.45  0.00  0.00  7.25  5.92  9.29  0.56  0.23  0.93   1.62e-03   1.48e-03   1.76e-03  0.00  0.00  0.00   0.00e+00   0.00e+00   0.00e+00  0.4247  0.127   82.9   0.83     46
MACS_J0520.7-1328           3272   0.25   1.75  8.88  0.00  0.00  6.35  5.68  7.16  0.43  0.27  0.60   2.60e-03   2.48e-03   2.72e-03  0.00  0.00  0.00   0.00e+00   0.00e+00   0.00e+00  0.3398  0.224   86.0   1.23    133
MACS_J0547.0-3904           3273   0.02   1.89  4.08  0.00  0.00  3.58  3.21  4.02  0.09  0.00  0.24   1.54e-03   1.44e-03   1.66e-03  0.00  0.00  0.00   0.00e+00   0.00e+00   0.00e+00  0.2100  0.133   75.5   1.16    102
MACS_J0553.4-3342           5813   0.22   2.11  2.88  0.00  0.00 13.14 10.64 16.96  0.57  0.24  0.92   3.86e-03   3.64e-03   4.10e-03  0.00  0.00  0.00   0.00e+00   0.00e+00   0.00e+00  0.4067  0.338   87.1   0.80     97
MACS_J0717.5+3745            4200+1655   0.01   1.47  6.75  0.00  0.00 12.77 11.77 13.93  0.30  0.19  0.40   3.68e-03   3.60e-03   3.76e-03  0.00  0.00  0.00   0.00e+00   0.00e+00   0.00e+00  0.5480  0.258   88.1   0.93    404
MACS_J0744.8+3927       3585+3197+6111   0.01   1.27  4.66  0.00  0.00  8.09  7.43  8.86  0.32  0.22  0.42   1.73e-03   1.65e-03   1.81e-03  0.00  0.00  0.00   0.00e+00   0.00e+00   0.00e+00  0.6860  0.103   82.9   1.14    307
MACS_J0911.2+1746            5012+3587   0.02   1.40  3.55  0.00  0.00  7.51  6.52  8.78  0.21  0.05  0.38   1.14e-03   1.07e-03   1.20e-03  0.00  0.00  0.00   0.00e+00   0.00e+00   0.00e+00  0.5409  0.076   78.9   0.93    108
MACS_J0949+1708             3274   0.01   1.78  3.17  0.00  0.00  9.16  7.98 10.69  0.37  0.17  0.57   3.21e-03   3.06e-03   3.36e-03  0.00  0.00  0.00   0.00e+00   0.00e+00   0.00e+00  0.3820  0.275   89.1   0.89    121
MACS_J1006.9+3200           5819   0.24   1.69  1.83  0.00  0.00  7.89  6.15 10.67  0.15  0.00  0.50   1.27e-03   1.16e-03   1.37e-03  0.00  0.00  0.00   0.00e+00   0.00e+00   0.00e+00  0.3587  0.112   76.0   1.84     45
MACS_J1105.7-1014           5817   0.21   1.41  4.58  0.00  0.00  7.54  6.03  9.83  0.22  0.00  0.51   1.59e-03   1.46e-03   1.72e-03  0.00  0.00  0.00   0.00e+00   0.00e+00   0.00e+00  0.4664  0.118   81.5   1.17     43
MACS_J1108.8+0906            3252+5009   0.02   1.41  2.52  0.00  0.00  6.52  5.70  7.46  0.29  0.12  0.47   1.38e-03   1.29e-03   1.48e-03  0.00  0.00  0.00   0.00e+00   0.00e+00   0.00e+00  0.4493  0.105   80.4   0.95    108
MACS_J1115.2+5320       3253+5008+5350   0.02   1.60  0.98  0.00  0.00  8.91  7.79 10.33  0.37  0.19  0.57   1.81e-03   1.71e-03   1.93e-03  0.00  0.00  0.00   0.00e+00   0.00e+00   0.00e+00  0.4390  0.152   75.6   0.93    160
MACS_J1115.8+0129           3275   0.03   3.53  4.36  0.00  0.00  6.78  5.87  7.95  0.07  0.00  0.28   2.80e-03   2.65e-03   2.91e-03  0.00  0.00  0.00   0.00e+00   0.00e+00   0.00e+00  0.1200  0.307   65.9   1.00    153
MACS_J1131.8-1955           3276   0.18   2.13  4.49  0.00  0.00  8.64  7.67  9.87  0.42  0.25  0.59   4.49e-03   4.32e-03   4.66e-03  0.00  0.00  0.00   0.00e+00   0.00e+00   0.00e+00  0.3070  0.422   87.4   1.00    159
MACS_J1149.5+2223            3589+1656   0.02   1.36  2.32  0.00  0.00  7.65  6.90  8.54  0.20  0.09  0.32   2.24e-03   2.15e-03   2.34e-03  0.00  0.00  0.00   0.00e+00   0.00e+00   0.00e+00  0.5440  0.150   87.5   1.00    192
MACS_J1206.2-0847           3277   0.01   1.53  4.15  0.00  0.00 10.21  9.24 11.40  0.33  0.20  0.46   4.66e-03   4.53e-03   4.80e-03  0.00  0.00  0.00   0.00e+00   0.00e+00   0.00e+00  0.4400  0.374   93.1   0.96    191
MACS_J1226.8+2153           3590   0.02   1.53  1.82  0.00  0.00  4.21  3.41  5.28  0.23  0.00  0.61   7.31e-04   6.38e-04   8.45e-04  0.00  0.00  0.00   0.00e+00   0.00e+00   0.00e+00  0.3700  0.052   67.9   1.02     33
MACS_J1311.0-0310            3258+6110   0.01   1.17  2.18  0.00  0.00  5.76  5.34  6.24  0.39  0.28  0.52   1.36e-03   1.28e-03   1.43e-03  0.00  0.00  0.00   0.00e+00   0.00e+00   0.00e+00  0.4940  0.100   72.0   0.96    227
MACS_J1319+7003             3278   0.17   1.68  1.53  0.00  0.00  7.99  6.56 10.07  0.30  0.02  0.59   1.64e-03   1.53e-03   1.74e-03  0.00  0.00  0.00   0.00e+00   0.00e+00   0.00e+00  0.3275  0.154   74.4   1.25     79
MACS_J1427.2+4407           6112   0.21   1.35  1.41  0.00  0.00  9.80  7.27 13.67  0.00  0.00  0.34   1.63e-03   1.50e-03   1.73e-03  0.00  0.00  0.00   0.00e+00   0.00e+00   0.00e+00  0.4771  0.120   84.9   0.67     37
MACS_J1427.6-2521           3279   0.34   1.99  6.11  0.00  0.00  4.65  3.93  5.57  0.18  0.00  0.44   1.17e-03   1.07e-03   1.27e-03  0.00  0.00  0.00   0.00e+00   0.00e+00   0.00e+00  0.2200  0.108   68.9   1.19     68
MACS_J1621.3+3810  6109+6172+3254+3594   0.01   1.77  1.07  0.00  0.00  7.12  6.57  7.78  0.34  0.23  0.45   1.50e-03   1.45e-03   1.56e-03  0.00  0.00  0.00   0.00e+00   0.00e+00   0.00e+00  0.4650  0.118   73.4   0.93    317
MACS_J1731.6+2252           3281   0.24   1.70  6.48  0.00  0.00  7.45  6.46  8.77  0.35  0.18  0.54   1.99e-03   1.90e-03   2.09e-03  0.00  0.00  0.00   0.00e+00   0.00e+00   0.00e+00  0.3661  0.169   84.1   1.20    112
MACS_J1931.8-2634           3282   0.16   2.08  9.13  0.00  0.00  6.97  6.36  7.69  0.27  0.15  0.38   5.81e-03   5.62e-03   6.02e-03  0.00  0.00  0.00   0.00e+00   0.00e+00   0.00e+00  0.3520  0.469   90.4   0.95    162
MACS_J2046.0-3430           5816   0.22   1.16  4.98  0.00  0.00  4.64  3.82  5.82  0.20  0.00  0.52   1.38e-03   1.26e-03   1.53e-03  0.00  0.00  0.00   0.00e+00   0.00e+00   0.00e+00  0.4133  0.097   82.7   0.89     34
MACS_J2049.9-3217           3283   0.25   1.92  5.99  0.00  0.00  6.83  6.14  7.67  0.43  0.28  0.60   2.35e-03   2.25e-03   2.45e-03  0.00  0.00  0.00   0.00e+00   0.00e+00   0.00e+00  0.3254  0.210   83.2   0.99    145
MACS_J2211.7-0349           3284   0.02   2.67  5.86  0.00  0.00 11.30 10.13 12.76  0.15  0.01  0.28   6.67e-03   6.48e-03   6.87e-03  0.00  0.00  0.00   0.00e+00   0.00e+00   0.00e+00  0.2700  0.620   88.4   1.24    221
MACS_J2214.9-1359            3259+5011   0.01   1.44  3.32  0.00  0.00  9.78  8.69 11.16  0.23  0.09  0.37   2.50e-03   2.40e-03   2.60e-03  0.00  0.00  0.00   0.00e+00   0.00e+00   0.00e+00  0.5026  0.183   87.8   0.99    187
MACS_J2228+2036             3285   0.01   1.67  4.52  0.00  0.00  7.86  7.01  8.94  0.39  0.24  0.55   2.91e-03   2.79e-03   3.03e-03  0.00  0.00  0.00   0.00e+00   0.00e+00   0.00e+00  0.4120  0.236   88.2   0.99    142
MACS_J2229.7-2755           3286   0.02   1.88  1.34  0.00  0.00  5.01  4.58  5.51  0.55  0.37  0.74   2.69e-03   2.54e-03   2.84e-03  0.00  0.00  0.00   0.00e+00   0.00e+00   0.00e+00  0.3240  0.252   85.4   1.05    120
MACS_J2243.3-0935           3260   0.66   5.13  4.31  0.00  0.00  4.09  3.64  4.60  0.03  0.00  0.18   2.85e-03   2.68e-03   2.97e-03  0.00  0.00  0.00   0.00e+00   0.00e+00   0.00e+00  0.1010  0.294   51.4   1.17    204
MACS_J2245.0+2637           3287   0.19   1.68  5.50  0.00  0.00  6.06  5.52  6.69  0.60  0.42  0.80   2.90e-03   2.75e-03   3.05e-03  0.00  0.00  0.00   0.00e+00   0.00e+00   0.00e+00  0.3040  0.274   88.1   0.94    131
MACS_J2311+0338             3288   0.27   1.35  5.23  0.00  0.00  8.12  6.96  9.56  0.46  0.26  0.68   3.06e-03   2.90e-03   3.20e-03  0.00  0.00  0.00   0.00e+00   0.00e+00   0.00e+00  0.2998  0.286   88.9   1.07    109
MKW3S                        900   1.37   6.65  3.05  0.00  0.00  3.91  3.85  3.97  0.34  0.30  0.37   1.82e-02   1.80e-02   1.85e-02  0.00  0.00  0.00   0.00e+00   0.00e+00   0.00e+00  0.0450  2.316   86.8   1.38    427
MS_0016.9+1609               520   0.01   1.86  4.06  0.00  0.00  8.94  8.32  9.65  0.29  0.21  0.38   3.18e-03   3.11e-03   3.25e-03  0.00  0.00  0.00   0.00e+00   0.00e+00   0.00e+00  0.5410  0.231   83.5   0.91    260
MS_0451.6-0305               902   0.01   1.74  5.68  0.00  0.00  8.90  8.18  9.75  0.37  0.26  0.48   3.26e-03   3.18e-03   3.34e-03  0.00  0.00  0.00   0.00e+00   0.00e+00   0.00e+00  0.5386  0.314   60.8   1.00    219
MS_0735.6+7421              4197   0.02   2.51  3.40  0.00  0.00  5.55  5.33  5.79  0.35  0.29  0.42   4.78e-03   4.69e-03   4.87e-03  0.00  0.00  0.00   0.00e+00   0.00e+00   0.00e+00  0.2160  0.646   62.9   1.05    306
MS_0839.8+2938              2224   0.26   2.28  3.92  0.00  0.00  4.68  4.39  5.00  0.46  0.34  0.59   2.58e-03   2.49e-03   2.68e-03  0.00  0.00  0.00   0.00e+00   0.00e+00   0.00e+00  0.1940  0.388   60.8   0.90    198
MS_0906.5+1110               924   0.02   3.83  3.60  0.00  0.00  5.38  5.09  5.71  0.27  0.18  0.36   5.21e-03   5.08e-03   5.35e-03  0.00  0.00  0.00   0.00e+00   0.00e+00   0.00e+00  0.1630  0.555   75.5   1.21    278
MS_1006.0+1202               925   0.02   2.80  3.63  0.00  0.00  5.61  5.18  6.12  0.24  0.12  0.35   2.97e-03   2.87e-03   3.08e-03  0.00  0.00  0.00   0.00e+00   0.00e+00   0.00e+00  0.2210  0.297   75.5   1.30    200
MS_1008.1-1224               926   0.27   2.12  6.71  0.00  0.00  5.65  5.22  6.14  0.26  0.16  0.37   2.38e-03   2.31e-03   2.47e-03  0.00  0.00  0.00   0.00e+00   0.00e+00   0.00e+00  0.3010  0.208   78.2   1.21    202
MS_1054.5-0321               512   0.01   1.80  3.69  0.00  0.00  9.38  8.04 11.10  0.13  0.00  0.30   1.35e-03   1.30e-03   1.40e-03  0.00  0.00  0.00   0.00e+00   0.00e+00   0.00e+00  0.8300  0.102   41.6   1.02    205
MS_1455.0+2232              4192   0.02   1.99  3.35  0.00  0.00  4.77  4.64  4.90  0.44  0.39  0.49   4.91e-03   4.83e-03   4.99e-03  0.00  0.00  0.00   0.00e+00   0.00e+00   0.00e+00  0.2590  0.434   90.5   1.29    344
MS_1621.5+2640               546   0.01   1.86  3.59  0.00  0.00  6.11  5.35  7.06  0.40  0.19  0.63   1.13e-03   1.06e-03   1.19e-03  0.00  0.00  0.00   0.00e+00   0.00e+00   0.00e+00  0.4260  0.095   68.0   1.02    110
MS_2053.7-0449               1667+551   0.01   1.81  5.16  0.00  0.00  3.66  3.06  4.47  0.39  0.06  0.77   4.39e-04   3.65e-04   4.86e-04  0.00  0.00  0.00   0.00e+00   0.00e+00   0.00e+00  0.5830  0.023   58.9   0.97    108
MS_2137.3-2353              4974   0.02   2.06  3.40  0.00  0.00  6.01  5.55  6.53  0.45  0.31  0.58   3.35e-03   3.24e-03   3.48e-03  0.00  0.00  0.00   0.00e+00   0.00e+00   0.00e+00  0.3130  0.421   55.6   1.12    173
PKS_0745-191                6103   0.64   5.81 40.80  0.00  0.00  8.13  7.79  8.50  0.38  0.32  0.44   4.68e-02   4.61e-02   4.75e-02  0.00  0.00  0.00   0.00e+00   0.00e+00   0.00e+00  0.1028  4.004   89.4   1.02    393
RBS_0797                    2202   0.02   1.92  2.22  0.00  0.00  7.68  6.91  8.60  0.32  0.19  0.46   5.47e-03   5.27e-03   5.66e-03  0.00  0.00  0.00   0.00e+00   0.00e+00   0.00e+00  0.3540  0.507   89.0   1.07    156
RDCS_1252-29                4198   0.01   0.53  6.06  0.00  0.00  4.25  3.11  6.07  0.79  0.17  1.80   9.65e-05   7.57e-05   1.21e-04  0.00  0.00  0.00   0.00e+00   0.00e+00   0.00e+00  1.2370  0.003   50.7   1.07     20
RX_J0232.2-4420             4993   0.28   2.30  2.53  0.00  0.00  7.83  7.15  8.60  0.36  0.23  0.48   5.61e-03   5.45e-03   5.78e-03  0.00  0.00  0.00   0.00e+00   0.00e+00   0.00e+00  0.2836  0.528   85.9   1.13    200
RX_J0340-4542               6954   0.79   4.45  1.63  0.00  0.00  3.16  2.81  3.54  0.62  0.37  0.93   1.56e-03   1.39e-03   1.73e-03  0.00  0.00  0.00   0.00e+00   0.00e+00   0.00e+00  0.0818  0.201   43.0   1.27    169
RX_J0439+0520                527   0.02   2.38 10.02  0.00  0.00  4.60  4.01  5.24  0.44  0.20  0.73   2.91e-03   2.74e-03   3.24e-03  0.00  0.00  0.00   0.00e+00   0.00e+00   0.00e+00  0.2080  0.289   77.8   1.03     93
RX_J0439.0+0715             3583+1449   0.02   2.82 11.16  0.00  0.00  5.63  5.31  5.99  0.32  0.24  0.42   5.90e-03   5.74e-03   6.07e-03  0.00  0.00  0.00   0.00e+00   0.00e+00   0.00e+00  0.2300  0.512   82.8   1.28    326
RX_J0528.9-3927             4994   0.30   2.73  2.36  0.00  0.00  7.89  7.13  8.85  0.27  0.13  0.41   4.67e-03   4.52e-03   4.84e-03  0.00  0.00  0.00   0.00e+00   0.00e+00   0.00e+00  0.2632  0.452   83.6   0.92    184
RX_J0647.7+7015        3196+3584   0.01   1.30  5.18  0.00  0.00 11.28  9.83 13.13  0.20  0.03  0.37   2.04e-03   1.95e-03   2.13e-03  0.00  0.00  0.00   0.00e+00   0.00e+00   0.00e+00  0.5840  0.138   80.7   1.02    181
RX_J0910+5422               2452+2227   0.01   0.48  2.07  0.00  0.00  4.53  2.83  7.55  0.00  0.00  0.73   7.08e-05   5.26e-05   9.77e-05  0.00  0.00  0.00   0.00e+00   0.00e+00   0.00e+00  1.1000  0.002   31.4   0.90     26
RX_J1347.5-1145         3592+507   0.01   2.15  4.89  0.00  0.00 14.62 13.83 15.59  0.32  0.25  0.40   1.00e-02   9.82e-03   1.03e-02  0.00  0.00  0.00   0.00e+00   0.00e+00   0.00e+00  0.4510  1.129   93.1   1.12    584
RX_J1350+6007               2229   0.01   0.71  1.77  0.00  0.00  4.48  2.99  6.80  0.13  0.00  1.36   1.71e-04   1.32e-04   2.07e-04  0.00  0.00  0.00   0.00e+00   0.00e+00   0.00e+00  0.8040  0.007   57.6   0.82     16
RX_J1423.8+2404        1657+4195   0.01   1.44  2.65  0.00  0.00  6.64  6.30  7.02  0.37  0.30  0.44   1.71e-03   1.68e-03   1.75e-03  0.00  0.00  0.00   0.00e+00   0.00e+00   0.00e+00  0.5450  0.161   86.0   1.02    333
RX_J1504.1-0248             5793   0.24   3.22  6.27  0.00  0.00  8.00  7.76  8.27  0.40  0.35  0.44   1.84e-02   1.82e-02   1.86e-02  0.00  0.00  0.00   0.00e+00   0.00e+00   0.00e+00  0.2150  1.799   91.9   1.29    396
RX_J1525+0958               1664   0.20   1.11  2.96  0.00  0.00  3.74  3.29  4.37  0.67  0.38  1.03   4.98e-04   4.49e-04   5.50e-04  0.00  0.00  0.00   0.00e+00   0.00e+00   0.00e+00  0.5160  0.034   79.1   1.29     58
RX_J1532.9+3021             1665+1649   0.02   1.80  2.21  0.00  0.00  6.03  5.65  6.45  0.42  0.32  0.53   5.08e-03   4.90e-03   5.26e-03  0.00  0.00  0.00   0.00e+00   0.00e+00   0.00e+00  0.3450  0.454   73.8   0.94    270
RX_J1716.9+6708              548   0.01   1.57  3.71  0.00  0.00  5.71  4.65  7.18  0.68  0.33  1.10   4.81e-04   4.33e-04   5.33e-04  0.00  0.00  0.00   0.00e+00   0.00e+00   0.00e+00  0.8100  0.028   55.3   0.79     71
RX_J1720.1+2638             4361   0.30   3.15  4.02  0.00  0.00  6.37  6.11  6.65  0.35  0.29  0.42   1.13e-02   1.11e-02   1.15e-02  0.00  0.00  0.00   0.00e+00   0.00e+00   0.00e+00  0.1640  1.222   90.7   1.10    331
RX_J1720.2+3536        7225+3280+6107   0.01   1.43  3.35  0.00  0.00  7.21  6.75  7.74  0.41  0.31  0.51   2.37e-03   2.16e-03   2.58e-03  0.00  0.00  0.00   0.00e+00   0.00e+00   0.00e+00  0.3913  0.204   85.5   1.12    326
RX_J2011.3-5725             4995   0.29   1.63  4.76  0.00  0.00  3.94  3.57  4.39  0.34  0.16  0.55   1.39e-03   1.28e-03   1.49e-03  0.00  0.00  0.00   0.00e+00   0.00e+00   0.00e+00  0.2786  0.117   76.3   0.94     93
RX_J2129.6+0005              552   0.22   3.35  4.30  0.00  0.00  5.91  5.44  6.45  0.45  0.30  0.60   6.47e-03   6.21e-03   6.73e-03  0.00  0.00  0.00   0.00e+00   0.00e+00   0.00e+00  0.2350  0.672   80.9   1.21    171
S0463                       6956+7250   0.07   3.96  1.06  0.00  0.00  3.10  2.85  3.39  0.24  0.13  0.38   8.35e-02   0.00e+00   1.00e+24  0.00  0.00  0.00   0.00e+00   0.00e+00   0.00e+00  0.0986  0.100   47.3 225.63    205
V_1121.0+2327               1660   0.01   1.44  1.30  0.00  0.00  3.60  3.14  4.22  0.36  0.12  0.65   4.60e-04   4.14e-04   5.07e-04  0.00  0.00  0.00   0.00e+00   0.00e+00   0.00e+00  0.5600  0.028   66.3   1.21     73
ZWCL_1215                   4184   0.82   4.78  1.76  0.00  0.00  6.64  6.29  7.04  0.29  0.20  0.38   1.50e-02   1.47e-02   1.53e-02  0.00  0.00  0.00   0.00e+00   0.00e+00   0.00e+00  0.0750  1.798   88.6   1.17    296
ZWCL_1358+6245               516   0.17   2.14  1.94  0.00  0.00 10.66  9.53 12.14  0.47  0.28  0.66   2.41e-03   2.33e-03   2.50e-03  0.00  0.00  0.00   0.00e+00   0.00e+00   0.00e+00  0.3280  0.323   55.5   1.08    215
ZWCL_1953                   1659   0.02   2.76  3.10  0.00  0.00  7.37  6.59  8.37  0.19  0.06  0.32   3.42e-03   3.30e-03   3.54e-03  0.00  0.00  0.00   0.00e+00   0.00e+00   0.00e+00  0.3800  0.289   74.1   0.84    178
ZWCL_3146                    909   0.02   3.10  2.70  0.00  0.00  7.48  7.18  7.80  0.31  0.25  0.36   9.14e-03   9.01e-03   9.26e-03  0.00  0.00  0.00   0.00e+00   0.00e+00   0.00e+00  0.2900  0.919   86.2   1.03    373
ZWCL_5247                    539   0.23   3.00  1.70  0.00  0.00  5.06  4.42  5.91  0.22  0.03  0.43   2.90e-03   2.72e-03   3.10e-03  0.00  0.00  0.00   0.00e+00   0.00e+00   0.00e+00  0.2290  0.292   74.2   0.83     93
ZWCL_7160                    543   0.02   2.92  3.10  0.00  0.00  4.53  4.18  4.93  0.40  0.26  0.55   5.08e-03   4.83e-03   5.34e-03  0.00  0.00  0.00   0.00e+00   0.00e+00   0.00e+00  0.2578  0.503   80.7   0.94    140
ZWICKY_2701                 3195   0.02   2.32  0.83  0.00  0.00  5.21  4.91  5.55  0.43  0.32  0.56   3.24e-03   3.13e-03   3.35e-03  0.00  0.00  0.00   0.00e+00   0.00e+00   0.00e+00  0.2100  0.485   57.8   0.89    203
ZwCL_1332.8+5043            5772   0.12   1.51  1.10  0.00  0.00  3.62  2.42  7.08  0.76  0.00 13.21   4.56e-04   0.00e+00   8.12e-04  0.00  0.00  0.00   0.00e+00   0.00e+00   0.00e+00  0.6200  0.022   48.4   0.24      7
ZwCl_0848.5+3341            4205   0.24   1.67  1.12  0.00  0.00  6.83  5.50  9.01  0.56  0.11  1.10   8.60e-04   7.63e-04   9.57e-04  0.00  0.00  0.00   0.00e+00   0.00e+00   0.00e+00  0.3706  0.109   37.8   0.82     53
