# Model: wabs(mekal) for r5000-50 spectra; Fit Range = 2.0 - 7.0; Count Rates = 2.0 - 7.0 keV
# Nh frozen = yes; Fe frozen = no; Confidence Levels = 2.71; Systematic error = 0.00
# Cluster                  ObsID    Rin   Rout  nh20   nlo   nhi    Tx   Tlo   Thi    Fe  Felo  Fehi       Norm     Normlo     Normhi   Tx2  Tlo2  Thi2      Norm2    Normlo2    Normhi2       z     Cr   Src%   cash    dof
3C_220.1                     839   0.01   1.03  1.91  0.00  0.00  6.72  2.94 17.90  0.00  0.00  1.17   2.71e-04   1.92e-04   3.81e-04  0.00  0.00  0.00   0.00e+00   0.00e+00   0.00e+00  0.6100  0.013   22.6  10.48     17
ABELL_0370                   515   0.02   1.39  3.37  0.00  0.00 10.15  8.63 12.32  0.39  0.23  0.57   1.80e-03   1.72e-03   1.88e-03  0.00  0.00  0.00   0.00e+00   0.00e+00   0.00e+00  0.3747  0.108   50.4 185.88    183
ABELL_1682                  3244   0.02   2.19  1.10  0.00  0.00  8.61  5.48 16.20  0.65  0.14  1.56   2.52e-03   2.11e-03   2.98e-03  0.00  0.00  0.00   0.00e+00   0.00e+00   0.00e+00  0.2260  0.124   70.4  39.07     35
ABELL_1758                  2213   0.02   1.78  1.09  0.00  0.00  9.90  8.01 11.12  0.50  0.26  0.60   3.43e-03   3.33e-03   3.60e-03  0.00  0.00  0.00   0.00e+00   0.00e+00   0.00e+00  0.2792  0.198   69.1 226.26    235
ABELL_2111                   544   0.02   2.06  2.20  0.00  0.00  7.68  5.27 12.18  0.00  0.00  0.42   1.58e-03   1.40e-03   1.78e-03  0.00  0.00  0.00   0.00e+00   0.00e+00   0.00e+00  0.2300  0.066   58.8  29.20     33
CL_0024+17                   929   0.01   1.10  4.36  0.00  0.00  7.14  4.31 12.56  0.30  0.00  0.86   4.12e-04   3.49e-04   5.02e-04  0.00  0.00  0.00   0.00e+00   0.00e+00   0.00e+00  0.3940  0.021   28.5  39.66     41
CL_J0030+2618               5762   0.01   1.45  4.10  0.00  0.00  7.25  4.28 17.60  0.00  0.00  0.45   5.07e-04   4.18e-04   6.34e-04  0.00  0.00  0.00   0.00e+00   0.00e+00   0.00e+00  0.5000  0.020   57.7  19.36     15
CL_J0152-1357                913   0.01   0.58  1.45  0.00  0.00  6.07  3.56 12.23  0.00  0.00  0.72   1.55e-04   1.24e-04   2.05e-04  0.00  0.00  0.00   0.00e+00   0.00e+00   0.00e+00  0.8310  0.005   49.3  29.32      9
CL_J0848+4456                927   0.01   0.55  2.53  0.00  0.00  3.19  2.09  5.27  0.00  0.00  1.00   7.01e-05   5.09e-05   8.88e-05  0.00  0.00  0.00   0.00e+00   0.00e+00   0.00e+00  0.5740  0.002   42.4   6.50     12
CL_J1113.1-2615              915   0.01   0.98  5.51  0.00  0.00  4.79  3.53  5.94  0.52  0.11  1.15   1.79e-04   1.56e-04   2.16e-04  0.00  0.00  0.00   0.00e+00   0.00e+00   0.00e+00  0.7300  0.007   32.2  39.33     39
CL_J1226.9+3332              932   0.01   1.09  1.37  0.00  0.00 14.72  8.78 33.07  0.69  0.00  2.37   1.14e-03   9.22e-04   1.36e-03  0.00  0.00  0.00   0.00e+00   0.00e+00   0.00e+00  0.8900  0.066   42.2  13.87     22
CL_J2302.8+0844              918   0.01   1.16  5.05  0.00  0.00 11.83  7.84 20.91  0.15  0.00  0.70   2.11e-04   1.87e-04   2.34e-04  0.00  0.00  0.00   0.00e+00   0.00e+00   0.00e+00  0.7300  0.010   34.3  48.57     57
IRAS_09104+4109              509   0.01   1.40  1.36  0.00  0.00  7.18  4.52 11.58  1.01  0.43  1.99   2.16e-03   1.77e-03   2.59e-03  0.00  0.00  0.00   0.00e+00   0.00e+00   0.00e+00  0.4420  0.136   36.4  91.00     74
LYNX_E                      9271   0.01   0.37  2.53  0.00  0.00  4.82  2.68 13.03  0.88  0.00 36.68   3.26e-05   6.30e-06   5.14e-05  0.00  0.00  0.00   0.00e+00   0.00e+00   0.00e+00  1.2600  0.001   38.9   1.91      6
MACS_J1319+7003             3278   0.02   1.19  1.53  0.00  0.00 10.12  7.34 15.62  0.07  0.00  0.42   1.39e-03   1.26e-03   1.52e-03  0.00  0.00  0.00   0.00e+00   0.00e+00   0.00e+00  0.3275  0.066   83.8  42.99     40
MACS_J1427.6-2521           3279   0.02   1.46  6.11  0.00  0.00  6.69  4.74 10.81  0.08  0.00  0.43   9.72e-04   8.54e-04   1.11e-03  0.00  0.00  0.00   0.00e+00   0.00e+00   0.00e+00  0.2200  0.042   79.9  38.96     30
MACS_J2311+0338             3288   0.02   0.92  5.23  0.00  0.00 12.99  9.64 20.05  0.70  0.32  1.29   2.09e-03   1.90e-03   2.28e-03  0.00  0.00  0.00   0.00e+00   0.00e+00   0.00e+00  0.2998  0.110   93.5  47.14     47
MS_0440.5+0204              4196   0.02   2.51  9.10  0.00  0.00  4.45  3.08  6.06  0.19  0.00  0.75   2.65e-03   2.23e-03   3.05e-03  0.00  0.00  0.00   0.00e+00   0.00e+00   0.00e+00  0.1900  0.101   26.3  61.18     83
MS_2053.7-0449              1667   0.01   1.28  5.16  0.00  0.00  5.05  3.67  7.57  0.17  0.00  0.54   3.90e-04   3.33e-04   4.58e-04  0.00  0.00  0.00   0.00e+00   0.00e+00   0.00e+00  0.5830  0.014   40.4  17.79     31
RX_J0439.0+0715             1449   0.02   2.17  1.10  0.00  0.00 10.92  7.81 17.57  0.65  0.21  1.21   4.24e-03   3.82e-03   4.63e-03  0.00  0.00  0.00   0.00e+00   0.00e+00   0.00e+00  0.2400  0.218   77.6  70.46     53
RX_J0820.9+0752             1647   0.04   3.03  2.37  0.00  0.00  1.46  0.90  2.17 606.86 89.05 1000.00   1.27e-05   0.00e+00   4.84e-03  0.00  0.00  0.00   0.00e+00   0.00e+00   0.00e+00  0.1100  0.065   29.3   3.42     12
RX_J0910+5422               2227   0.01   0.61  2.07  0.00  0.00  4.28  2.57  9.50  0.47  0.00  3.08   6.35e-05   3.93e-05   9.34e-05  0.00  0.00  0.00   0.00e+00   0.00e+00   0.00e+00  1.1000  0.002   39.5   4.40     12
RX_J1053+5735               4936   0.01   0.35  0.59  0.00  0.00 11.47  3.79 79.90  0.88  0.00 1000.00   2.83e-05   0.00e+00   4.31e-05  0.00  0.00  0.00   0.00e+00   0.00e+00   0.00e+00  1.1400  0.001   15.8  18.26      8
ZWCL_1358+6245               516   0.02   1.51  1.94  0.00  0.00  9.04  7.58 11.13  0.50  0.30  0.72   1.97e-03   1.87e-03   2.09e-03  0.00  0.00  0.00   0.00e+00   0.00e+00   0.00e+00  0.3280  0.115   53.1 119.76    133
