# Model: wabs(mekal) for r5000-50 spectra; Fit Range = 0.7 - 7.0; Count Rates = 0.7 - 7.0 keV
# Nh frozen = yes; Fe frozen = no; Confidence Levels = 2.71; Systematic error = 0.00
# Cluster                       ObsID    Rin   Rout  nh20   nlo   nhi    Tx   Tlo   Thi    Fe  Felo  Fehi       Norm     Normlo     Normhi   Tx2  Tlo2  Thi2      Norm2    Normlo2    Normhi2       z     Cr   Src%  chisq    dof
1RXS_J2129.4-0741            3199+3595   0.01   0.91  4.36  0.00  0.00  8.47  7.42  9.78  0.51  0.32  0.71   1.54e-03   1.44e-03   1.63e-03  0.00  0.00  0.00   0.00e+00   0.00e+00   0.00e+00  0.5700  0.110   87.5   1.16    121
MACS_J1621.3+3810  6109+6172+3254+3594   0.01   1.25  1.07  0.00  0.00  7.48  6.86  8.22  0.35  0.23  0.48   1.33e-03   1.28e-03   1.38e-03  0.00  0.00  0.00   0.00e+00   0.00e+00   0.00e+00  0.4650  0.105   95.1   0.98    274
RX_J0647.7+7015             3196+3584   0.01   0.92  5.18  0.00  0.00 11.46  9.88 13.51  0.24  0.04  0.42   1.73e-03   1.65e-03   1.82e-03  0.00  0.00  0.00   0.00e+00   0.00e+00   0.00e+00  0.5840  0.117   88.3   1.00    152
RX_J1720.2+3536        7225+3280+6107   0.01   1.01  3.35  0.00  0.00  7.34  6.84  7.93  0.43  0.32  0.54   1.97e-03   1.79e-03   2.16e-03  0.00  0.00  0.00   0.00e+00   0.00e+00   0.00e+00  0.3913  0.170   95.6   1.03    330
MACS_J0159.8-0849            6106+3265   0.01   1.53  2.01  0.00  0.00  9.36  8.69 10.13  0.29  0.20  0.38   3.58e-03   3.50e-03   3.67e-03  0.00  0.00  0.00   0.00e+00   0.00e+00   0.00e+00  0.4050  0.301   94.4   1.05    351
MACS_J0329.6-0211       6108+3582+3257   0.01   0.86  6.21  0.00  0.00  6.44  5.99  6.94  0.40  0.31  0.50   1.76e-03   1.70e-03   1.82e-03  0.00  0.00  0.00   0.00e+00   0.00e+00   0.00e+00  0.4500  0.133   96.1   1.12    285
MACS_J0717.5+3745            4200+1655   0.01   1.04  6.75  0.00  0.00 13.30 12.09 14.74  0.32  0.19  0.44   2.66e-03   2.59e-03   2.73e-03  0.00  0.00  0.00   0.00e+00   0.00e+00   0.00e+00  0.5480  0.187   91.3   0.91    324
MACS_J0744.8+3927            3585+3197   0.01   0.90  4.66  0.00  0.00  8.64  7.51 10.01  0.29  0.12  0.46   1.49e-03   1.41e-03   1.58e-03  0.00  0.00  0.00   0.00e+00   0.00e+00   0.00e+00  0.6860  0.089   89.8   1.17    113
MACS_J1149.5+2223            3589+1656   0.02   2.46  2.32  0.00  0.00  6.48  5.87  7.25  0.18  0.05  0.32   1.97e-03   1.89e-03   2.05e-03  0.00  0.00  0.00   0.00e+00   0.00e+00   0.00e+00  0.1761  0.204   79.3   0.98    267
