# Model: wabs(mekal) for r5000 spectra; Fit Range = 2.0 - 7.0; Count Rates = 2.0 - 7.0 keV
# Nh frozen = no; Fe frozen = yes; Confidence Levels = 2.71; Systematic error = 0.00
# Cluster                  ObsID    Rin   Rout  nh20   nlo   nhi    Tx   Tlo   Thi    Fe  Felo  Fehi       Norm     Normlo     Normhi   Tx2  Tlo2  Thi2      Norm2    Normlo2    Normhi2       z     Cr   Src%  chisq    dof
1RXS_J2129.4-0741           3595   0.00   1.20  0.00  0.00 165.72  9.63  7.32 14.17  0.52  0.52  0.52   1.85e-03   1.69e-03   2.19e-03  0.00  0.00  0.00   0.00e+00   0.00e+00   0.00e+00  0.5700  0.025   84.0   1.16     18
3C_220.1                     839   0.00   1.03  0.00  0.00 437.39 79.90  9.20 79.90  0.30  0.30  0.30   6.26e-04   4.82e-04   7.47e-04  0.00  0.00  0.00   0.00e+00   0.00e+00   0.00e+00  0.6100  0.009   74.9   0.86      7
3C_28.0                     3233   0.00   1.63 94.35 10.90 178.99  4.52  3.66  5.88  0.12  0.12  0.12   4.63e-03   3.57e-03   6.05e-03  0.00  0.00  0.00   0.00e+00   0.00e+00   0.00e+00  0.1952  0.090   89.6   0.87    145
3C_346                      3129   0.00   0.98  0.00  0.00 63.64  7.57  4.57 17.49  0.35  0.35  0.35   6.37e-04   5.62e-04   8.32e-04  0.00  0.00  0.00   0.00e+00   0.00e+00   0.00e+00  0.1620  0.022   61.4   0.82     33
4C_55.16                    4940   0.00   1.43 68.82  0.00 132.75  3.92  3.45  4.59  0.29  0.29  0.29   5.36e-03   4.40e-03   6.46e-03  0.00  0.00  0.00   0.00e+00   0.00e+00   0.00e+00  0.2420  0.091   73.2   1.03    192
ABELL_0068                  3250   0.00   2.13 43.09  0.00 155.38  8.28  5.59 13.03  0.30  0.30  0.30   4.71e-03   4.00e-03   6.19e-03  0.00  0.00  0.00   0.00e+00   0.00e+00   0.00e+00  0.2546  0.117   84.4   0.90     44
ABELL_0133                  2203   0.00   2.57  0.00  0.00 17.31  3.74  3.50  3.95  0.64  0.64  0.64   1.18e-02   1.15e-02   1.25e-02  0.00  0.00  0.00   0.00e+00   0.00e+00   0.00e+00  0.0558  0.441   83.9   1.12    248
ABELL_0267                  3580   0.00   1.89 104.29 13.09 194.34  7.13  5.33 10.78  0.26  0.26  0.26   4.57e-03   3.71e-03   5.76e-03  0.00  0.00  0.00   0.00e+00   0.00e+00   0.00e+00  0.2300  0.106   87.1   0.91     77
ABELL_0370                   515   0.00   1.39 111.62 22.80 202.03 10.89  9.04 14.44  0.39  0.39  0.39   2.28e-03   2.04e-03   2.54e-03  0.00  0.00  0.00   0.00e+00   0.00e+00   0.00e+00  0.3747  0.047   80.4   0.91    101
ABELL_0383                  2321   0.00   1.69 28.38  0.00 106.58  5.20  4.20  6.31  0.38  0.38  0.38   5.84e-03   5.14e-03   7.27e-03  0.00  0.00  0.00   0.00e+00   0.00e+00   0.00e+00  0.1871  0.159   81.4   1.22    100
ABELL_0399                  3230   0.00   4.71 52.87 28.89 78.58  6.06  5.39  6.84  0.23  0.23  0.23   1.76e-02   1.64e-02   1.91e-02  0.00  0.00  0.00   0.00e+00   0.00e+00   0.00e+00  0.0716  0.587   82.4   1.00    316
ABELL_0401                   518   0.00   5.26 14.80  0.00 37.69 10.30  8.64 12.42  0.46  0.46  0.46   3.62e-02   3.47e-02   3.83e-02  0.00  0.00  0.00   0.00e+00   0.00e+00   0.00e+00  0.0745  1.457   97.8   1.07    308
ABELL_0478                  1669   0.00   3.39 34.33 24.83 44.04  6.82  6.53  7.13  0.31  0.31  0.31   6.91e-02   6.74e-02   7.10e-02  0.00  0.00  0.00   0.00e+00   0.00e+00   0.00e+00  0.0883  2.576   88.0   1.20    326
ABELL_0478                  6102   0.00   4.21 38.11 18.30 58.02  7.25  6.61  8.03  0.31  0.31  0.31   6.55e-02   6.22e-02   6.90e-02  0.00  0.00  0.00   0.00e+00   0.00e+00   0.00e+00  0.0883  2.369   95.5   1.02    298
ABELL_0520                  4215   0.00   2.18 49.09 11.66 86.92  8.31  7.06 10.08  0.25  0.25  0.25   6.17e-03   5.65e-03   6.78e-03  0.00  0.00  0.00   0.00e+00   0.00e+00   0.00e+00  0.2020  0.170   87.8   1.00    245
ABELL_0521                   430   0.00   1.75 171.56 64.03 291.21  6.33  4.54  9.32  0.19  0.19  0.19   4.00e-03   3.12e-03   5.54e-03  0.00  0.00  0.00   0.00e+00   0.00e+00   0.00e+00  0.2533  0.079   60.4   0.82     79
ABELL_0576                  3289   0.00   3.85 93.23 53.42 135.96  2.88  2.60  3.22  0.46  0.46  0.46   1.70e-02   1.47e-02   1.97e-02  0.00  0.00  0.00   0.00e+00   0.00e+00   0.00e+00  0.0385  0.441   53.5   0.95    252
ABELL_0586                   530   0.00   2.70 117.10 34.63 209.15  5.48  4.20  7.28  0.30  0.30  0.30   9.88e-03   8.01e-03   1.29e-02  0.00  0.00  0.00   0.00e+00   0.00e+00   0.00e+00  0.1710  0.231   89.0   0.83     83
ABELL_0644                  2211   0.00   5.14 38.84 23.54 54.83  6.63  6.14  7.16  0.29  0.29  0.29   4.09e-02   3.91e-02   4.28e-02  0.00  0.00  0.00   0.00e+00   0.00e+00   0.00e+00  0.0698  1.469   91.3   1.16    323
ABELL_0665                  3586   0.00   2.52 39.06  0.00 89.02  7.66  6.26  9.71  0.19  0.19  0.19   9.04e-03   8.05e-03   1.03e-02  0.00  0.00  0.00   0.00e+00   0.00e+00   0.00e+00  0.1810  0.257   89.4   0.97    207
ABELL_0697                  4217   0.00   1.88 100.46 25.14 168.68 10.76  8.51 16.13  0.23  0.23  0.23   7.00e-03   6.14e-03   7.89e-03  0.00  0.00  0.00   0.00e+00   0.00e+00   0.00e+00  0.2820  0.165   91.0   1.05    104
ABELL_0773                  5006   0.00   2.22  8.74  0.00 66.25  9.60  7.59 12.52  0.34  0.34  0.34   5.44e-03   4.86e-03   6.12e-03  0.00  0.00  0.00   0.00e+00   0.00e+00   0.00e+00  0.2170  0.162   87.5   1.05    106
ABELL_0781                   534   0.00   1.97 80.62  0.00 334.57  9.85  4.68 62.47  0.30  0.30  0.30   1.79e-03   1.39e-03   3.13e-03  0.00  0.00  0.00   0.00e+00   0.00e+00   0.00e+00  0.2984  0.041   77.5   0.89     18
ABELL_0907                  3185   0.00   2.26 83.79 46.94 127.75  4.60  4.06  5.14  0.25  0.25  0.25   1.09e-02   9.76e-03   1.25e-02  0.00  0.00  0.00   0.00e+00   0.00e+00   0.00e+00  0.1527  0.255   91.4   1.21    248
ABELL_0963                   903   0.00   2.03 40.68  0.00 84.75  6.91  5.92  8.05  0.34  0.34  0.34   6.70e-03   6.10e-03   7.48e-03  0.00  0.00  0.00   0.00e+00   0.00e+00   0.00e+00  0.2056  0.189   77.0   1.04    193
ABELL_1068                  1652   0.00   2.16  0.00  0.00 21.11  4.63  4.17  5.12  0.42  0.42  0.42   9.07e-03   8.75e-03   9.87e-03  0.00  0.00  0.00   0.00e+00   0.00e+00   0.00e+00  0.1375  0.278   82.1   0.88    188
ABELL_1204                  2205   0.00   1.78 44.08  0.00 132.88  3.40  2.83  4.07  0.35  0.35  0.35   8.69e-03   7.13e-03   1.16e-02  0.00  0.00  0.00   0.00e+00   0.00e+00   0.00e+00  0.1706  0.164   94.0   1.13    123
ABELL_1361                  2200   0.00   2.54  0.00  0.00 55.27  8.97  5.42 18.24  0.61  0.61  0.61   4.85e-03   4.39e-03   5.77e-03  0.00  0.00  0.00   0.00e+00   0.00e+00   0.00e+00  0.1171  0.204   72.6   1.02     25
ABELL_1413                  5003   0.00   2.79 66.16 43.25 89.84  6.99  6.34  7.74  0.21  0.21  0.21   1.50e-02   1.41e-02   1.60e-02  0.00  0.00  0.00   0.00e+00   0.00e+00   0.00e+00  0.1426  0.380   91.6   0.93    297
ABELL_1423                   538   0.00   2.24  0.00  0.00 161.52  6.21  3.79  8.68  0.30  0.30  0.30   3.75e-03   3.34e-03   6.10e-03  0.00  0.00  0.00   0.00e+00   0.00e+00   0.00e+00  0.2130  0.094   84.9   1.10     36
ABELL_1650                  4178   0.00   2.94  1.32  0.00 26.15  6.00  5.40  6.44  0.40  0.40  0.40   1.83e-02   1.78e-02   1.97e-02  0.00  0.00  0.00   0.00e+00   0.00e+00   0.00e+00  0.0843  0.716   79.7   0.97    274
ABELL_1651                  4185   0.00   4.47 24.04  0.00 66.72  6.21  5.21  7.35  0.32  0.32  0.32   2.33e-02   2.13e-02   2.65e-02  0.00  0.00  0.00   0.00e+00   0.00e+00   0.00e+00  0.0840  0.837   89.6   1.14    215
ABELL_1664                  1648   0.00   2.19  0.24  0.00 105.04  4.45  3.27  5.30  0.11  0.11  0.11   7.95e-03   7.31e-03   1.16e-02  0.00  0.00  0.00   0.00e+00   0.00e+00   0.00e+00  0.1276  0.224   72.4   1.01     78
ABELL_1682                  3244   0.00   2.19 160.56  5.02 437.93 79.90  7.94 79.90  0.30  0.30  0.30   3.83e-03   3.07e-03   4.47e-03  0.00  0.00  0.00   0.00e+00   0.00e+00   0.00e+00  0.2260  0.090   81.7   1.26     19
ABELL_1689                  5004   0.00   2.74 63.75 30.50 95.80  9.90  8.50 11.96  0.25  0.25  0.25   2.01e-02   1.88e-02   2.16e-02  0.00  0.00  0.00   0.00e+00   0.00e+00   0.00e+00  0.1843  0.599   94.1   1.14    244
ABELL_1758                  2213   0.00   1.78 109.09 42.86 175.82  7.44  6.13  9.48  0.20  0.20  0.20   5.04e-03   4.36e-03   5.85e-03  0.00  0.00  0.00   0.00e+00   0.00e+00   0.00e+00  0.2792  0.106   63.7   0.92    166
ABELL_1763                  3591   0.00   2.24  0.00  0.00 45.55 10.67  7.92 15.79  0.16  0.16  0.16   4.85e-03   4.59e-03   5.47e-03  0.00  0.00  0.00   0.00e+00   0.00e+00   0.00e+00  0.1866  0.155   86.6   1.06    101
ABELL_1835                   495   0.00   1.87  1.89  0.00 34.66 10.01  8.95 11.28  0.36  0.36  0.36   1.57e-02   1.52e-02   1.66e-02  0.00  0.00  0.00   0.00e+00   0.00e+00   0.00e+00  0.2532  0.465   94.0   0.94    210
ABELL_1942                  3290   0.00   1.68 145.93 44.34 374.11  3.30  2.25  5.01  0.27  0.27  0.27   2.06e-03   1.24e-03   4.29e-03  0.00  0.00  0.00   0.00e+00   0.00e+00   0.00e+00  0.2240  0.025   71.1   1.02     63
ABELL_1991                  3193   0.00   2.88 41.28  0.00 99.07  2.12  1.91  2.36  0.30  0.30  0.30   1.20e-02   9.99e-03   1.49e-02  0.00  0.00  0.00   0.00e+00   0.00e+00   0.00e+00  0.0565  0.229   67.7   1.26    212
ABELL_2029                  4977   0.00   3.00  0.00  0.00  0.78  7.37  7.22  7.53  0.42  0.42  0.42   5.78e-02   5.74e-02   5.81e-02  0.00  0.00  0.00   0.00e+00   0.00e+00   0.00e+00  0.0765  2.505   91.6   2.48    328
ABELL_2029                  6101   0.00   5.00 29.97 13.12 46.97  8.15  7.44  8.97  0.42  0.42  0.42   6.70e-02   6.43e-02   6.99e-02  0.00  0.00  0.00   0.00e+00   0.00e+00   0.00e+00  0.0765  2.651   95.3   1.01    308
ABELL_2034                  2204   0.00   3.47 44.55 19.34 73.81  7.08  6.17  8.06  0.29  0.29  0.29   1.09e-02   1.02e-02   1.19e-02  0.00  0.00  0.00   0.00e+00   0.00e+00   0.00e+00  0.1130  0.362   86.5   1.01    296
ABELL_2104                   895   0.00   2.45 54.82 24.78 85.70  7.27  6.42  8.32  0.32  0.32  0.32   8.23e-03   7.65e-03   8.90e-03  0.00  0.00  0.00   0.00e+00   0.00e+00   0.00e+00  0.1554  0.267   69.2   0.98    260
ABELL_2111                   544   0.00   2.06 194.98  0.00 769.71  3.34  1.49 12.89  0.30  0.30  0.30   3.27e-03   0.00e+00   2.31e-02  0.00  0.00  0.00   0.00e+00   0.00e+00   0.00e+00  0.2300  0.039   76.8   0.75     18
ABELL_2124                  3238   0.00   2.77 73.17  0.00 201.76  3.66  2.62  5.31  0.30  0.30  0.30   4.33e-03   3.18e-03   6.83e-03  0.00  0.00  0.00   0.00e+00   0.00e+00   0.00e+00  0.0658  0.126   41.7   1.44    105
ABELL_2147                  3211   0.00   7.77 80.64 39.32 123.10  3.35  2.95  3.88  0.35  0.35  0.35   2.36e-02   2.02e-02   2.76e-02  0.00  0.00  0.00   0.00e+00   0.00e+00   0.00e+00  0.0356  0.604   68.9   1.08    278
ABELL_2163                  1653   0.00   3.21 32.86  0.00 58.03 14.04 11.46 20.60  0.22  0.22  0.22   2.38e-02   2.25e-02   2.51e-02  0.00  0.00  0.00   0.00e+00   0.00e+00   0.00e+00  0.1695  0.760   92.6   1.32    315
ABELL_2199                   497   0.00   2.89  0.00  0.00  7.97  4.14  3.98  4.29  0.43  0.43  0.43   4.68e-02   4.60e-02   4.83e-02  0.00  0.00  0.00   0.00e+00   0.00e+00   0.00e+00  0.0300  1.890   93.3   1.50    296
ABELL_2204                   499   0.00   2.66 44.80 13.85 76.41  6.43  5.75  7.23  0.38  0.38  0.38   3.31e-02   3.07e-02   3.59e-02  0.00  0.00  0.00   0.00e+00   0.00e+00   0.00e+00  0.1524  1.061   89.3   1.09    220
ABELL_2204                  6104   0.00   3.02 90.63 53.54 132.20  6.08  5.23  7.04  0.30  0.30  0.30   3.56e-02   3.22e-02   4.02e-02  0.00  0.00  0.00   0.00e+00   0.00e+00   0.00e+00  0.1524  0.987   95.7   1.01    221
ABELL_2218                  1666   0.00   2.37  0.00  0.00 26.17  9.41  8.11 10.95  0.30  0.30  0.30   5.94e-03   5.76e-03   6.33e-03  0.00  0.00  0.00   0.00e+00   0.00e+00   0.00e+00  0.1713  0.196   89.6   0.91    217
ABELL_2219                   896   0.00   2.31  7.24  0.00 36.58 12.88 10.91 15.46  0.27  0.27  0.27   1.27e-02   1.23e-02   1.34e-02  0.00  0.00  0.00   0.00e+00   0.00e+00   0.00e+00  0.2256  0.406   83.1   0.99    265
ABELL_2244                  4179   0.00   2.96 21.93  0.76 43.42  5.21  4.82  5.66  0.29  0.29  0.29   1.97e-02   1.85e-02   2.11e-02  0.00  0.00  0.00   0.00e+00   0.00e+00   0.00e+00  0.0967  0.662   78.7   1.08    307
ABELL_2255                   894   0.00   4.45  0.00  0.00  3.23 38.99 30.53 54.52  0.25  0.25  0.25   1.12e-02   1.10e-02   1.17e-02  0.00  0.00  0.00   0.00e+00   0.00e+00   0.00e+00  0.0805  0.458  100.0   1.77    295
ABELL_2259                  3245   0.00   2.11  0.11  0.00 94.29  5.54  4.12  7.29  0.30  0.30  0.30   5.32e-03   4.80e-03   7.07e-03  0.00  0.00  0.00   0.00e+00   0.00e+00   0.00e+00  0.1640  0.143   88.4   0.78     53
ABELL_2261                  5007   0.00   2.04 80.19 34.08 128.31  7.64  6.47  9.20  0.30  0.30  0.30   9.71e-03   8.79e-03   1.08e-02  0.00  0.00  0.00   0.00e+00   0.00e+00   0.00e+00  0.2240  0.243   92.6   0.83    177
ABELL_2294                  3246   0.00   2.36 129.94 53.72 208.04  8.58  6.32 12.93  0.30  0.30  0.30   7.19e-03   6.14e-03   8.63e-03  0.00  0.00  0.00   0.00e+00   0.00e+00   0.00e+00  0.1780  0.199   87.1   0.85     70
ABELL_2319                  3231   0.00   7.53 30.55 14.89 45.61 10.01  8.99 11.37  0.25  0.25  0.25   8.07e-02   7.77e-02   8.38e-02  0.00  0.00  0.00   0.00e+00   0.00e+00   0.00e+00  0.0562  3.226   90.8   1.23    327
ABELL_2384                  4202   0.00   2.96 82.20  0.00 169.09  3.38  2.74  4.51  0.30  0.30  0.30   7.75e-03   5.66e-03   1.05e-02  0.00  0.00  0.00   0.00e+00   0.00e+00   0.00e+00  0.0945  0.174   83.0   1.07    178
ABELL_2390                  4193   0.00   2.20 58.50 39.98 77.42  7.74  7.23  8.28  0.25  0.25  0.25   1.68e-02   1.61e-02   1.75e-02  0.00  0.00  0.00   0.00e+00   0.00e+00   0.00e+00  0.2301  0.435   79.2   0.93    299
ABELL_2409                  3247   0.00   2.42 89.89  7.48 182.01  4.61  3.64  5.97  0.30  0.30  0.30   1.08e-02   8.57e-03   1.43e-02  0.00  0.00  0.00   0.00e+00   0.00e+00   0.00e+00  0.1479  0.249   90.2   0.94     86
ABELL_2550                  2225   0.00   1.60 558.73 298.20 825.06  0.92  0.74  1.16  0.30  0.30  0.30   1.94e-02   0.00e+00   6.07e-02  0.00  0.00  0.00   0.00e+00   0.00e+00   0.00e+00  0.1543  0.016   43.5   1.58     58
ABELL_2554                  1696   0.00   3.36 164.78  0.00 299.35  2.98  2.28  5.08  0.44  0.44  0.44   6.90e-03   3.89e-03   1.09e-02  0.00  0.00  0.00   0.00e+00   0.00e+00   0.00e+00  0.1103  0.131   32.6   0.97    125
ABELL_2556                  2226   0.00   3.35 13.92  0.00 103.90  3.09  2.51  3.49  0.34  0.34  0.34   1.05e-02   9.46e-03   1.44e-02  0.00  0.00  0.00   0.00e+00   0.00e+00   0.00e+00  0.0862  0.263   58.4   1.00    178
ABELL_2589                  3210   0.00   2.38  0.00  0.00 145.10 33.93  6.48 79.90  0.30  0.30  0.30   1.10e-02   1.01e-02   1.30e-02  0.00  0.00  0.00   0.00e+00   0.00e+00   0.00e+00  0.0415  0.581   76.8   2.13     53
ABELL_2597                   922   0.00   1.13  0.00  0.00  8.92  3.79  3.57  4.03  0.37  0.37  0.37   1.45e-02   1.42e-02   1.52e-02  0.00  0.00  0.00   0.00e+00   0.00e+00   0.00e+00  0.0854  0.465   96.7   0.85    201
ABELL_2626                  3192   0.00   3.10  0.00  0.00 44.96  2.83  2.51  3.03  0.30  0.30  0.30   1.12e-02   1.07e-02   1.33e-02  0.00  0.00  0.00   0.00e+00   0.00e+00   0.00e+00  0.0573  0.306   52.3   1.01    194
ABELL_2667                  2214   0.00   1.82 34.39  0.00 111.37  6.11  4.90  7.56  0.31  0.31  0.31   1.11e-02   9.70e-03   1.35e-02  0.00  0.00  0.00   0.00e+00   0.00e+00   0.00e+00  0.2300  0.279   84.2   1.00     90
ABELL_2670                  4959   0.00   3.68 21.08  0.00 74.50  4.23  3.54  4.92  0.25  0.25  0.25   7.68e-03   6.87e-03   9.33e-03  0.00  0.00  0.00   0.00e+00   0.00e+00   0.00e+00  0.0763  0.230   79.7   1.16    233
ABELL_2744                  2212   0.00   1.82  0.00  0.00 87.51  8.68  6.58 10.92  0.19  0.19  0.19   5.28e-03   4.49e-03   6.38e-03  0.00  0.00  0.00   0.00e+00   0.00e+00   0.00e+00  0.3080  0.117   66.6   0.82    102
ABELL_3112                  2516   0.00   3.00  0.00  0.00 14.64  5.21  4.84  5.57  0.51  0.51  0.51   2.37e-02   2.31e-02   2.49e-02  0.00  0.00  0.00   0.00e+00   0.00e+00   0.00e+00  0.0720  0.955   85.7   1.09    252
ABELL_3158                  3201   0.00   5.57 27.07  1.31 54.40  5.01  4.49  5.63  0.30  0.30  0.30   2.61e-02   2.40e-02   2.86e-02  0.00  0.00  0.00   0.00e+00   0.00e+00   0.00e+00  0.0580  0.878   86.1   1.03    305
ABELL_3266                   899   0.00   3.80  0.01  0.00 25.30 16.41 12.47 19.79  0.32  0.32  0.32   1.76e-02   1.74e-02   1.84e-02  0.00  0.00  0.00   0.00e+00   0.00e+00   0.00e+00  0.0590  0.716  100.0   1.18    288
ABELL_3558                  1646   0.00   3.03 26.96  0.00 58.82  6.19  5.31  7.23  0.33  0.33  0.33   2.18e-02   2.00e-02   2.41e-02  0.00  0.00  0.00   0.00e+00   0.00e+00   0.00e+00  0.0480  0.919   81.6   1.04    232
ABELL_3562                  4167   0.00   5.41 95.60 53.11 139.14  3.49  3.08  4.02  0.30  0.30  0.30   2.09e-02   1.79e-02   2.44e-02  0.00  0.00  0.00   0.00e+00   0.00e+00   0.00e+00  0.0490  0.516   79.5   1.10    251
ABELL_3571                  4203   0.00   2.17  0.00  0.00  4.56  7.58  7.22  7.96  0.30  0.30  0.30   2.79e-02   2.76e-02   2.84e-02  0.00  0.00  0.00   0.00e+00   0.00e+00   0.00e+00  0.0391  1.338   91.0   1.25    319
ABELL_4038                  4992   0.00   8.00 24.51  5.97 43.50  3.11  2.94  3.30  0.30  0.30  0.30   4.36e-02   4.06e-02   4.69e-02  0.00  0.00  0.00   0.00e+00   0.00e+00   0.00e+00  0.0300  1.161   82.5   1.22    331
AC_114                      1562   0.00   1.54 63.14  0.00 138.71  8.47  6.84 11.22  0.30  0.30  0.30   2.28e-03   1.99e-03   2.62e-03  0.00  0.00  0.00   0.00e+00   0.00e+00   0.00e+00  0.3120  0.050   64.5   1.00    135
CL_1221+4918                1662   0.00   1.00  0.01  0.00 463.78  7.20  4.73 12.62  0.30  0.30  0.30   4.85e-04   3.85e-04   8.44e-04  0.00  0.00  0.00   0.00e+00   0.00e+00   0.00e+00  0.7000  0.004   63.3   1.00     13
CL_1416+4446                 541   0.00   0.95  0.06  0.00 132.81 79.66  6.24 79.90  0.30  0.30  0.30   5.15e-04   4.30e-04   5.69e-04  0.00  0.00  0.00   0.00e+00   0.00e+00   0.00e+00  0.4000  0.010  100.0   1.83      8
CL_J0542.8-4100              914   0.00   1.00  0.00  0.00 606.00  8.02  4.38 25.92  0.30  0.30  0.30   3.98e-04   2.81e-04   8.13e-04  0.00  0.00  0.00   0.00e+00   0.00e+00   0.00e+00  0.6300  0.004   72.2   0.72     10
CL_J1113.1-2615              915   0.00   0.98 598.37  0.00 1302.38 79.90 24.73 79.90  0.30  0.30  0.30   4.17e-04   2.98e-04   5.69e-04  0.00  0.00  0.00   0.00e+00   0.00e+00   0.00e+00  0.7300  0.004  100.0   4.70     10
CL_J1226.9+3332              932   0.00   1.09 15.47  0.00  0.00 10.16  0.00  0.00  0.30  0.30  0.30   1.42e-03   0.00e+00   0.00e+00  0.00  0.00  0.00   0.00e+00   0.00e+00   0.00e+00  0.8900  0.006  100.0   0.00      0
CL_J2302.8+0844              918   0.00   1.16 1349.10 954.11 2092.68 79.80 36.75 79.90  0.30  0.30  0.30   8.92e-04   7.46e-04   1.37e-03  0.00  0.00  0.00   0.00e+00   0.00e+00   0.00e+00  0.7300  0.005  100.0   1.48     16
CYGNUS_A                     360   0.00   2.39  0.00  0.00  3.87  7.32  7.05  7.56  0.72  0.72  0.72   3.28e-02   3.25e-02   3.32e-02  0.00  0.00  0.00   0.00e+00   0.00e+00   0.00e+00  0.0561  1.635   89.5   1.73    324
ESO_3060170                 3189   0.00   5.29 125.34 45.49 212.29  2.10  1.77  2.53  0.30  0.30  0.30   1.53e-02   1.11e-02   2.15e-02  0.00  0.00  0.00   0.00e+00   0.00e+00   0.00e+00  0.0358  0.238   71.6   1.07    148
ESO_5520200                 3206   0.00   5.77 199.31 90.51 320.86  1.59  1.32  1.94  0.30  0.30  0.30   1.23e-02   7.90e-03   2.01e-02  0.00  0.00  0.00   0.00e+00   0.00e+00   0.00e+00  0.0314  0.120   48.9   1.28    151
EXO_0422-086                4183   0.00   6.15 40.42  0.00 89.47  2.64  2.34  3.00  0.30  0.30  0.30   2.99e-02   2.50e-02   3.61e-02  0.00  0.00  0.00   0.00e+00   0.00e+00   0.00e+00  0.0397  0.680   81.0   1.02    200
HERCULES_A                  1625   0.00   2.03  0.00  0.00 75.30  3.92  3.15  4.71  0.45  0.45  0.45   5.07e-03   4.66e-03   6.60e-03  0.00  0.00  0.00   0.00e+00   0.00e+00   0.00e+00  0.1541  0.132   68.3   0.82     75
IRAS_09104+4109              509   0.00   1.40 534.43 373.56 706.00 79.90 36.76 79.90  0.30  0.30  0.30   1.19e-02   1.05e-02   1.34e-02  0.00  0.00  0.00   0.00e+00   0.00e+00   0.00e+00  0.4420  0.169   89.6   1.88     42
MS_0016.9+1609               520   0.00   1.32 48.06  0.00 177.92  8.46  7.17 10.34  0.30  0.30  0.30   2.98e-03   2.65e-03   3.47e-03  0.00  0.00  0.00   0.00e+00   0.00e+00   0.00e+00  0.5410  0.036   87.6   0.99     83
MS_0302.7+1658               525   0.00   0.91 27.25  0.00  0.00  3.64  0.00  0.00  0.30  0.30  0.30   9.34e-04   0.00e+00   0.00e+00  0.00  0.00  0.00   0.00e+00   0.00e+00   0.00e+00  0.4240  0.007   87.6   0.00      0
MS_0440.5+0204              4196   0.00   2.66 241.41 158.08 330.16 79.90 37.42 79.90  0.30  0.30  0.30   7.87e-03   7.04e-03   8.30e-03  0.00  0.00  0.00   0.00e+00   0.00e+00   0.00e+00  0.1900  0.211   -0.3   1.62     65
MS_0451.6-0305               902   0.00   1.23 213.60 59.44 368.67  9.77  8.03 12.78  0.28  0.28  0.28   3.72e-03   3.14e-03   4.37e-03  0.00  0.00  0.00   0.00e+00   0.00e+00   0.00e+00  0.5386  0.042   71.8   0.94     65
MS_0735.6+7421              4197   0.00   1.78 31.12  0.00 112.52  4.42  3.60  5.20  0.37  0.37  0.37   5.95e-03   5.19e-03   7.69e-03  0.00  0.00  0.00   0.00e+00   0.00e+00   0.00e+00  0.2160  0.131   68.9   0.97    173
MS_0839.8+2938              2224   0.00   1.61  0.00  0.00 33.56  4.47  3.69  5.65  0.59  0.59  0.59   2.98e-03   2.82e-03   3.50e-03  0.00  0.00  0.00   0.00e+00   0.00e+00   0.00e+00  0.1940  0.079   72.6   0.92     84
MS_0906.5+1110               924   0.00   2.71 152.70 53.34 266.87  3.73  2.90  5.00  0.30  0.30  0.30   7.49e-03   5.41e-03   1.09e-02  0.00  0.00  0.00   0.00e+00   0.00e+00   0.00e+00  0.1630  0.131   81.9   1.15    138
MS_1006.0+1202               925   0.00   1.98  6.12  0.00 95.74 21.66 10.76 79.90  0.37  0.37  0.37   2.42e-03   2.32e-03   2.78e-03  0.00  0.00  0.00   0.00e+00   0.00e+00   0.00e+00  0.2210  0.077  100.0   1.39     72
MS_1008.1-1224               926   0.00   1.63  0.00  0.00 86.38 68.40 19.41 79.90  0.72  0.72  0.72   1.84e-03   1.64e-03   1.96e-03  0.00  0.00  0.00   0.00e+00   0.00e+00   0.00e+00  0.3010  0.047  100.0   1.16     63
MS_1054.5-0321               512   0.00   1.28 27.94  0.00 1884.57 25.81  0.08 79.90  0.07  0.07  0.07   1.05e-03   9.00e-04   9.50e-02  0.00  0.00  0.00   0.00e+00   0.00e+00   0.00e+00  0.8300  0.008   54.0   0.89     38
MS_1137.5+6625               536   0.00   0.90  0.47  0.00 750.78 79.90 20.05 79.90  0.30  0.30  0.30   5.49e-04   5.09e-04   7.90e-04  0.00  0.00  0.00   0.00e+00   0.00e+00   0.00e+00  0.7820  0.005  100.0   2.42     18
MS_1455.0+2232              4192   0.00   1.41 51.01 10.11 94.03  4.86  4.40  5.38  0.35  0.35  0.35   7.31e-03   6.58e-03   8.21e-03  0.00  0.00  0.00   0.00e+00   0.00e+00   0.00e+00  0.2590  0.131   94.9   1.03    230
MS_1621.5+2640               546   0.00   1.32 215.72  0.00 665.68  4.81  2.53  8.65  0.30  0.30  0.30   1.40e-03   8.14e-04   4.47e-03  0.00  0.00  0.00   0.00e+00   0.00e+00   0.00e+00  0.4260  0.014   77.5   0.88     19
MS_2053.7-0449              1667   0.00   1.28 974.55  0.00 4397.91  1.03  0.50  2.80  0.31  0.31  0.31   4.23e-02   0.00e+00   1.84e+02  0.00  0.00  0.00   0.00e+00   0.00e+00   0.00e+00  0.5830  0.002   56.3   0.66      8
MS_2137.3-2353               928   0.00   1.24  0.00  0.00 23.16  6.68  5.87  7.58  0.53  0.53  0.53   4.29e-03   4.12e-03   4.61e-03  0.00  0.00  0.00   0.00e+00   0.00e+00   0.00e+00  0.3130  0.102   88.8   1.11     94
OPHIUCHUS                   3200   0.00   3.00 30.96 25.96 35.86  8.78  8.48  9.12  0.30  0.30  0.30   1.17e-01   1.16e-01   1.19e-01  0.00  0.00  0.00   0.00e+00   0.00e+00   0.00e+00  0.0280  5.599   93.7   2.89    335
PKS_0745-191                 508   0.00   2.98 72.30 55.11 90.01 79.90 71.31 79.90  0.30  0.30  0.30   1.07e-01   1.05e-01   1.09e-01  0.00  0.00  0.00   0.00e+00   0.00e+00   0.00e+00  0.1028  3.833   91.1   2.45    297
PKS_0745-191                6103   0.00   4.11 62.07 40.53 84.55  7.38  6.65  8.21  0.30  0.30  0.30   6.15e-02   5.83e-02   6.53e-02  0.00  0.00  0.00   0.00e+00   0.00e+00   0.00e+00  0.1028  2.103   94.8   0.98    292
RBS_0797                    2202   0.00   1.36  0.00  0.00 50.88  7.39  6.01  9.34  0.30  0.30  0.30   7.99e-03   7.33e-03   9.07e-03  0.00  0.00  0.00   0.00e+00   0.00e+00   0.00e+00  0.3540  0.151   95.9   0.75     60
RX_J0439.0+0520              527   0.00   2.20 126.40  0.00 372.16  3.05  2.03  4.73  0.30  0.30  0.30   7.64e-03   4.54e-03   1.75e-02  0.00  0.00  0.00   0.00e+00   0.00e+00   0.00e+00  0.2080  0.098   85.4   0.87     36
RX_J0439.0+0715             1449   0.00   2.17  2.60  0.00 150.91 12.56  6.24 40.28  0.30  0.30  0.30   5.75e-03   5.26e-03   8.12e-03  0.00  0.00  0.00   0.00e+00   0.00e+00   0.00e+00  0.2400  0.161  100.0   1.21     34
RX_J0647.7+7015             3584   0.00   1.22  0.23  0.00 263.89  9.00  6.32 13.66  0.30  0.30  0.30   2.42e-03   2.17e-03   3.34e-03  0.00  0.00  0.00   0.00e+00   0.00e+00   0.00e+00  0.5840  0.028   84.4   0.52     18
RX_J0819.6+6336             2199   0.00   2.45  0.00  0.00 77.81  3.20  2.45  4.32  0.30  0.30  0.30   3.38e-03   2.96e-03   4.76e-03  0.00  0.00  0.00   0.00e+00   0.00e+00   0.00e+00  0.1190  0.085   13.1   1.03     47
RX_J0820.9+0752             1647   0.00   3.03 11.11  0.00 140.28 79.89 11.79 79.90  0.30  0.30  0.30   6.48e-03   5.36e-03   7.42e-03  0.00  0.00  0.00   0.00e+00   0.00e+00   0.00e+00  0.1100  0.256   23.0   1.38     28
RX_J1347.5-1145             3592   0.00   1.53 83.26 41.41 125.50 12.10 10.78 13.81  0.30  0.30  0.30   1.38e-02   1.30e-02   1.46e-02  0.00  0.00  0.00   0.00e+00   0.00e+00   0.00e+00  0.4510  0.239   96.1   1.17    235
RX_J1347.5-1145              507   0.00   1.53 127.53 35.37 220.32 11.94  9.99 15.50  0.37  0.37  0.37   1.51e-02   1.36e-02   1.67e-02  0.00  0.00  0.00   0.00e+00   0.00e+00   0.00e+00  0.4510  0.259   89.1   0.75     82
RX_J1423.8+2404             1657   0.00   1.02 62.59  0.00 453.67  5.90  3.82  8.47  0.30  0.30  0.30   2.76e-03   2.15e-03   5.38e-03  0.00  0.00  0.00   0.00e+00   0.00e+00   0.00e+00  0.5450  0.025   91.3   0.70     15
RX_J1423.8+2404             4195   0.00   1.02 210.02 88.05 351.48  5.25  4.51  5.98  0.30  0.30  0.30   3.43e-03   2.88e-03   4.30e-03  0.00  0.00  0.00   0.00e+00   0.00e+00   0.00e+00  0.5450  0.028   70.1   1.05    107
RX_J1532.9+3021             1649   0.00   1.27 53.53  0.00 216.10  5.10  3.75  6.65  0.34  0.34  0.34   8.44e-03   6.85e-03   1.27e-02  0.00  0.00  0.00   0.00e+00   0.00e+00   0.00e+00  0.3450  0.136   86.0   1.12     44
RX_J1532.9+3021             1665   0.00   1.27 234.43 66.71 419.98  4.32  3.26  5.87  0.30  0.30  0.30   1.10e-02   7.56e-03   1.74e-02  0.00  0.00  0.00   0.00e+00   0.00e+00   0.00e+00  0.3450  0.123   96.1   1.02     43
RX_J1716.9+6708              548   0.00   1.11 397.64  0.00 3018.15  5.22  2.14 11.11  0.30  0.30  0.30   1.09e-03   0.00e+00   6.92e-02  0.00  0.00  0.00   0.00e+00   0.00e+00   0.00e+00  0.8100  0.004   70.2   0.54     10
RX_J1720.1+2638             4361   0.00   2.23 23.37  0.00 60.15  6.72  5.84  7.73  0.30  0.30  0.30   1.36e-02   1.26e-02   1.51e-02  0.00  0.00  0.00   0.00e+00   0.00e+00   0.00e+00  0.1640  0.410   94.7   1.10    224
RX_J1720.2+3536             3280   0.00   1.20 196.11 48.57 362.93  5.78  4.24  7.84  0.30  0.30  0.30   4.28e-03   3.24e-03   6.25e-03  0.00  0.00  0.00   0.00e+00   0.00e+00   0.00e+00  0.3913  0.056   91.8   0.93     40
RX_J2129.6+0005              552   0.00   2.37 108.39  7.11 228.49  5.29  3.95  7.06  0.30  0.30  0.30   9.13e-03   7.16e-03   1.28e-02  0.00  0.00  0.00   0.00e+00   0.00e+00   0.00e+00  0.2350  0.182   89.6   1.12     66
SERSIC_159-03               1668   0.00   2.93  0.02  0.00 32.27  2.41  2.21  2.55  0.30  0.30  0.30   2.35e-02   2.26e-02   2.69e-02  0.00  0.00  0.00   0.00e+00   0.00e+00   0.00e+00  0.0580  0.559   82.0   1.07    150
V_1121.0+2327               1660   0.00   1.02 2137.20 482.33 4397.08  0.93  0.58  1.47  0.30  0.30  0.30   1.98e-01   0.00e+00   4.30e+01  0.00  0.00  0.00   0.00e+00   0.00e+00   0.00e+00  0.5600  0.002   64.3   1.40     10
ZWCL_1358+6245               516   0.00   1.51 159.25 62.69 259.10  7.03  5.52  8.95  0.30  0.30  0.30   3.28e-03   2.77e-03   4.01e-03  0.00  0.00  0.00   0.00e+00   0.00e+00   0.00e+00  0.3280  0.059   68.1   0.84     81
ZWCL_1953                   1659   0.00   1.95  0.00  0.00 111.33 23.77  8.58 79.90  0.30  0.30  0.30   2.70e-03   2.56e-03   3.44e-03  0.00  0.00  0.00   0.00e+00   0.00e+00   0.00e+00  0.3800  0.062   83.9   0.73     54
ZWCL_3146                    909   0.00   2.19 45.75  9.55 82.21  9.66  8.39 11.45  0.30  0.30  0.30   1.14e-02   1.06e-02   1.23e-02  0.00  0.00  0.00   0.00e+00   0.00e+00   0.00e+00  0.2900  0.281  100.0   1.18    239
ZWCL_5247                    539   0.00   2.12 514.57  0.00 1182.13  1.89  1.09  9.11  0.30  0.30  0.30   1.09e-02   0.00e+00   9.19e-02  0.00  0.00  0.00   0.00e+00   0.00e+00   0.00e+00  0.2290  0.038   77.8   0.67     15
ZWCL_7160                    543   0.00   2.07  0.00  0.00 80.17  6.06  4.65  7.73  0.30  0.30  0.30   6.22e-03   4.82e-03   7.82e-03  0.00  0.00  0.00   0.00e+00   0.00e+00   0.00e+00  0.2578  0.139   91.9   0.76     51
ZWICKY_2701                 3195   0.00   1.64 45.02  0.00 169.87  4.21  3.20  5.36  0.30  0.30  0.30   4.61e-03   3.76e-03   6.75e-03  0.00  0.00  0.00   0.00e+00   0.00e+00   0.00e+00  0.2100  0.095   71.0   0.90     84
