#Model: mekal; Energy band: 0.4 keV --> 1.0 keV; Fe-frozen? yes; Tx-frozen? no
#Confidence Level: 1.0; Systematic error: 0.00; Cosmo: 70, 0.3, 0.7
#Name                      ObsID     Tx    Tlo    Thi     Fe   Felo   Fehi       norm     normlo     normhi    Tx2   Tlo2   Thi2      norm2    normlo2    normhi2       area        ctr  chisq    dof
1E0657_56                   3184   0.21   0.19   0.24   1.00   1.00   1.00   3.32e-05   2.49e-05   4.31e-05   0.00   0.00   0.00   0.00e+00   0.00e+00   0.00e+00  9.516e+05   4.23e-03   1.35     38
1E0657_56                   5356   0.18   0.17   0.19   1.00   1.00   1.00  -5.71e-05  -7.08e-05  -4.61e-05   0.00   0.00   0.00   0.00e+00   0.00e+00   0.00e+00  8.448e+05  -4.35e-03   1.32     38
1E0657_56                   5361   0.08   0.08   0.09   1.00   1.00   1.00  -3.76e-04  -5.40e-04  -1.53e-04   0.00   0.00   0.00   0.00e+00   0.00e+00   0.00e+00  8.714e+05  -2.62e-04   0.93     37
1RXS_J2129.4-0741           3595   0.08   0.08   0.24   1.00   1.00   1.00  -3.24e-04  -7.32e-04  -1.56e-06   0.00   0.00   0.00   0.00e+00   0.00e+00   0.00e+00  9.014e+05  -3.86e-04   0.15      7
2A_0335+096                  919   1.12   0.95   1.26   1.00   1.00   1.00   3.51e-05   2.21e-05   5.00e-05   0.00   0.00   0.00   0.00e+00   0.00e+00   0.00e+00  8.066e+05   1.00e-02   1.58     13
3C_28.0                     3233   0.21   0.18   0.26   1.00   1.00   1.00  -1.74e-05  -2.80e-05  -9.96e-06   0.00   0.00   0.00   0.00e+00   0.00e+00   0.00e+00  8.870e+05  -1.76e-03   0.51      9
3C_295                      2254   0.15   0.08   0.23   1.00   1.00   1.00  -1.68e-05  -2.28e-04  -5.02e-06   0.00   0.00   0.00   0.00e+00   0.00e+00   0.00e+00  8.176e+05  -8.65e-04   0.79     17
3C_388                      5295   0.18   0.14   0.25   1.00   1.00   1.00  -2.18e-05  -4.81e-05  -8.83e-06   0.00   0.00   0.00   0.00e+00   0.00e+00   0.00e+00  8.863e+05  -1.55e-03   0.45      5
4C_55.16                    4940   0.68   0.08  79.90   1.00   1.00   1.00  -5.65e-07  -1.84e-05   9.85e-07   0.00   0.00   0.00   0.00e+00   0.00e+00   0.00e+00  9.294e+05  -2.59e-04   1.14     13
ABELL_0068                  3250   0.19   0.17   0.23   1.00   1.00   1.00  -6.46e-05  -9.69e-05  -4.07e-05   0.00   0.00   0.00   0.00e+00   0.00e+00   0.00e+00  7.447e+05  -4.80e-03   0.05      1
ABELL_0085                   904   0.71   0.66   0.78   1.00   1.00   1.00   2.37e-05   2.08e-05   2.68e-05   0.00   0.00   0.00   0.00e+00   0.00e+00   0.00e+00  8.923e+05   7.59e-03   0.55     17
ABELL_0133                  2203   0.50   0.42   0.58   1.00   1.00   1.00   8.55e-06   7.28e-06   9.87e-06   0.00   0.00   0.00   0.00e+00   0.00e+00   0.00e+00  8.662e+05   6.45e-03   1.16     13
ABELL_0262                  2215   0.84   0.81   0.87   1.00   1.00   1.00   7.54e-05   7.05e-05   8.16e-05   0.00   0.00   0.00   0.00e+00   0.00e+00   0.00e+00  7.973e+05   4.19e-02   2.78     24
ABELL_0267                  1448   0.26   0.25   0.27   1.00   1.00   1.00   3.53e-04   3.23e-04   3.84e-04   0.00   0.00   0.00   0.00e+00   0.00e+00   0.00e+00  8.405e+05   9.72e-02   2.88     16
ABELL_0370                   515   0.88   0.60   1.28   1.00   1.00   1.00  -1.89e-06  -5.22e-06  -6.18e-07   0.00   0.00   0.00   0.00e+00   0.00e+00   0.00e+00  8.929e+05   3.06e-04   0.96     27
ABELL_0383                  2321   0.21   0.18   0.24   1.00   1.00   1.00  -1.02e-05  -1.30e-05  -7.86e-06   0.00   0.00   0.00   0.00e+00   0.00e+00   0.00e+00  8.894e+05  -5.11e-03   0.26      4
ABELL_0399                  3230   0.08   0.08   0.10   1.00   1.00   1.00  -7.83e-04  -9.37e-04  -2.21e-04   0.00   0.00   0.00   0.00e+00   0.00e+00   0.00e+00  7.871e+05  -5.14e-04   1.89      9
ABELL_0401                   518   0.08   0.08   0.09   1.00   1.00   1.00  -1.11e-03  -1.27e-03  -6.04e-04   0.00   0.00   0.00   0.00e+00   0.00e+00   0.00e+00  8.852e+05  -2.42e-04   1.96     15
ABELL_0478                  1669   0.75   0.70   0.81   1.00   1.00   1.00   1.13e-05   9.85e-06   1.29e-05   0.00   0.00   0.00   0.00e+00   0.00e+00   0.00e+00  8.782e+05   7.82e-03   0.91     17
ABELL_0478                  6102   0.26   0.20  79.90   1.00   1.00   1.00  -2.37e-05  -4.22e-05  -9.78e-06   0.00   0.00   0.00   0.00e+00   0.00e+00   0.00e+00  9.191e+05  -2.34e-03   1.18      1
ABELL_0496                  3361   0.36   0.00   0.00   1.00   1.00   1.00   2.66e-05   0.00e+00   0.00e+00   0.00   0.00   0.00   0.00e+00   0.00e+00   0.00e+00  9.361e+05   2.24e-02  15.11      3
ABELL_0520                  4215   0.18   0.14   0.27   1.00   1.00   1.00   2.74e-05   1.08e-05   5.46e-05   0.00   0.00   0.00   0.00e+00   0.00e+00   0.00e+00  9.014e+05   2.15e-03   1.17     17
ABELL_0521                   430   0.20   0.18   0.23   1.00   1.00   1.00   1.54e-05   1.26e-05   1.86e-05   0.00   0.00   0.00   0.00e+00   0.00e+00   0.00e+00  8.246e+05   8.58e-03   0.64      9
ABELL_0576                  3289   0.69   0.64   0.74   1.00   1.00   1.00   1.82e-05   1.63e-05   2.04e-05   0.00   0.00   0.00   0.00e+00   0.00e+00   0.00e+00  9.356e+05   9.71e-03   1.36      7
ABELL_0586                   530   0.42   0.29   0.75   1.00   1.00   1.00   1.05e-05   4.96e-06   1.91e-05   0.00   0.00   0.00   0.00e+00   0.00e+00   0.00e+00  9.184e+05   2.44e-03   1.27      3
ABELL_0611                  3194   0.30   0.24   0.48   1.00   1.00   1.00  -3.20e-06  -4.39e-06  -2.03e-06   0.00   0.00   0.00   0.00e+00   0.00e+00   0.00e+00  8.752e+05  -1.66e-03   0.83      4
ABELL_0644                  2211   0.18   0.15   0.21   1.00   1.00   1.00  -2.81e-05  -4.44e-05  -1.73e-05   0.00   0.00   0.00   0.00e+00   0.00e+00   0.00e+00  8.551e+05  -1.51e-03   2.40      9
ABELL_0665                  3586   0.08   0.08  79.90   1.00   1.00   1.00  -2.42e-04  -5.08e-04   2.31e-05   0.00   0.00   0.00   0.00e+00   0.00e+00   0.00e+00  8.874e+05  -1.15e-04   0.63      6
ABELL_0697                  4217   0.19   0.16   0.21   1.00   1.00   1.00  -5.65e-05  -8.43e-05  -3.70e-05   0.00   0.00   0.00   0.00e+00   0.00e+00   0.00e+00  9.041e+05  -3.97e-03   0.79      2
ABELL_0754                   577   0.25   0.00   0.00   1.00   1.00   1.00   1.56e-03   0.00e+00   0.00e+00   0.00   0.00   0.00   0.00e+00   0.00e+00   0.00e+00  8.500e+05   3.99e-01  41.29     38
ABELL_0773                  5006   0.18   0.16   0.21   1.00   1.00   1.00  -6.31e-05  -9.46e-05  -4.14e-05   0.00   0.00   0.00   0.00e+00   0.00e+00   0.00e+00  9.405e+05  -4.16e-03   0.33      3
ABELL_0781                   534   0.76   0.08  79.90   1.00   1.00   1.00   7.22e-06  -2.97e-06   1.65e-04   0.00   0.00   0.00   0.00e+00   0.00e+00   0.00e+00  9.155e+05   4.79e-04   0.77      2
ABELL_0907                  3185   0.25   0.21   0.31   1.00   1.00   1.00  -1.45e-05  -2.15e-05  -9.25e-06   0.00   0.00   0.00   0.00e+00   0.00e+00   0.00e+00  8.294e+05  -2.09e-03   1.27      8
ABELL_0963                   903   0.44   0.26   0.67   1.00   1.00   1.00   1.60e-06   5.48e-07   3.04e-06   0.00   0.00   0.00   0.00e+00   0.00e+00   0.00e+00  9.356e+05   1.52e-03   1.95     14
ABELL_1060                  2220   0.31   0.30   0.32   1.00   1.00   1.00   2.40e-04   2.28e-04   2.52e-04   0.00   0.00   0.00   0.00e+00   0.00e+00   0.00e+00  8.267e+05   4.86e-02   7.42     23
ABELL_1063S                 4966   0.21   0.20   0.24   1.00   1.00   1.00  -5.07e-05  -6.48e-05  -3.95e-05   0.00   0.00   0.00   0.00e+00   0.00e+00   0.00e+00  8.818e+05  -5.75e-03   1.90      9
ABELL_1068                  1652   0.57   0.44   0.67   1.00   1.00   1.00   5.67e-06   4.47e-06   6.89e-06   0.00   0.00   0.00   0.00e+00   0.00e+00   0.00e+00  9.438e+05   4.71e-03   0.27      9
ABELL_1201                  4216   0.62   0.46   0.74   1.00   1.00   1.00   8.17e-06   6.69e-06   9.95e-06   0.00   0.00   0.00   0.00e+00   0.00e+00   0.00e+00  8.768e+05   5.76e-03   3.83      6
ABELL_1204                  2205   0.76   0.43   1.25   1.00   1.00   1.00   6.93e-06   2.92e-06   2.79e-05   0.00   0.00   0.00   0.00e+00   0.00e+00   0.00e+00  8.280e+05   5.73e-04   0.62      4
ABELL_1361                  2200   0.20   0.08  79.90   1.00   1.00   1.00   1.40e-06  -1.57e-04   2.34e-04   0.00   0.00   0.00   0.00e+00   0.00e+00   0.00e+00  9.867e+05   5.08e-04  24.42     27
ABELL_1413                  5003   0.08   0.08   0.11   1.00   1.00   1.00  -6.17e-04  -8.37e-04  -1.04e-04   0.00   0.00   0.00   0.00e+00   0.00e+00   0.00e+00  8.686e+05  -7.64e-04   1.15     17
ABELL_1423                   538   1.88   1.32  79.90   1.00   1.00   1.00   9.34e-05   5.96e-05   3.10e-04   0.00   0.00   0.00   0.00e+00   0.00e+00   0.00e+00  9.429e+05   4.59e-03   0.24      3
ABELL_1644                  2206   0.28   0.26   0.31   1.00   1.00   1.00   1.06e-04   9.29e-05   1.20e-04   0.00   0.00   0.00   0.00e+00   0.00e+00   0.00e+00  8.677e+05   2.21e-02   2.05     16
ABELL_1650                  4178   0.57   0.48   0.65   1.00   1.00   1.00   9.15e-06   7.78e-06   1.05e-05   0.00   0.00   0.00   0.00e+00   0.00e+00   0.00e+00  9.493e+05   5.45e-03   1.62      6
ABELL_1651                  4185   0.29   0.20   0.60   1.00   1.00   1.00   2.02e-05   8.06e-06   3.80e-05   0.00   0.00   0.00   0.00e+00   0.00e+00   0.00e+00  9.360e+05   2.92e-03   0.12      1
ABELL_1664                  1648   0.12   0.00   0.00   1.00   1.00   1.00  -4.21e-06   0.00e+00   0.00e+00   0.00   0.00   0.00   0.00e+00   0.00e+00   0.00e+00  9.851e+05   3.89e-05   1.05    125
ABELL_1689                  5004   0.08   0.08   0.16   1.00   1.00   1.00  -5.16e-04  -9.29e-04  -2.20e-05   0.00   0.00   0.00   0.00e+00   0.00e+00   0.00e+00  8.671e+05  -5.28e-04   0.53      3
ABELL_1736                  4186   0.29   0.27   0.31   1.00   1.00   1.00   1.55e-04   1.40e-04   1.71e-04   0.00   0.00   0.00   0.00e+00   0.00e+00   0.00e+00  9.366e+05   2.98e-02   3.59     12
ABELL_1758                  2213   0.56   0.34   0.68   1.00   1.00   1.00   3.53e-06   2.74e-06   4.34e-06   0.00   0.00   0.00   0.00e+00   0.00e+00   0.00e+00  8.394e+05   3.52e-03   1.17     16
ABELL_1763                  3591   0.08   0.08   0.17   1.00   1.00   1.00   9.38e-04   5.27e-04   1.35e-03   0.00   0.00   0.00   0.00e+00   0.00e+00   0.00e+00  8.839e+05   1.55e-03   0.89      4
ABELL_1795                  5289   0.60   0.53   0.67   1.00   1.00   1.00   6.06e-05   5.43e-05   6.69e-05   0.00   0.00   0.00   0.00e+00   0.00e+00   0.00e+00  8.130e+05   2.33e-02   2.34     13
ABELL_1835                   495   0.24   0.21   0.27   1.00   1.00   1.00   1.04e-05   8.13e-06   1.28e-05   0.00   0.00   0.00   0.00e+00   0.00e+00   0.00e+00  8.381e+05   8.35e-03   1.09     12
ABELL_1914                  3593   0.18   0.15   0.23   1.00   1.00   1.00  -3.49e-05  -6.72e-05  -1.69e-05   0.00   0.00   0.00   0.00e+00   0.00e+00   0.00e+00  9.321e+05  -1.89e-03   0.38      2
ABELL_1942                  3290   0.25   0.23   0.29   1.00   1.00   1.00   3.38e-05   2.68e-05   4.15e-05   0.00   0.00   0.00   0.00e+00   0.00e+00   0.00e+00  8.344e+05   5.76e-03   1.59     15
ABELL_1991                  3193   0.60   0.55   0.64   1.00   1.00   1.00   1.34e-05   1.23e-05   1.45e-05   0.00   0.00   0.00   0.00e+00   0.00e+00   0.00e+00  8.179e+05   1.11e-02   2.86     11
ABELL_2029                  4977   0.60   0.58   0.63   1.00   1.00   1.00   3.14e-05   3.02e-05   3.25e-05   0.00   0.00   0.00   0.00e+00   0.00e+00   0.00e+00  9.149e+05   2.29e-02   2.08     38
ABELL_2029                  6101   0.60   0.54   0.66   1.00   1.00   1.00   6.15e-05   5.48e-05   6.83e-05   0.00   0.00   0.00   0.00e+00   0.00e+00   0.00e+00  9.700e+05   1.84e-02   1.01      4
ABELL_2034                  2204   0.08   0.08  79.90   1.00   1.00   1.00  -1.09e-04  -2.44e-04   2.66e-05   0.00   0.00   0.00   0.00e+00   0.00e+00   0.00e+00  7.691e+05   2.11e-04   1.93     11
ABELL_2052                   890   0.36   0.35   0.38   1.00   1.00   1.00   4.91e-05   4.67e-05   5.14e-05   0.00   0.00   0.00   0.00e+00   0.00e+00   0.00e+00  8.410e+05   4.14e-02   4.14     38
ABELL_2063                  4187   0.47   0.38   0.56   1.00   1.00   1.00   9.31e-05   8.05e-05   1.14e-04   0.00   0.00   0.00   0.00e+00   0.00e+00   0.00e+00  9.302e+05   2.40e-02   0.62      9
ABELL_2063                  6263   0.67   0.64   0.71   1.00   1.00   1.00   4.30e-05   4.00e-05   4.62e-05   0.00   0.00   0.00   0.00e+00   0.00e+00   0.00e+00  8.672e+05   2.71e-02   3.72     13
ABELL_2069                  4965   0.12   0.08   0.16   1.00   1.00   1.00  -1.14e-04  -9.52e-04  -4.37e-05   0.00   0.00   0.00   0.00e+00   0.00e+00   0.00e+00  8.667e+05  -1.26e-03   0.94     11
ABELL_2104                   895   0.63   0.59   0.66   1.00   1.00   1.00   1.17e-05   1.06e-05   1.28e-05   0.00   0.00   0.00   0.00e+00   0.00e+00   0.00e+00  9.385e+05   1.03e-02   1.60     19
ABELL_2111                   544   1.02   0.54   1.64   1.00   1.00   1.00  -2.40e-05  -8.53e-05  -7.12e-06   0.00   0.00   0.00   0.00e+00   0.00e+00   0.00e+00  9.166e+05  -2.33e-03   1.04      3
ABELL_2124                  3238   1.14   1.01   1.24   1.00   1.00   1.00   4.48e-05   3.11e-05   5.77e-05   0.00   0.00   0.00   0.00e+00   0.00e+00   0.00e+00  8.269e+05   7.54e-03   0.24      3
ABELL_2125                  2207   0.24   0.23   0.27   1.00   1.00   1.00  -3.21e-05  -3.79e-05  -2.67e-05   0.00   0.00   0.00   0.00e+00   0.00e+00   0.00e+00  8.680e+05  -5.02e-03   2.11     13
ABELL_2147                  3211   0.26   0.24   0.27   1.00   1.00   1.00   1.62e-04   1.46e-04   1.80e-04   0.00   0.00   0.00   0.00e+00   0.00e+00   0.00e+00  9.328e+05   2.43e-02   1.53      9
ABELL_2163                  1653   0.47   0.40   0.54   1.00   1.00   1.00   2.24e-05   1.98e-05   2.60e-05   0.00   0.00   0.00   0.00e+00   0.00e+00   0.00e+00  8.132e+05   6.06e-03   0.92     19
ABELL_2199                   497   0.75   0.71   0.79   1.00   1.00   1.00   5.65e-05   5.23e-05   6.18e-05   0.00   0.00   0.00   0.00e+00   0.00e+00   0.00e+00  9.165e+05   4.53e-02   4.01     16
ABELL_2204                   499   0.34   0.32   0.37   1.00   1.00   1.00   4.60e-05   4.20e-05   4.98e-05   0.00   0.00   0.00   0.00e+00   0.00e+00   0.00e+00  8.585e+05   3.81e-02   3.23      8
ABELL_2204                  6104   0.24   0.22   0.25   1.00   1.00   1.00   2.42e-04   2.11e-04   2.76e-04   0.00   0.00   0.00   0.00e+00   0.00e+00   0.00e+00  9.895e+05   3.33e-02   2.53      6
ABELL_2218                  1666   0.08   0.08   0.19   1.00   1.00   1.00   1.84e-04   1.86e-06   3.64e-04   0.00   0.00   0.00   0.00e+00   0.00e+00   0.00e+00  8.468e+05   8.96e-04   1.86     11
ABELL_2219                   896   0.84   0.68   1.38   1.00   1.00   1.00   4.40e-06   2.82e-06   1.49e-05   0.00   0.00   0.00   0.00e+00   0.00e+00   0.00e+00  9.384e+05   3.25e-03   1.05     18
ABELL_2244                  4179   0.96   0.88   1.05   1.00   1.00   1.00   2.40e-05   1.94e-05   3.08e-05   0.00   0.00   0.00   0.00e+00   0.00e+00   0.00e+00  9.328e+05   7.92e-03   1.07     15
ABELL_2255                   894   0.75   0.62   0.97   1.00   1.00   1.00   8.09e-06   5.44e-06   1.21e-05   0.00   0.00   0.00   0.00e+00   0.00e+00   0.00e+00  8.198e+05   1.64e-03   1.02     15
ABELL_2259                  3245   0.14   0.08  79.90   1.00   1.00   1.00  -3.61e-05  -9.53e-04   3.31e-05   0.00   0.00   0.00   0.00e+00   0.00e+00   0.00e+00  9.937e+05  -6.12e-04   1.30      1
ABELL_2261                  5007   0.23   0.18   0.32   1.00   1.00   1.00  -1.67e-05  -2.92e-05  -7.59e-06   0.00   0.00   0.00   0.00e+00   0.00e+00   0.00e+00  9.152e+05  -1.50e-03   0.98      4
ABELL_2294                  3246   2.95   0.08  79.90   1.00   1.00   1.00  -2.69e-05  -1.78e-04   6.66e-05   0.00   0.00   0.00   0.00e+00   0.00e+00   0.00e+00  9.697e+05  -6.82e-04   0.04      1
ABELL_2319                  3231   0.67   0.61   0.72   1.00   1.00   1.00   3.86e-05   3.44e-05   4.30e-05   0.00   0.00   0.00   0.00e+00   0.00e+00   0.00e+00  5.250e+05   1.31e-02   1.96      6
ABELL_2384                  4202   0.21   0.19   0.23   1.00   1.00   1.00   5.66e-05   4.42e-05   7.13e-05   0.00   0.00   0.00   0.00e+00   0.00e+00   0.00e+00  8.944e+05   6.64e-03   0.73      9
ABELL_2390                  4193   0.36   0.31   0.64   1.00   1.00   1.00   5.48e-06   3.95e-06   6.48e-06   0.00   0.00   0.00   0.00e+00   0.00e+00   0.00e+00  8.774e+05   3.29e-03   1.31     17
ABELL_2409                  3247   0.80   0.29  79.90   1.00   1.00   1.00   2.71e-05   8.56e-06   4.14e-04   0.00   0.00   0.00   0.00e+00   0.00e+00   0.00e+00  9.450e+05   2.83e-03   0.54      1
ABELL_2537                  4962   0.20   0.17   0.24   1.00   1.00   1.00  -7.63e-06  -1.01e-05  -5.74e-06   0.00   0.00   0.00   0.00e+00   0.00e+00   0.00e+00  9.240e+05  -2.69e-03   0.71      4
ABELL_2550                  2225   0.57   0.40   0.66   1.00   1.00   1.00   5.29e-06   4.49e-06   6.15e-06   0.00   0.00   0.00   0.00e+00   0.00e+00   0.00e+00  9.256e+05   3.94e-03   0.72     11
ABELL_2554                  1696   0.56   0.48   0.62   1.00   1.00   1.00   1.31e-05   1.17e-05   1.47e-05   0.00   0.00   0.00   0.00e+00   0.00e+00   0.00e+00  8.580e+05   9.72e-03   0.80      5
ABELL_2556                  2226   1.21   1.11   1.32   1.00   1.00   1.00   6.63e-05   5.13e-05   8.10e-05   0.00   0.00   0.00   0.00e+00   0.00e+00   0.00e+00  8.964e+05   8.94e-03   2.15      4
ABELL_2597                   922   0.80   0.54   1.30   1.00   1.00   1.00   3.20e-06   1.00e-06   1.09e-05   0.00   0.00   0.00   0.00e+00   0.00e+00   0.00e+00  8.593e+05   1.43e-03   0.90      5
ABELL_2626                  3192   0.75   0.62   0.93   1.00   1.00   1.00   6.36e-06   4.60e-06   9.33e-06   0.00   0.00   0.00   0.00e+00   0.00e+00   0.00e+00  9.554e+05   2.81e-03   2.88      4
ABELL_2634                  4816   0.73   0.69   0.76   1.00   1.00   1.00   2.46e-05   2.28e-05   2.66e-05   0.00   0.00   0.00   0.00e+00   0.00e+00   0.00e+00  7.904e+05   1.36e-02   1.89     15
ABELL_2667                  2214   0.76   0.62   1.15   1.00   1.00   1.00   1.01e-05   6.95e-06   2.79e-05   0.00   0.00   0.00   0.00e+00   0.00e+00   0.00e+00  9.738e+05   5.38e-03   0.00      1
ABELL_2670                  4959   0.19   0.17   0.21   1.00   1.00   1.00  -5.55e-05  -7.31e-05  -4.16e-05   0.00   0.00   0.00   0.00e+00   0.00e+00   0.00e+00  8.702e+05  -4.71e-03   0.92      8
ABELL_2744                  2212   1.03   0.73   1.37   1.00   1.00   1.00   6.99e-06   2.16e-06   1.43e-05   0.00   0.00   0.00   0.00e+00   0.00e+00   0.00e+00  9.441e+05   1.24e-03   1.17      3
ABELL_3112                  2516   0.80   0.70   0.93   1.00   1.00   1.00   1.72e-05   1.27e-05   2.50e-05   0.00   0.00   0.00   0.00e+00   0.00e+00   0.00e+00  9.287e+05   6.86e-03   1.73      2
ABELL_3158                  3201   0.10   0.08   0.15   1.00   1.00   1.00  -4.55e-04  -1.83e-03  -1.15e-04   0.00   0.00   0.00   0.00e+00   0.00e+00   0.00e+00  5.195e+05  -4.01e-03   1.16      7
ABELL_3266                   899   0.26   0.24   0.29   1.00   1.00   1.00   5.64e-05   4.66e-05   6.71e-05   0.00   0.00   0.00   0.00e+00   0.00e+00   0.00e+00  8.717e+05   9.81e-03   1.11     14
ABELL_3391                  4943   0.66   0.59   0.73   1.00   1.00   1.00   2.91e-05   2.46e-05   3.37e-05   0.00   0.00   0.00   0.00e+00   0.00e+00   0.00e+00  9.040e+05   7.01e-03   0.70      8
ABELL_3558                  1646   0.64   0.61   0.68   1.00   1.00   1.00   5.30e-05   4.98e-05   5.67e-05   0.00   0.00   0.00   0.00e+00   0.00e+00   0.00e+00  8.711e+05   4.06e-02   3.86      7
ABELL_3562                  4167   0.32   0.30   0.35   1.00   1.00   1.00   1.19e-04   1.06e-04   1.32e-04   0.00   0.00   0.00   0.00e+00   0.00e+00   0.00e+00  9.021e+05   2.54e-02   4.69     10
ABELL_3571                  4203   0.66   0.64   0.68   1.00   1.00   1.00   5.15e-05   4.94e-05   5.38e-05   0.00   0.00   0.00   0.00e+00   0.00e+00   0.00e+00  8.081e+05   3.49e-02   3.96     16
ABELL_3667                  5751   0.35   0.00   0.00   1.00   1.00   1.00   3.83e-04   0.00e+00   0.00e+00   0.00   0.00   0.00   0.00e+00   0.00e+00   0.00e+00  8.350e+05   8.08e-02  25.11     38
ABELL_4038                  4992   0.67   0.63   0.72   1.00   1.00   1.00   5.07e-05   4.69e-05   5.46e-05   0.00   0.00   0.00   0.00e+00   0.00e+00   0.00e+00  9.263e+05   1.47e-02   1.78     16
AC_114                      1562   0.08   0.08   0.13   1.00   1.00   1.00  -4.17e-05  -6.38e-05  -4.46e-06   0.00   0.00   0.00   0.00e+00   0.00e+00   0.00e+00  9.315e+05  -1.36e-03   1.06     26
AWM7                         908   0.34   0.34   0.36   1.00   1.00   1.00   2.58e-04   2.49e-04   2.67e-04   0.00   0.00   0.00   0.00e+00   0.00e+00   0.00e+00  8.446e+05   7.09e-02   9.52     38
CENTAURUS                   4954   0.77   0.76   0.78   1.00   1.00   1.00   1.39e-04   1.36e-04   1.42e-04   0.00   0.00   0.00   0.00e+00   0.00e+00   0.00e+00  9.006e+05   7.70e-02   4.30     38
CL_0024+17                   929  28.14   3.13  79.90   1.00   1.00   1.00   6.93e-05   3.89e-05   1.10e-04   0.00   0.00   0.00   0.00e+00   0.00e+00   0.00e+00  8.136e+05   5.96e-03   1.50     13
CL_1221+4918                1662   0.08   0.08   0.16   1.00   1.00   1.00  -3.79e-04  -5.26e-04  -2.29e-05   0.00   0.00   0.00   0.00e+00   0.00e+00   0.00e+00  9.449e+05  -1.41e-03   0.92     17
CL_J0152-1357                913   0.83   0.49   1.15   1.00   1.00   1.00   3.83e-06   1.46e-06   8.15e-06   0.00   0.00   0.00   0.00e+00   0.00e+00   0.00e+00  8.560e+05   5.02e-04   0.93     11
CL_J0542.8-4100              914   1.77   1.39   3.03   1.00   1.00   1.00   6.46e-05   3.77e-05   8.99e-05   0.00   0.00   0.00   0.00e+00   0.00e+00   0.00e+00  8.755e+05   3.24e-03   1.28     18
CL_J0848+4456               1708   0.27   0.24   0.30   1.00   1.00   1.00   2.23e-05   1.81e-05   2.69e-05   0.00   0.00   0.00   0.00e+00   0.00e+00   0.00e+00  8.559e+05   5.08e-03   0.75     15
CL_J0848+4456                927   0.17   0.17   0.18   1.00   1.00   1.00  -8.37e-05  -9.23e-05  -7.57e-05   0.00   0.00   0.00   0.00e+00   0.00e+00   0.00e+00  8.440e+05  -8.89e-03   3.96     18
CL_J1113.1-2615              915   0.18   0.17   0.19   1.00   1.00   1.00   9.23e-05   8.01e-05   1.06e-04   0.00   0.00   0.00   0.00e+00   0.00e+00   0.00e+00  7.932e+05   1.16e-02   2.63     37
CL_J1213+0253               4934   0.08   0.08   0.13   1.00   1.00   1.00  -1.21e-03  -1.68e-03  -1.06e-04   0.00   0.00   0.00   0.00e+00   0.00e+00   0.00e+00  9.044e+05  -1.89e-03   0.42      3
CL_J1226.9+3332             3180   0.28   0.24   0.36   1.00   1.00   1.00   2.28e-05   1.55e-05   3.11e-05   0.00   0.00   0.00   0.00e+00   0.00e+00   0.00e+00  8.419e+05   3.91e-03   0.42      6
CL_J1226.9+3332             5014   0.19   0.16   0.24   1.00   1.00   1.00  -3.37e-05  -6.03e-05  -1.77e-05   0.00   0.00   0.00   0.00e+00   0.00e+00   0.00e+00  9.137e+05  -3.14e-03   1.01      7
CL_J1641+4001               3575   0.23   0.16   0.54   1.00   1.00   1.00  -1.00e-05  -2.63e-05  -2.70e-06   0.00   0.00   0.00   0.00e+00   0.00e+00   0.00e+00  8.262e+05  -1.34e-03   0.84      8
CL_J2302.8+0844              918   0.10   0.08   0.17   1.00   1.00   1.00  -9.79e-05  -4.28e-04  -1.79e-05   0.00   0.00   0.00   0.00e+00   0.00e+00   0.00e+00  8.025e+05  -1.62e-03   0.89     33
COMA                         556   0.36   0.00   0.00   1.00   1.00   1.00   3.22e-04   0.00e+00   0.00e+00   0.00   0.00   0.00   0.00e+00   0.00e+00   0.00e+00  8.754e+05   3.69e-01  22.77     36
CYGNUS_A                     360   0.70   0.68   0.71   1.00   1.00   1.00   5.27e-05   5.05e-05   5.50e-05   0.00   0.00   0.00   0.00e+00   0.00e+00   0.00e+00  9.449e+05   4.24e-02   1.35     30
CYGNUS_A                     360   0.70   0.68   0.72   1.00   1.00   1.00   5.60e-05   5.36e-05   5.84e-05   0.00   0.00   0.00   0.00e+00   0.00e+00   0.00e+00  9.449e+05   4.24e-02   1.32     30
ESO_3060170                 3189   0.66   0.55   0.77   1.00   1.00   1.00   1.61e-05   1.21e-05   2.01e-05   0.00   0.00   0.00   0.00e+00   0.00e+00   0.00e+00  9.652e+05   4.83e-03   0.92      3
ESO_5520200                 3206   0.53   0.31  79.90   1.00   1.00   1.00   4.54e-06   1.59e-06   1.33e-05   0.00   0.00   0.00   0.00e+00   0.00e+00   0.00e+00  8.764e+05   9.06e-04   1.01      4
EXO_0422-086                4183   0.14   0.00   0.00   1.00   1.00   1.00  -9.55e-05   0.00e+00   0.00e+00   0.00   0.00   0.00   0.00e+00   0.00e+00   0.00e+00  9.058e+05  -2.93e-03   1.53    117
HERCULES_A                  1625   0.32   0.30   0.34   1.00   1.00   1.00   4.43e-05   4.12e-05   4.74e-05   0.00   0.00   0.00   0.00e+00   0.00e+00   0.00e+00  8.463e+05   2.69e-02   2.19      6
HYDRA_A                     4970   0.08   0.08   0.09   1.00   1.00   1.00  -1.05e-04  -1.27e-04  -4.28e-05   0.00   0.00   0.00   0.00e+00   0.00e+00   0.00e+00  8.911e+05  -7.78e-04   1.37     18
LYNX_E                     17081   0.29   0.25   0.35   1.00   1.00   1.00   1.75e-05   1.31e-05   2.20e-05   0.00   0.00   0.00   0.00e+00   0.00e+00   0.00e+00  8.806e+05   4.24e-03   1.27     14
LYNX_E                      9271   0.18   0.17   0.19   1.00   1.00   1.00  -7.53e-05  -8.26e-05  -6.84e-05   0.00   0.00   0.00   0.00e+00   0.00e+00   0.00e+00  8.049e+05  -8.94e-03   3.64     19
MACS_J0011.7-1523           6105   0.19   0.18   0.20   1.00   1.00   1.00  -8.52e-05  -1.02e-04  -7.07e-05   0.00   0.00   0.00   0.00e+00   0.00e+00   0.00e+00  7.723e+05  -7.10e-03   1.52     10
MACS_J0025.4-1222           3251   0.17   0.14   0.19   1.00   1.00   1.00  -6.45e-05  -1.12e-04  -4.12e-05   0.00   0.00   0.00   0.00e+00   0.00e+00   0.00e+00  9.068e+05  -2.75e-03   0.73      5
MACS_J0025.4-1222           5010   0.16   0.14   0.18   1.00   1.00   1.00  -9.99e-05  -1.56e-04  -7.13e-05   0.00   0.00   0.00   0.00e+00   0.00e+00   0.00e+00  9.017e+05  -3.56e-03   0.89      8
MACS_J0159.8-0849           3265   0.17   0.10   0.21   1.00   1.00   1.00  -5.23e-05  -4.26e-04  -2.78e-05   0.00   0.00   0.00   0.00e+00   0.00e+00   0.00e+00  8.864e+05  -3.22e-03   0.50      5
MACS_J0159.8-0849           6106   0.23   0.21   0.24   1.00   1.00   1.00  -6.10e-05  -7.12e-05  -5.19e-05   0.00   0.00   0.00   0.00e+00   0.00e+00   0.00e+00  8.363e+05  -8.09e-03   2.11     12
MACS_J0242.5-2132           3266   0.22   0.14   0.54   1.00   1.00   1.00  -1.22e-05  -4.32e-05  -2.97e-06   0.00   0.00   0.00   0.00e+00   0.00e+00   0.00e+00  9.346e+05  -1.49e-03   0.47      1
MACS_J0257.1-2325           1654   0.08   0.08   0.17   1.00   1.00   1.00  -3.67e-04  -6.26e-04  -7.86e-06   0.00   0.00   0.00   0.00e+00   0.00e+00   0.00e+00  9.088e+05  -6.30e-05   1.18     13
MACS_J0257.1-2325           3581   0.08   0.08   0.17   1.00   1.00   1.00  -1.00e-03  -1.34e-03  -4.71e-05   0.00   0.00   0.00   0.00e+00   0.00e+00   0.00e+00  9.376e+05  -2.35e-03   1.34      6
MACS_J0257.6-2209           3267   0.19   0.16   0.25   1.00   1.00   1.00  -3.08e-05  -5.54e-05  -1.62e-05   0.00   0.00   0.00   0.00e+00   0.00e+00   0.00e+00  9.489e+05  -3.16e-03   1.21      7
MACS_J0329.6-0211           3257   0.48   0.27   0.84   1.00   1.00   1.00   7.29e-06   2.18e-06   1.46e-05   0.00   0.00   0.00   0.00e+00   0.00e+00   0.00e+00  8.167e+05   2.87e-03   1.72      5
MACS_J0329.6-0211           3582   0.20   0.18   0.24   1.00   1.00   1.00   3.34e-05   2.02e-05   5.29e-05   0.00   0.00   0.00   0.00e+00   0.00e+00   0.00e+00  9.556e+05   3.05e-03   1.26      8
MACS_J0329.6-0211           6108   0.34   0.26   0.47   1.00   1.00   1.00  -1.40e-05  -2.13e-05  -8.97e-06   0.00   0.00   0.00   0.00e+00   0.00e+00   0.00e+00  7.382e+05  -3.17e-03   0.56     17
MACS_J0404.6+1109           3269   0.22   0.17   0.39   1.00   1.00   1.00  -1.67e-05  -3.33e-05  -6.16e-06   0.00   0.00   0.00   0.00e+00   0.00e+00   0.00e+00  9.043e+05  -1.85e-03   1.54      8
MACS_J0417.5-1154           3270   0.17   0.08   0.28   1.00   1.00   1.00  -2.81e-05  -8.48e-04  -6.31e-06   0.00   0.00   0.00   0.00e+00   0.00e+00   0.00e+00  8.722e+05  -1.89e-03   0.35      4
MACS_J0429.6-0253           3271   0.25   0.19   0.76   1.00   1.00   1.00   1.91e-05   4.41e-06   3.61e-05   0.00   0.00   0.00   0.00e+00   0.00e+00   0.00e+00  9.065e+05   3.61e-03   0.65      6
MACS_J0451.9+0006           5815   0.23   0.21   0.25   1.00   1.00   1.00   1.46e-04   1.22e-04   1.74e-04   0.00   0.00   0.00   0.00e+00   0.00e+00   0.00e+00  9.491e+05   1.75e-02   1.03      6
MACS_J0547.0-3904           3273   0.18   0.15   0.21   1.00   1.00   1.00  -5.39e-05  -8.71e-05  -3.47e-05   0.00   0.00   0.00   0.00e+00   0.00e+00   0.00e+00  8.781e+05  -3.93e-03   2.92      3
MACS_J0717.5+3745           1655   0.08   0.08   0.09   1.00   1.00   1.00   1.86e-03   1.25e-03   2.24e-03   0.00   0.00   0.00   0.00e+00   0.00e+00   0.00e+00  8.997e+05   9.61e-03   2.53     11
MACS_J0717.5+3745           4200   0.08   0.08   0.09   1.00   1.00   1.00  -7.64e-04  -9.21e-04  -4.40e-04   0.00   0.00   0.00   0.00e+00   0.00e+00   0.00e+00  7.659e+05  -8.72e-04   1.64     17
MACS_J0744.8+3927           3197   0.18   0.13   0.23   1.00   1.00   1.00  -3.01e-05  -7.36e-05  -1.48e-05   0.00   0.00   0.00   0.00e+00   0.00e+00   0.00e+00  8.925e+05  -1.73e-03   1.00      7
MACS_J0744.8+3927           3585   0.23   0.17   0.49   1.00   1.00   1.00  -1.79e-05  -3.72e-05  -5.82e-06   0.00   0.00   0.00   0.00e+00   0.00e+00   0.00e+00  9.342e+05  -1.45e-03   1.50      5
MACS_J0744.8+3927           6111   0.20   0.20   0.22   1.00   1.00   1.00  -8.23e-05  -9.37e-05  -7.14e-05   0.00   0.00   0.00   0.00e+00   0.00e+00   0.00e+00  8.716e+05  -8.79e-03   1.09     16
MACS_J0911.2+1746           3587   0.20   0.18   0.23   1.00   1.00   1.00  -5.50e-05  -7.74e-05  -3.70e-05   0.00   0.00   0.00   0.00e+00   0.00e+00   0.00e+00  8.698e+05  -5.27e-03   2.57      4
MACS_J0949+1708             3274   0.15   0.08   0.18   1.00   1.00   1.00  -7.57e-05  -1.06e-03  -3.46e-05   0.00   0.00   0.00   0.00e+00   0.00e+00   0.00e+00  9.583e+05  -2.41e-03   0.16      1
MACS_J1115.8+0129           3275   0.17   0.14   0.20   1.00   1.00   1.00  -7.23e-05  -1.28e-04  -4.42e-05   0.00   0.00   0.00   0.00e+00   0.00e+00   0.00e+00  8.750e+05  -4.11e-03   0.86      1
MACS_J1131.8-1955           3276   0.09   0.08   0.17   1.00   1.00   1.00   3.38e-04   2.16e-05   1.10e-03   0.00   0.00   0.00   0.00e+00   0.00e+00   0.00e+00  9.438e+05   1.43e-03   0.72      6
MACS_J1149.5+2223           1656   0.08   0.08   0.32   1.00   1.00   1.00   3.14e-04   3.57e-06   6.45e-04   0.00   0.00   0.00   0.00e+00   0.00e+00   0.00e+00  8.767e+05   1.70e-03   0.79      7
MACS_J1149.5+2223           3589   0.08   0.08   0.09   1.00   1.00   1.00  -9.26e-04  -1.20e-03  -4.42e-04   0.00   0.00   0.00   0.00e+00   0.00e+00   0.00e+00  9.080e+05  -2.48e-03   1.13      7
MACS_J1206.2-0847           3277   0.25   0.18   0.51   1.00   1.00   1.00   1.38e-05   5.14e-06   2.85e-05   0.00   0.00   0.00   0.00e+00   0.00e+00   0.00e+00  8.814e+05   2.43e-03   0.52      9
MACS_J1226.8+2153           3590   0.08   0.08   0.11   1.00   1.00   1.00  -1.36e-03  -1.72e-03  -2.91e-04   0.00   0.00   0.00   0.00e+00   0.00e+00   0.00e+00  9.781e+05  -3.17e-03   0.64      5
MACS_J1311.0-0310           3258   0.30   0.19   0.71   1.00   1.00   1.00   1.19e-05   3.71e-06   2.57e-05   0.00   0.00   0.00   0.00e+00   0.00e+00   0.00e+00  9.382e+05   2.33e-03   0.61      6
MACS_J1311.0-0310           6110   0.08   0.08   0.09   1.00   1.00   1.00  -1.25e-03  -1.44e-03  -6.21e-04   0.00   0.00   0.00   0.00e+00   0.00e+00   0.00e+00  8.598e+05  -3.61e-03   1.01     20
MACS_J1319+7003             3278   0.22   0.17   0.38   1.00   1.00   1.00  -1.72e-05  -3.83e-05  -5.03e-06   0.00   0.00   0.00   0.00e+00   0.00e+00   0.00e+00  9.058e+05  -1.56e-03   0.60      4
MACS_J1427.6-2521           3279   0.24   0.21   0.27   1.00   1.00   1.00   8.36e-05   6.61e-05   1.04e-04   0.00   0.00   0.00   0.00e+00   0.00e+00   0.00e+00  9.342e+05   1.18e-02   1.66      5
MACS_J1621.3+3810           3254   0.17   0.08   0.26   1.00   1.00   1.00  -2.71e-05  -7.93e-04  -3.59e-06   0.00   0.00   0.00   0.00e+00   0.00e+00   0.00e+00  9.782e+05  -6.40e-04   1.28      3
MACS_J1621.3+3810           3594   0.48   0.37   0.60   1.00   1.00   1.00   3.14e-05   2.30e-05   4.15e-05   0.00   0.00   0.00   0.00e+00   0.00e+00   0.00e+00  9.766e+05   8.85e-03   2.47      4
MACS_J1621.3+3810           6109   0.23   0.20   0.27   1.00   1.00   1.00  -3.03e-05  -4.15e-05  -2.18e-05   0.00   0.00   0.00   0.00e+00   0.00e+00   0.00e+00  8.483e+05  -4.24e-03   1.13     11
MACS_J1621.3+3810           6172   0.17   0.16   0.18   1.00   1.00   1.00  -1.04e-04  -1.31e-04  -8.39e-05   0.00   0.00   0.00   0.00e+00   0.00e+00   0.00e+00  8.524e+05  -6.84e-03   0.84     10
MACS_J1931.8-2634           3282   0.27   0.26   0.29   1.00   1.00   1.00   1.81e-04   1.64e-04   1.99e-04   0.00   0.00   0.00   0.00e+00   0.00e+00   0.00e+00  9.392e+05   3.25e-02   1.26     12
MACS_J2211.7-0349           3284   0.08   0.08   0.13   1.00   1.00   1.00  -6.51e-04  -9.53e-04  -6.25e-05   0.00   0.00   0.00   0.00e+00   0.00e+00   0.00e+00  9.104e+05  -1.18e-03   1.40      5
MACS_J2211.7-0349           3284   0.08   0.08   0.13   1.00   1.00   1.00  -6.50e-04  -9.49e-04  -6.35e-05   0.00   0.00   0.00   0.00e+00   0.00e+00   0.00e+00  9.104e+05  -1.18e-03   1.39      5
MACS_J2214.9-1359           3259   0.18   0.14   0.22   1.00   1.00   1.00   4.06e-05   1.95e-05   8.03e-05   0.00   0.00   0.00   0.00e+00   0.00e+00   0.00e+00  9.249e+05   2.72e-03   0.54      8
MACS_J2214.9-1359           5011   0.41   0.32   0.52   1.00   1.00   1.00   2.75e-05   2.07e-05   3.71e-05   0.00   0.00   0.00   0.00e+00   0.00e+00   0.00e+00  9.513e+05   5.60e-03   0.36      7
MACS_J2228+2036             3285   0.08   0.08   0.12   1.00   1.00   1.00  -1.13e-03  -1.41e-03  -1.34e-04   0.00   0.00   0.00   0.00e+00   0.00e+00   0.00e+00  9.506e+05  -2.03e-03   1.59      2
MACS_J2229.7-2755           3286   0.37   0.24   0.54   1.00   1.00   1.00   1.15e-05   6.13e-06   2.18e-05   0.00   0.00   0.00   0.00e+00   0.00e+00   0.00e+00  8.558e+05   2.27e-03   0.48      3
MACS_J2245.0+2637           3287   0.16   0.08   0.20   1.00   1.00   1.00  -4.75e-05  -1.01e-03  -1.94e-05   0.00   0.00   0.00   0.00e+00   0.00e+00   0.00e+00  8.315e+05  -1.52e-03   0.88      4
MACS_J2311+0338             3288   0.31   0.27   0.44   1.00   1.00   1.00   5.06e-05   3.53e-05   6.63e-05   0.00   0.00   0.00   0.00e+00   0.00e+00   0.00e+00  9.211e+05   1.12e-02   1.95      5
MKW_04                      3234   0.79   0.74   0.85   1.00   1.00   1.00   3.15e-05   2.81e-05   3.63e-05   0.00   0.00   0.00   0.00e+00   0.00e+00   0.00e+00  9.072e+05   1.39e-02   1.89     10
MS_0016.9+1609               520   0.39   0.29   0.57   1.00   1.00   1.00   7.62e-06   4.95e-06   1.19e-05   0.00   0.00   0.00   0.00e+00   0.00e+00   0.00e+00  9.247e+05   1.92e-03   1.22     24
MS_0302.7+1658               525   0.10   0.08  79.90   1.00   1.00   1.00  -1.17e-04  -9.01e-04   6.69e-05   0.00   0.00   0.00   0.00e+00   0.00e+00   0.00e+00  9.090e+05  -1.28e-03   0.73      1
MS_0440.5+0204              4196   0.08   0.08   0.11   1.00   1.00   1.00  -1.00e-04  -1.47e-04  -1.57e-05   0.00   0.00   0.00   0.00e+00   0.00e+00   0.00e+00  8.575e+05   7.11e-04   3.02      3
MS_0451.6-0305               902   0.08   0.08   0.13   1.00   1.00   1.00  -4.19e-05  -7.02e-05  -3.73e-06   0.00   0.00   0.00   0.00e+00   0.00e+00   0.00e+00  9.296e+05   1.60e-03   1.92     16
MS_0735.6+7421              4197   1.17   0.91   1.41   1.00   1.00   1.00   9.53e-06   4.50e-06   1.61e-05   0.00   0.00   0.00   0.00e+00   0.00e+00   0.00e+00  9.458e+05   1.90e-03   1.19      8
MS_0735.6+7421              4197   1.17   0.91   1.41   1.00   1.00   1.00   9.41e-06   4.44e-06   1.58e-05   0.00   0.00   0.00   0.00e+00   0.00e+00   0.00e+00  9.458e+05   1.90e-03   1.19      8
MS_0839.8+2938              2224   0.19   0.00   0.00   1.00   1.00   1.00   3.80e-05   0.00e+00   0.00e+00   0.00   0.00   0.00   0.00e+00   0.00e+00   0.00e+00  9.094e+05   3.08e-02  16.63     17
MS_0906.5+1110               924   0.55   0.08  79.90   1.00   1.00   1.00   2.46e-06  -2.15e-05   3.01e-04   0.00   0.00   0.00   0.00e+00   0.00e+00   0.00e+00  8.476e+05   1.36e-03   1.04     11
MS_1006.0+1202               925   0.16   0.08   0.24   1.00   1.00   1.00  -2.35e-05  -4.58e-04  -6.05e-06   0.00   0.00   0.00   0.00e+00   0.00e+00   0.00e+00  8.190e+05  -1.37e-03   0.81     10
MS_1008.1-1224               926   0.25   0.23   0.27   1.00   1.00   1.00   4.91e-05   4.12e-05   5.76e-05   0.00   0.00   0.00   0.00e+00   0.00e+00   0.00e+00  8.072e+05   1.02e-02   1.74     17
MS_1054.5-0321               512   0.25   0.08  79.90   1.00   1.00   1.00  -5.78e-07  -1.54e-05   1.68e-05   0.00   0.00   0.00   0.00e+00   0.00e+00   0.00e+00  8.821e+05  -4.87e-05   0.90     26
MS_1455.0+2232              4192   0.19   0.18   0.21   1.00   1.00   1.00   6.31e-05   5.10e-05   7.68e-05   0.00   0.00   0.00   0.00e+00   0.00e+00   0.00e+00  8.187e+05   4.82e-03   1.13     24
MS_1621.5+2640               546   0.26   0.21   0.39   1.00   1.00   1.00   1.31e-05   6.49e-06   2.12e-05   0.00   0.00   0.00   0.00e+00   0.00e+00   0.00e+00  8.995e+05   2.49e-03   0.87     14
MS_2053.7-0449              1667   0.15   0.13   0.17   1.00   1.00   1.00   7.22e-05   4.66e-05   1.24e-04   0.00   0.00   0.00   0.00e+00   0.00e+00   0.00e+00  8.351e+05   2.65e-03   1.48     11
MS_2053.7-0449               551   0.21   0.20   0.23   1.00   1.00   1.00   5.85e-05   4.77e-05   7.08e-05   0.00   0.00   0.00   0.00e+00   0.00e+00   0.00e+00  9.194e+05   9.44e-03   1.04     21
MS_2137.3-2353              4974   0.36   0.24   0.54   1.00   1.00   1.00   2.64e-06   1.07e-06   4.62e-06   0.00   0.00   0.00   0.00e+00   0.00e+00   0.00e+00  9.254e+05   1.20e-03   1.66      2
OPHIUCHUS                   3200   0.78   0.77   0.79   1.00   1.00   1.00   1.48e-04   1.44e-04   1.52e-04   0.00   0.00   0.00   0.00e+00   0.00e+00   0.00e+00  8.996e+05   8.11e-02   2.38     34
PKS_0745-191                 508   0.88   0.69   1.11   1.00   1.00   1.00   7.18e-06   3.05e-06   1.38e-05   0.00   0.00   0.00   0.00e+00   0.00e+00   0.00e+00  8.583e+05   2.44e-03   3.01      3
PKS_0745-191                6103   0.16   0.00   0.00   1.00   1.00   1.00  -1.64e-04   0.00e+00   0.00e+00   0.00   0.00   0.00   0.00e+00   0.00e+00   0.00e+00  9.171e+05  -7.64e-03   1.35    133
RBS_0797                    2202   0.15   0.08   0.52   1.00   1.00   1.00   4.29e-05   3.66e-06   8.17e-04   0.00   0.00   0.00   0.00e+00   0.00e+00   0.00e+00  9.382e+05   2.21e-03   0.85      4
RDCS_1252-29                4198   0.44   0.25   0.59   1.00   1.00   1.00   4.94e-06   3.23e-06   9.89e-06   0.00   0.00   0.00   0.00e+00   0.00e+00   0.00e+00  8.703e+05   9.68e-04   1.21     35
RX_J0439+0520                527   0.21   0.00   0.00   1.00   1.00   1.00  -7.34e-05   0.00e+00   0.00e+00   0.00   0.00   0.00   0.00e+00   0.00e+00   0.00e+00  9.590e+05  -7.69e-03  39.16     53
RX_J0439.0+0715             1449   0.08   0.08   0.10   1.00   1.00   1.00  -1.97e-03  -2.54e-03  -5.11e-04   0.00   0.00   0.00   0.00e+00   0.00e+00   0.00e+00  8.992e+05  -5.14e-03   0.98      5
RX_J0439.0+0715             3583   0.54   0.37   0.74   1.00   1.00   1.00   9.69e-06   6.16e-06   1.36e-05   0.00   0.00   0.00   0.00e+00   0.00e+00   0.00e+00  9.450e+05   2.03e-03   1.01      3
RX_J0647.7+7015             3196   0.17   0.15   0.20   1.00   1.00   1.00  -6.78e-05  -1.03e-04  -4.58e-05   0.00   0.00   0.00   0.00e+00   0.00e+00   0.00e+00  8.712e+05  -4.68e-03   1.20      5
RX_J0647.7+7015             3584   0.20   0.18   0.23   1.00   1.00   1.00  -4.67e-05  -6.47e-05  -3.31e-05   0.00   0.00   0.00   0.00e+00   0.00e+00   0.00e+00  8.692e+05  -3.81e-03   1.35      5
RX_J0819.6+6336             2199   0.26   0.15   0.60   1.00   1.00   1.00  -3.28e-06  -6.34e-06  -4.41e-07   0.00   0.00   0.00   0.00e+00   0.00e+00   0.00e+00  8.949e+05  -9.36e-04   1.56      2
RX_J0910+5422               2452   0.70   0.50   0.98   1.00   1.00   1.00   3.87e-06   2.26e-06   5.83e-06   0.00   0.00   0.00   0.00e+00   0.00e+00   0.00e+00  8.695e+05   6.50e-04   1.21     11
RX_J1347.5-1145             3592   0.78   0.70   0.90   1.00   1.00   1.00   1.47e-05   1.23e-05   1.79e-05   0.00   0.00   0.00   0.00e+00   0.00e+00   0.00e+00  8.494e+05   4.07e-03   1.15     17
RX_J1347.5-1145              507   0.57   0.37   0.75   1.00   1.00   1.00   7.91e-06   5.78e-06   1.07e-05   0.00   0.00   0.00   0.00e+00   0.00e+00   0.00e+00  9.120e+05   6.20e-03   0.21      4
RX_J1350+6007               2229   0.20   0.18   0.22   1.00   1.00   1.00  -2.57e-05  -3.51e-05  -1.80e-05   0.00   0.00   0.00   0.00e+00   0.00e+00   0.00e+00  8.861e+05  -1.89e-03   1.37     10
RX_J1423.8+2404             1657   0.20   0.17   0.24   1.00   1.00   1.00   5.11e-05   3.27e-05   7.78e-05   0.00   0.00   0.00   0.00e+00   0.00e+00   0.00e+00  8.483e+05   5.07e-03   0.44      3
RX_J1423.8+2404             4195   0.27   0.25   0.30   1.00   1.00   1.00   7.26e-06   6.34e-06   8.20e-06   0.00   0.00   0.00   0.00e+00   0.00e+00   0.00e+00  9.179e+05   4.14e-03   1.43     22
RX_J1504.1-0248             5793   0.50   0.42   0.57   1.00   1.00   1.00   1.07e-05   7.90e-06   1.35e-05   0.00   0.00   0.00   0.00e+00   0.00e+00   0.00e+00  8.187e+05   9.60e-04   2.66     11
RX_J1525+0958               1664   0.28   0.27   0.30   1.00   1.00   1.00   1.24e-04   1.16e-04   1.33e-04   0.00   0.00   0.00   0.00e+00   0.00e+00   0.00e+00  8.246e+05   2.14e-02   0.88     20
RX_J1532.9+3021             1649   0.30   0.00   0.00   1.00   1.00   1.00   2.38e-06   0.00e+00   0.00e+00   0.00   0.00   0.00   0.00e+00   0.00e+00   0.00e+00  9.875e+05   1.27e-03   0.84    153
RX_J1532.9+3021             1665   0.17   0.12   0.21   1.00   1.00   1.00   6.54e-05   3.02e-05   1.70e-04   0.00   0.00   0.00   0.00e+00   0.00e+00   0.00e+00  9.531e+05   3.20e-03   1.12      1
RX_J1716.9+6708              548  27.11   1.44  79.90   1.00   1.00   1.00  -7.11e-05  -1.30e-04  -2.02e-05   0.00   0.00   0.00   0.00e+00   0.00e+00   0.00e+00  8.379e+05  -1.99e-03   1.25     18
RX_J1720.1+2638             4361   1.39   0.84  12.76   1.00   1.00   1.00   2.85e-05   5.84e-06   6.37e-05   0.00   0.00   0.00   0.00e+00   0.00e+00   0.00e+00  9.007e+05   1.86e-03   2.34      6
RX_J1720.2+3536             3280   0.08   0.08   0.11   1.00   1.00   1.00  -6.72e-04  -9.40e-04  -1.16e-04   0.00   0.00   0.00   0.00e+00   0.00e+00   0.00e+00  9.433e+05  -1.28e-03   1.46      8
RX_J1720.2+3536             6107   0.19   0.18   0.21   1.00   1.00   1.00  -7.84e-05  -9.73e-05  -6.23e-05   0.00   0.00   0.00   0.00e+00   0.00e+00   0.00e+00  8.915e+05  -7.11e-03   1.28     13
RX_J2129.6+0005              552   0.08   0.08   0.09   1.00   1.00   1.00  -1.31e-03  -1.68e-03  -6.27e-04   0.00   0.00   0.00   0.00e+00   0.00e+00   0.00e+00  9.095e+05  -4.16e-03   1.76      6
SERSIC_159-03               1668   0.13   0.00   0.00   1.00   1.00   1.00   1.59e-06   0.00e+00   0.00e+00   0.00   0.00   0.00   0.00e+00   0.00e+00   0.00e+00  9.550e+05  -5.72e-05   1.58     91
V_1121.0+2327               1660   0.23   0.20   0.26   1.00   1.00   1.00  -1.82e-05  -2.44e-05  -1.35e-05   0.00   0.00   0.00   0.00e+00   0.00e+00   0.00e+00  7.975e+05  -2.46e-03   1.45     11
ZWCL_1215                   4184   0.99   0.72   1.40   1.00   1.00   1.00   1.74e-05   6.43e-06   5.06e-05   0.00   0.00   0.00   0.00e+00   0.00e+00   0.00e+00  9.462e+05   9.63e-04   1.57      2
ZWCL_1358+6245               516   0.64   0.46   0.79   1.00   1.00   1.00   4.52e-06   3.33e-06   5.88e-06   0.00   0.00   0.00   0.00e+00   0.00e+00   0.00e+00  8.020e+05   6.24e-03   1.82     21
ZWCL_1953                   1659   0.08   0.08   0.10   1.00   1.00   1.00  -5.50e-04  -8.49e-04  -1.29e-04   0.00   0.00   0.00   0.00e+00   0.00e+00   0.00e+00  8.978e+05  -9.43e-04   1.08      8
ZWCL_3146                    909   0.19   0.08   0.25   1.00   1.00   1.00  -1.38e-05  -4.52e-04  -5.91e-06   0.00   0.00   0.00   0.00e+00   0.00e+00   0.00e+00  7.459e+05  -1.65e-03   1.24     16
ZWCL_5247                    539   0.24   0.21   0.29   1.00   1.00   1.00   6.65e-05   4.90e-05   8.77e-05   0.00   0.00   0.00   0.00e+00   0.00e+00   0.00e+00  8.338e+05   1.32e-02   1.43      4
ZWCL_7160                    543   0.29   0.24   0.41   1.00   1.00   1.00   4.11e-05   2.66e-05   5.66e-05   0.00   0.00   0.00   0.00e+00   0.00e+00   0.00e+00  9.323e+05   9.32e-03   0.26      4
ZWICKY_2701                 3195   0.17   0.08   0.32   1.00   1.00   1.00  -3.42e-06  -8.89e-05  -1.07e-06   0.00   0.00   0.00   0.00e+00   0.00e+00   0.00e+00  8.918e+05  -1.22e-03   0.24      3
ZwCL_1332.8+5043            5772   0.23   0.17   0.40   1.00   1.00   1.00  -2.89e-05  -6.08e-05  -1.10e-05   0.00   0.00   0.00   0.00e+00   0.00e+00   0.00e+00  9.960e+05  -1.79e-03   1.72      1
ABELL_1795                   493   0.74   0.69   0.80   1.00   1.00   1.00   2.27e-05   2.01e-05   2.59e-05   0.00   0.00   0.00   0.00e+00   0.00e+00   0.00e+00  8.267e+05   1.71e-02   1.43     12
ABELL_2029                   891   0.65   0.62   0.68   1.00   1.00   1.00   3.19e-05   2.97e-05   3.41e-05   0.00   0.00   0.00   0.00e+00   0.00e+00   0.00e+00  8.703e+05   2.92e-02   1.48     19
ABELL_3158                  3712   0.28   0.26   0.30   1.00   1.00   1.00   7.68e-05   6.90e-05   8.51e-05   0.00   0.00   0.00   0.00e+00   0.00e+00   0.00e+00  8.396e+05   1.61e-02   2.20     16
ABELL_3667                   889   0.29   0.29   0.30   1.00   1.00   1.00   1.69e-04   1.61e-04   1.77e-04   0.00   0.00   0.00   0.00e+00   0.00e+00   0.00e+00  8.535e+05   4.10e-02   4.76     38
CL_J0030+2618               5762   0.18   0.15   0.21   1.00   1.00   1.00  -6.85e-05  -1.12e-04  -3.87e-05   0.00   0.00   0.00   0.00e+00   0.00e+00   0.00e+00  9.573e+05  -3.36e-03   1.13      4
HYDRA_A                      576   0.31   0.27   0.35   1.00   1.00   1.00   1.28e-05   1.07e-05   1.49e-05   0.00   0.00   0.00   0.00e+00   0.00e+00   0.00e+00  8.780e+05   1.54e-02   2.33     16
PKS_0745-191                2427   0.83   0.70   1.04   1.00   1.00   1.00   8.48e-06   6.11e-06   1.38e-05   0.00   0.00   0.00   0.00e+00   0.00e+00   0.00e+00  8.728e+05   3.85e-03   1.42      5
ABELL_0401                  2309   0.62   0.58   0.66   1.00   1.00   1.00   1.26e-04   1.18e-04   1.35e-04   0.00   0.00   0.00   0.00e+00   0.00e+00   0.00e+00  8.082e+05   4.32e-02   2.32     19
ABELL_2052                  5807   0.70   0.69   0.72   1.00   1.00   1.00   3.14e-05   3.03e-05   3.25e-05   0.00   0.00   0.00   0.00e+00   0.00e+00   0.00e+00  8.584e+05   1.57e-02   4.37     38
ABELL_2142                  5005   0.93   0.83   1.05   1.00   1.00   1.00   2.34e-05   1.80e-05   3.15e-05   0.00   0.00   0.00   0.00e+00   0.00e+00   0.00e+00  8.379e+05   2.59e-03   2.59     20
2PIGG_J0011.5-2850          5797   0.08   0.08   0.11   1.00   1.00   1.00  -9.12e-04  -1.24e-03  -1.53e-04   0.00   0.00   0.00   0.00e+00   0.00e+00   0.00e+00  8.217e+05  -7.14e-04   2.06      7
2PIGG_J0311.8-2655          5799   0.18   0.16   0.19   1.00   1.00   1.00  -8.10e-05  -1.02e-04  -6.38e-05   0.00   0.00   0.00   0.00e+00   0.00e+00   0.00e+00  8.745e+05  -5.43e-03   1.62     12
ABELL_0013                  4945   0.08   0.08   0.08   1.00   1.00   1.00  -2.06e-04  -2.24e-04  -1.44e-04   0.00   0.00   0.00   0.00e+00   0.00e+00   0.00e+00  7.751e+05   1.15e-03   5.69     17
ABELL_0119                  4180   0.65   0.59   0.72   1.00   1.00   1.00   5.79e-05   5.15e-05   6.45e-05   0.00   0.00   0.00   0.00e+00   0.00e+00   0.00e+00  9.475e+05   1.78e-02   1.73      9
ABELL_0168                  3203   0.75   0.62   0.99   1.00   1.00   1.00   1.01e-05   7.67e-06   1.54e-05   0.00   0.00   0.00   0.00e+00   0.00e+00   0.00e+00  8.531e+05   2.17e-03   1.15     15
ABELL_0168                  3204   0.08   0.08   0.12   1.00   1.00   1.00  -8.14e-04  -1.01e-03  -1.32e-04   0.00   0.00   0.00   0.00e+00   0.00e+00   0.00e+00  8.042e+05  -2.02e-03   0.58     12
ABELL_0209                  3579   0.08   0.08   0.16   1.00   1.00   1.00  -1.10e-03  -1.58e-03  -4.53e-05   0.00   0.00   0.00   0.00e+00   0.00e+00   0.00e+00  8.911e+05  -1.46e-03   0.23      2
ABELL_0209                   522   0.22   0.20   0.23   1.00   1.00   1.00   1.24e-04   1.07e-04   1.42e-04   0.00   0.00   0.00   0.00e+00   0.00e+00   0.00e+00  9.278e+05   1.67e-02   4.59      2
ABELL_0514                  3578   0.17   0.15   0.19   1.00   1.00   1.00  -4.86e-05  -6.80e-05  -3.48e-05   0.00   0.00   0.00   0.00e+00   0.00e+00   0.00e+00  8.324e+05  -2.64e-03   1.28     13
ABELL_2065                 31821   0.20   0.19   0.22   1.00   1.00   1.00   1.32e-04   1.13e-04   1.52e-04   0.00   0.00   0.00   0.00e+00   0.00e+00   0.00e+00  8.215e+05   1.51e-02   2.05     14
ABELL_2631                  3248   0.19   0.15   0.26   1.00   1.00   1.00  -4.34e-05  -8.74e-05  -1.91e-05   0.00   0.00   0.00   0.00e+00   0.00e+00   0.00e+00  8.890e+05  -2.99e-03   0.00      1
ABELL_3128                   893   0.31   0.29   0.34   1.00   1.00   1.00   1.27e-04   1.12e-04   1.41e-04   0.00   0.00   0.00   0.00e+00   0.00e+00   0.00e+00  6.946e+05   3.31e-02   1.08     31
ABELL_3376                  3202   0.38   0.21   0.57   1.00   1.00   1.00  -5.06e-06  -1.28e-05  -2.27e-06   0.00   0.00   0.00   0.00e+00   0.00e+00   0.00e+00  8.501e+05  -1.17e-03   0.77     15
ABELL_3376                  3450   0.08   0.08   0.15   1.00   1.00   1.00  -6.34e-04  -9.56e-04  -3.88e-05   0.00   0.00   0.00   0.00e+00   0.00e+00   0.00e+00  8.753e+05  -1.70e-03   1.43      8
ESO_3060170                 3189   0.75   0.60   1.01   1.00   1.00   1.00   1.18e-05   7.62e-06   1.83e-05   0.00   0.00   0.00   0.00e+00   0.00e+00   0.00e+00  6.571e+05   2.89e-03   0.36      3
MACS_J2243.3-0935           3260   0.56   0.44   0.65   1.00   1.00   1.00   3.67e-05   3.26e-05   4.27e-05   0.00   0.00   0.00   0.00e+00   0.00e+00   0.00e+00  9.290e+05   1.15e-02   1.15     12
MS_J1157.3+5531             4964   0.10   0.08   0.11   1.00   1.00   1.00  -7.93e-05  -2.03e-04  -4.51e-05   0.00   0.00   0.00   0.00e+00   0.00e+00   0.00e+00  8.290e+05  -2.46e-03   1.22     17
NGC_6338                    4194   0.15   0.12   0.18   1.00   1.00   1.00  -5.75e-05  -1.18e-04  -3.63e-05   0.00   0.00   0.00   0.00e+00   0.00e+00   0.00e+00  8.147e+05  -1.43e-03   1.72     15
RX_J0232.2-4420             4993   0.20   0.17   0.23   1.00   1.00   1.00  -5.72e-05  -8.41e-05  -3.72e-05   0.00   0.00   0.00   0.00e+00   0.00e+00   0.00e+00  8.102e+05  -5.21e-03   0.37      6
RX_J0340-4542               6954   0.21   0.19   0.23   1.00   1.00   1.00  -8.96e-05  -1.10e-04  -7.15e-05   0.00   0.00   0.00   0.00e+00   0.00e+00   0.00e+00  9.050e+05  -9.60e-03   1.27      5
RX_J0528.9-3927             4994   0.16   0.08   0.22   1.00   1.00   1.00  -2.28e-05  -5.22e-04  -4.08e-06   0.00   0.00   0.00   0.00e+00   0.00e+00   0.00e+00  8.610e+05   3.13e-04   1.49      6
RX_J2011.3-5725             4995   0.63   0.52   0.73   1.00   1.00   1.00   1.63e-05   1.29e-05   1.97e-05   0.00   0.00   0.00   0.00e+00   0.00e+00   0.00e+00  9.032e+05   4.41e-03   1.08     12
S0463                       7250   0.09   0.08   0.13   1.00   1.00   1.00  -1.17e-03  -2.32e-03  -2.58e-04   0.00   0.00   0.00   0.00e+00   0.00e+00   0.00e+00  8.398e+05  -7.00e-03   1.75     10
ZwCl_0848.5+3341            4205   0.27   0.00   0.00   1.00   1.00   1.00  -1.05e-03   0.00e+00   0.00e+00   0.00   0.00   0.00   0.00e+00   0.00e+00   0.00e+00  9.685e+05  -5.31e-01   0.43      1
2PIGG_J2227.0-3041          5798   0.08   0.08   0.12   1.00   1.00   1.00  -1.22e-03  -1.52e-03  -1.79e-04   0.00   0.00   0.00   0.00e+00   0.00e+00   0.00e+00  8.621e+05  -1.83e-03   0.67      7
ABELL_2717                  6974   0.08   0.08   0.09   1.00   1.00   1.00  -1.40e-03  -1.76e-03  -5.88e-04   0.00   0.00   0.00   0.00e+00   0.00e+00   0.00e+00  8.968e+05  -3.77e-03   0.64      8
ABELL_3164                  6955   0.16   0.10   0.20   1.00   1.00   1.00  -1.03e-04  -4.38e-04  -5.22e-05   0.00   0.00   0.00   0.00e+00   0.00e+00   0.00e+00  7.242e+05  -4.14e-03   0.14      2
ABELL_3921                  4973   0.09   0.08   0.15   1.00   1.00   1.00  -6.22e-04  -1.27e-03  -6.34e-05   0.00   0.00   0.00   0.00e+00   0.00e+00   0.00e+00  8.003e+05  -1.45e-03   2.06     10
MKW3S                        900   0.29   0.28   0.30   1.00   1.00   1.00   1.17e-04   1.12e-04   1.23e-04   0.00   0.00   0.00   0.00e+00   0.00e+00   0.00e+00  7.860e+05   3.00e-02   2.54     37
S0463                       6956   0.16   0.15   0.18   1.00   1.00   1.00  -1.13e-04  -1.54e-04  -8.63e-05   0.00   0.00   0.00   0.00e+00   0.00e+00   0.00e+00  8.608e+05  -5.27e-03   1.54     12
ABELL_2256                  1386   0.25   0.00   0.00   1.00   1.00   1.00   1.93e-03   0.00e+00   0.00e+00   0.00   0.00   0.00   0.00e+00   0.00e+00   0.00e+00  7.445e+05   5.29e-01  18.40     38
TRIANG_AUSTR                1281   0.25   0.25   0.26   1.00   1.00   1.00   5.88e-04   5.62e-04   6.11e-04   0.00   0.00   0.00   0.00e+00   0.00e+00   0.00e+00  8.105e+05   1.91e-01   8.60     38
ABELL_1689                  1663   0.23   0.20   0.28   1.00   1.00   1.00   5.04e-05   3.43e-05   7.35e-05   0.00   0.00   0.00   0.00e+00   0.00e+00   0.00e+00  9.085e+05   8.67e-03  45.25     40
ABELL_1689                   540   0.17   0.08   0.30   1.00   1.00   1.00   3.29e-05   4.84e-06   6.18e-04   0.00   0.00   0.00   0.00e+00   0.00e+00   0.00e+00  9.031e+05   2.79e-03  37.64     40
MACS_J0011.7-1523           3261   0.22   0.16   0.32   1.00   1.00   1.00   1.47e-05   5.66e-06   3.39e-05   0.00   0.00   0.00   0.00e+00   0.00e+00   0.00e+00  8.003e+05   1.66e-03  46.59     40
MACS_J0035.4-2015           3262   0.94   0.78   1.47   1.00   1.00   1.00  -6.69e-06  -9.56e-06  -3.12e-06   0.00   0.00   0.00   0.00e+00   0.00e+00   0.00e+00  9.556e+05  -8.28e-04  44.10     40
MACS_J0111.5+0855           3256   0.18   0.15   0.21   1.00   1.00   1.00   3.80e-05   1.89e-05   6.54e-05   0.00   0.00   0.00   0.00e+00   0.00e+00   0.00e+00  8.739e+05   2.21e-03  27.87     40
MACS_J0152.5-2852           3264   0.31   0.23   0.45   1.00   1.00   1.00   1.49e-05   8.01e-06   2.50e-05   0.00   0.00   0.00   0.00e+00   0.00e+00   0.00e+00  8.872e+05   1.98e-03  38.08     40
MACS_J0159.0-3412           5818   0.50   0.31   0.63   1.00   1.00   1.00  -7.60e-06  -1.11e-05  -4.13e-06   0.00   0.00   0.00   0.00e+00   0.00e+00   0.00e+00  6.567e+05  -1.81e-03  28.78     40
MACS_J0455.2+0657           5812   0.23   0.20   0.28   1.00   1.00   1.00   4.97e-05   3.42e-05   7.18e-05   0.00   0.00   0.00   0.00e+00   0.00e+00   0.00e+00  6.794e+05   6.95e-03  38.85     40
MACS_J0520.7-1328           3272   0.13   0.08   0.21   1.00   1.00   1.00   4.82e-05   8.54e-06   6.12e-04   0.00   0.00   0.00   0.00e+00   0.00e+00   0.00e+00  8.224e+05   1.38e-03  34.53     40
MACS_J0553.4-3342           5813   0.58   0.30   0.76   1.00   1.00   1.00   1.34e-05   9.06e-06   2.31e-05   0.00   0.00   0.00   0.00e+00   0.00e+00   0.00e+00  7.943e+05   3.04e-03  45.00     40
MACS_J0911.2+1746           5012   0.12   0.08   0.13   1.00   1.00   1.00  -1.13e-04  -1.47e-04  -4.28e-05   0.00   0.00   0.00   0.00e+00   0.00e+00   0.00e+00  9.218e+05  -1.42e-03  35.11     40
MACS_J1006.9+3200           5819   0.11   0.08   0.14   1.00   1.00   1.00  -4.89e-05  -1.24e-04   1.39e-04   0.00   0.00   0.00   0.00e+00   0.00e+00   0.00e+00  8.845e+05  -6.30e-05  38.88     40
MACS_J1105.7-1014           5817   0.54   0.40   0.67   1.00   1.00   1.00   1.21e-05   8.10e-06   1.68e-05   0.00   0.00   0.00   0.00e+00   0.00e+00   0.00e+00  7.366e+05   2.41e-03  40.02     40
MACS_J1108.8+0906           3252   0.10   0.08   0.12   1.00   1.00   1.00  -5.62e-05  -1.63e-04   1.74e-04   0.00   0.00   0.00   0.00e+00   0.00e+00   0.00e+00  7.624e+05  -3.96e-04  35.45     40
MACS_J1108.8+0906           5009   0.36   0.25   0.50   1.00   1.00   1.00   9.21e-06   4.67e-06   1.56e-05   0.00   0.00   0.00   0.00e+00   0.00e+00   0.00e+00  8.186e+05   1.45e-03  41.16     40
MACS_J1115.2+5320           3253   0.18   0.15   0.21   1.00   1.00   1.00   6.02e-05   3.22e-05   1.02e-04   0.00   0.00   0.00   0.00e+00   0.00e+00   0.00e+00  9.588e+05   3.96e-03  50.89     40
MACS_J1115.2+5320           5008   0.42   0.26   0.56   1.00   1.00   1.00  -7.00e-06  -1.04e-05  -3.17e-06   0.00   0.00   0.00   0.00e+00   0.00e+00   0.00e+00  8.920e+05  -5.46e-04  45.50     40
MACS_J1115.2+5320           5350   0.57   0.33   0.73   1.00   1.00   1.00   1.82e-05   1.05e-05   2.70e-05   0.00   0.00   0.00   0.00e+00   0.00e+00   0.00e+00  8.223e+05   5.91e-03  32.78     40
MACS_J1427.2+4407           6112   0.08   0.08   0.09   1.00   1.00   1.00  -5.58e-04  -8.32e-04  -1.80e-04   0.00   0.00   0.00   0.00e+00   0.00e+00   0.00e+00  7.145e+05  -1.13e-03  25.02     40
MACS_J1731.6+2252           3281   0.19   0.17   0.23   1.00   1.00   1.00   4.14e-05   2.36e-05   6.11e-05   0.00   0.00   0.00   0.00e+00   0.00e+00   0.00e+00  8.838e+05   3.80e-03  51.28     40
MACS_J2046.0-3430           5816   0.30   0.25   0.42   1.00   1.00   1.00   3.59e-05   2.32e-05   4.95e-05   0.00   0.00   0.00   0.00e+00   0.00e+00   0.00e+00  9.474e+05   5.95e-03  47.23     40
MACS_J2049.9-3217           3283   0.63   0.54   0.73   1.00   1.00   1.00   1.41e-05   1.14e-05   1.71e-05   0.00   0.00   0.00   0.00e+00   0.00e+00   0.00e+00  9.635e+05   4.05e-03  41.31     40
