; 1. X-center
; 2. Y-center
; 3. Radius From Target (px)
; 3. Mean
; 4. Median
; 5. Mode
; 6. Standard Deviation

      687.983      648.516      50      1.29617      1.27874     0.769297    0.0862889
      725.967      681.031     100      1.30515      1.28543     0.942456    0.0873342
      763.950      713.547     150      1.31088      1.28853     0.920147    0.0981320
      801.934      746.062     200      1.31837      1.29834     0.972208    0.0910182
      839.917      778.578     250      1.33369      1.30564      1.02557     0.102172
      877.901      811.093     300      1.34789      1.32366      1.10215    0.0945448
      915.884      843.609     350      1.37254      1.34849      1.04345     0.106495
