2A_0335+096                           919   4055   3795    488    5000   0.0347  18.11   2.88   0.57  44.98    s3   0.0000     y      0   /mnt/DROBO
ABELL_0478                     1669   4141   4308    414   20000   0.0883  30.90   7.07   0.31  45.69    s3   1.8377     y    412   /mnt/DROBO
ABELL_0478                     6102   4210   3930    812   20000   0.0883  30.90   7.07   0.31  45.69    i3   1.8377     y    422   /mnt/DROBO
ABELL_0496                           3361   4123   4017    300    5000   0.0328   4.57   3.89   0.47  44.82    s3   1.9365     y    300   /mnt/DROBO
ABELL_1991                           3193   4209   4018    370    2500   0.0587   2.43   5.40   0.30   1.38    s3   1.8930     y    370   /mnt/DROBO
ABELL_2029                     4977   4176   3973    366   35000   0.0765   3.26   7.38   0.42  45.77    s3   1.8579     y    363   /mnt/DROBO
ABELL_2029                     6101   4300   4067    815   35000   0.0765   3.26   7.38   0.42  45.77    i3   1.8579     y    500   /mnt/DROBO
ABELL_2029                      891   4033   3960    366   35000   0.0765   3.26   7.38   0.42  45.77    s3   1.8579     y      0   /mnt/DROBO
#ABELL_2052                     5807   4085   3946    357   10000   0.0353   2.85   2.98   0.54  44.72    s3   0.0000     y    357   /mnt/DROBO
#ABELL_2052                      890   4073   4161    280   10000   0.0353   2.85   2.98   0.54  44.72    s3   0.0000     y      0   /mnt/DROBO
ABELL_2151                           4996   3745   4211    730    5000   0.0366   3.46   2.90   0.30   0.00    i3   0.0000     y    000   /mnt/DROBO
ABELL_3581                           1650   4074   4246    500    5000   0.0218   4.30   2.10   0.67   0.00    s3   1.9573     y      0   /mnt/DROBO
ABELL_4059                           5785   4059   4245    485    5000   0.0475   1.09   4.69   0.62   0.00    s3   1.9093     y      0   /mnt/DROBO
#AWM7                                  908   4370   3478    510   15000   0.0172  10.34   3.71   0.51  44.47    i3   0.0000     y      0   /mnt/DROBO
CID_0072                       7321   4025   4005    860    2500   0.0344   2.43   2.88   0.60  44.26    i3   0.0000     y    000   /mnt/DROBO
CID_0072                       2018   4052   4172    500    2500   0.0344   2.43   2.88   0.60  44.26    s3   0.0000     y    000   /mnt/DROBO
CID_0072                       6949   4007   3966    850    2500   0.0344   2.43   2.88   0.60  44.26    i3   0.0000     y    000   /mnt/DROBO
CID_0072                       7322   3971   3938    809    2500   0.0344   2.43   2.88   0.60  44.26    i3   0.0000     y    000   /mnt/DROBO
#ESO_3060170                    3188   4210   4335    750    5000   0.0358   3.45   2.79   0.61   0.00    i3   1.9309     y      0   /mnt/DROBO
#ESO_3060170                    3189   4098   3862    645    5000   0.0358   3.45   2.79   0.61   0.00    i0   1.9309     y      0   /mnt/DROBO
ESO_5520200                          3206   4204   3843    704    5000   0.0314   4.29   2.34   0.30   0.00    i3   1.9391     y    176   /mnt/DROBO
#HCG_0062                              921   4234   3834    484    5000   0.0146   3.32   1.10   0.24   0.00    s3   1.9712     y      0   /mnt/DROBO
#HCG_42                               3215   4410   4454    385    2500   0.0133   5.15   0.70   0.30   0.00    s3   1.9737     y      0   /mnt/DROBO
M87                            5826   4093   4005   1215  200000   0.0044   2.54   2.50   0.30  00.00    i3   0.0000     y    000   /mnt/DROBO
M87                            5827   4032   4161   1212  200000   0.0044   2.54   2.50   0.30  00.00    i3   0.0000     y    000   /mnt/DROBO
#MKW_04                               3234   4206   3852    467    5000   0.0198   1.90   2.16   0.43  43.16    s3   1.9612     n    343   /mnt/DROBO
MS_J1157.3+5531                      4964   3948   3940    420    5000   0.0810   1.22   2.91   0.69   0.00    s3   1.8501     y      0   /mnt/DROBO
OPHIUCHUS                            3200   4073   4256    366    5000   0.0280  36.00  10.00   0.30   0.00    s3   1.9455     y    363   /mnt/DROBO
RBS_0533                       3186   3994   4584    594    5000   0.0123  11.52   1.29   0.36   0.00    i3   1.9757     y      0   /mnt/DROBO
RBS_0533                       3187   4326   4398    674    5000   0.0123  11.52   1.29   0.36   0.00    i3   1.9757     y      0   /mnt/DROBO
RBS_0533                       5800   4038   3375    354    5000   0.0123  11.52   1.29   0.36   0.00    s3   1.9757     y      0   /mnt/DROBO
RBS_0533                       5801   4276   4338    335    5000   0.0123  11.52   1.29   0.36   0.00    s3   1.9757     y      0   /mnt/DROBO
RX_J1320.2+3308                      6941   4261   4059    480    5000   0.0366   1.06   1.01   0.20  00.00    s3   0.0000     y    000   /mnt/DROBO
SS2B153                              3243   4182   3798    412    5000   0.0186   4.12   0.80   0.29   0.00    s3   1.9635     y      0   /mnt/DROBO

#ABELL_0478                 1669    6102    0000    0000     4141   4309    812   10000   0.0883  30.90   7.07   0.31  45.69    si   1.8377     y    412    /mnt/DROBO
#ABELL_2029                 4977    6101     891    0000     4176   3974    815   30000   0.0765   3.26   7.38   0.42  45.77    si   1.8579     y    363    /mnt/DROBO
#ABELL_2052                 5807     890    0000    0000     4085   3947    357    5000   0.0353   2.85   2.98   0.54  44.72     s   0.0000     y    357    /mnt/DROBO
#ABELL_2204                 7940    6104     499    0000     3856   3948    800   10000   0.1524   5.84   6.97   0.38  45.83    si   1.7355     y    280    /mnt/DROBO
#ABELL_4059                 5785     897    0000    0000     4059   4245    655    5000   0.0475   1.09   4.69   0.62   0.00    si   1.9093     y      0    /mnt/DROBO
#CID_0072                   7321    2018    6949    7322     4025   4005    860    2500   0.0344   2.43   2.88   0.60  44.26    si   0.0000     y    000    /mnt/DROBO
#ESO_3060170                3188    3189    0000    0000     4210   4335    750    5000   0.0358   3.45   2.79   0.61   0.00     i   1.9309     y      0    /mnt/DROBO
#RBS_0533                   3186    3187    5800    5801     3994   4585    674    5000   0.0123  11.52   1.29   0.36   0.00    si   1.9757     y      0    /mnt/DROBO
#M87                        5826    5827    0000    0000     4093   4005   1215    2500   0.0044   0.00   0.00   0.00  00.00     i   0.0000     y      0    /mnt/DROBO
