2A_0335+096                           919   4055   3795    488    5000   0.0347  18.11   2.88   0.57  44.98    s3   0.0000     y      0   /mnt/SINISTER
ABELL_0085                            904   3969   4613    586    5000   0.0558   3.65   6.90   0.37  13.15    i0   1.8943     y    583   /mnt/SINISTER
ABELL_0119                           4180   4180   4029   1147    5000   0.0442   3.30   6.04   1.11   0.00    i3   1.9153     y      0   /mnt/SINISTER
ABELL_0133                           2203   4196   4107    313    5000   0.0558   1.56   3.71   0.64  44.73    s3   1.8943     y    312   /mnt/SINISTER
ABELL_0262                           7921   4086   4107    797   20000   0.0164   5.64   2.18   0.42  43.86    s3   0.0000     y      0   /mnt/SINISTER
ABELL_0262                           2215   4053   3959    350   20000   0.0164   5.64   2.18   0.42  43.86    s3   0.0000     y      0   /mnt/SINISTER
ABELL_0399                           3230   4085   4091   1016   10000   0.0716  11.51   5.80   0.23   6.40    i0   1.8664     y    812   /mnt/SINISTER
ABELL_0400                           4181   4157   3993   1171    5000   0.0240   9.38   2.31   0.30  44.01    i3   0.0000     y      0   /mnt/SINISTER
ABELL_0401                            518   4027   4034    990   10000   0.0745  12.48   8.07   0.28  45.48    i3   0.0000     y    990   /mnt/SINISTER
ABELL_0401                           2309   4053   4903    515   10000   0.0745  12.48   8.07   0.28  45.48    i2   0.0000     y    515   /mnt/SINISTER
ABELL_0478                           1669   4141   4308    414   20000   0.0883  30.90   7.07   0.31  45.69    s3   1.8377     y    412   /mnt/SINISTER
ABELL_0478                           6102   4210   3930    812   20000   0.0883  30.90   7.07   0.31  45.69    i3   1.8377     y    422   /mnt/SINISTER
ABELL_0496                           3361   4123   4017    300    5000   0.0328   4.57   3.89   0.47  44.82    s3   1.9365     y    300   /mnt/SINISTER
ABELL_0576                           3289   4081   3837    477    5000   0.0385   5.57   4.09   0.46  44.45    s3   1.9259     y    477   /mnt/SINISTER
ABELL_0754                            577   3845   3878    760   10000   0.0543   4.60   9.94   0.32  45.46    i3   0.0000     y    760   /mnt/SINISTER
ABELL_1644                           7922   4717   3657    645    5000   0.0471   5.69   4.60   0.50   0.00    i3   0.0000     y      0   /mnt/SINISTER
ABELL_1644                           2206   4652   3610    570    5000   0.0471   5.69   4.60   0.50   0.00    i3   0.0000     y      0   /mnt/SINISTER
ABELL_1650                           4178   4035   4231    358    5000   0.0843   1.62   5.89   0.40  45.31    s3   1.8445     y    354   /mnt/SINISTER
ABELL_1651                           4185   4186   4035    888    5000   0.0840   2.02   7.00   0.32   3.30    i3   1.8450     y    370   /mnt/SINISTER
ABELL_1736                           4186   4277   4291    820    5000   0.0338   5.13   3.45   0.44  44.41    i1   0.0000     y      0   /mnt/SINISTER
ABELL_1795                            493   3999   3967    366   15000   0.0625   1.22   7.80   0.37  14.73    s3   1.8824     y      0   /mnt/SINISTER
ABELL_1795                           5289   4157   3932    803   15000   0.0625   1.22   7.80   0.37  14.73    i3   1.8824     y    604   /mnt/SINISTER
ABELL_2029                           4977   4176   3973    366   35000   0.0765   3.26   7.38   0.42  45.77    s3   1.8579     y    363   /mnt/SINISTER
ABELL_2029                           6101   4300   4067    815   35000   0.0765   3.26   7.38   0.42  45.77    i3   1.8579     y    500   /mnt/SINISTER
ABELL_2029                            891   4033   3960    366   35000   0.0765   3.26   7.38   0.42  45.77    s3   1.8579     y      0   /mnt/SINISTER
ABELL_2052                           5807   4085   3946    357   10000   0.0353   2.85   2.98   0.54  44.72    s3   0.0000     y    357   /mnt/SINISTER
ABELL_2052                            890   4073   4161    280   10000   0.0353   2.85   2.98   0.54  44.72    s3   0.0000     y      0   /mnt/SINISTER
ABELL_2063                           4187   4107   3954    840   10000   0.0351   3.21   3.61   0.37  44.53    i3   0.0000     y      0   /mnt/SINISTER
ABELL_2063                           6263   4082   3924    340   10000   0.0351   3.21   3.61   0.37  44.53    s3   0.0000     y      0   /mnt/SINISTER
ABELL_2065                          31821   4052   4196    790    5000   0.0730   2.96   5.35   0.28   0.00    i3   1.8639     y      0   /mnt/SINISTER
ABELL_2142                           5005   3774   3758    800   10000   0.0898   4.31   8.24   0.28  45.81    i3   0.0000     y    564   /mnt/SINISTER
ABELL_2142                           1228   4044   4127    320   10000   0.0898   4.31   8.24   0.28  45.81    s3   0.0000     y    320   /mnt/SINISTER
ABELL_2142                           1196   4044   4127    320   10000   0.0898   4.31   8.24   0.28  45.81    s3   0.0000     y    320   /mnt/SINISTER
ABELL_2147                           3211   3809   4168    900    5000   0.0356   3.38   4.45   0.35  44.67    i3   1.9312     y    000   /mnt/SINISTER
ABELL_2163                           1653   4206   4484    767    5000   0.1695  12.04  12.12   0.22  46.29    i1   1.7101     y    767   /mnt/SINISTER
ABELL_2199                            497   3957   4035    353    5000   0.0300   0.88   4.14   0.43  44.90    s3   1.9417     y    352   /mnt/SINISTER
ABELL_2204                           7940   3856   3948    800   10000   0.1524   5.84   6.97   0.38  45.83    i3   1.7355     y    280   /mnt/SINISTER
ABELL_2204                           6104   3973   4253    827   10000   0.1524   5.84   6.97   0.38  45.83    i3   1.7355     y    280   /mnt/SINISTER
ABELL_2204                            499   4020   4234    377   10000   0.1524   5.84   6.97   0.38  45.83    s3   1.7355     y    377   /mnt/SINISTER
ABELL_2244                           4179   4146   4240    361    5000   0.0967   2.09   5.57   0.29  45.35    s3   1.8237     y    360   /mnt/SINISTER
ABELL_2255                            894   4088   4143    970    5000   0.0805   2.53   6.42   0.25  45.17    i3   1.8510     y    855   /mnt/SINISTER
ABELL_2589                           3210   4087   4178    290    1500   0.0415   3.98   3.70   0.30   1.88    s3   1.9203     y    276   /mnt/SINISTER
ABELL_2597                            922   4129   4175    138    5000   0.0854   2.51   3.58   0.37  45.10    s3   1.8426     y    134   /mnt/SINISTER
ABELL_2657                           4941   4102   3962    900    5000   0.0402   5.66   3.77   0.38  44.63    i3   0.0000     y      0   /mnt/SINISTER
ABELL_3112                           2516   4167   3961    366    5000   0.0720   2.50   4.28   0.51  45.17    s3   1.8657     y    366   /mnt/SINISTER
ABELL_3158                           3201   4101   4187    863   10000   0.0580   1.60   5.50   0.30   0.40    i3   1.8904     y    760   /mnt/SINISTER
ABELL_3158                           3712   4101   4187    800   10000   0.0580   1.60   4.94   0.36  45.10    i3   0.0000     y    800   /mnt/SINISTER
ABELL_3266                            899   3365   4027    463    5000   0.0590   1.72   8.35   0.32  45.39    i1   1.8886     y    462   /mnt/SINISTER
ABELL_3376                           3202   4244   4404   1141   10000   0.0456   5.21   4.08   0.44   0.00    i3   1.9128     y      0   /mnt/SINISTER
ABELL_3376                           3450   4244   4404   1141   10000   0.0456   5.21   4.08   0.44   0.00    i3   1.9128     y      0   /mnt/SINISTER
ABELL_3391                           4943   4171   4182    865    5000   0.0560   5.46   6.07   0.36  44.75    i3   0.0000     y      0   /mnt/SINISTER
ABELL_3395                           4944   4281   4012    764    5000   0.0510   6.94   5.13   0.39   0.00    i3   1.9029     y      0   /mnt/SINISTER
ABELL_3558                           1646   4255   4120    370    5000   0.0480   3.84   5.51   0.33  45.12    s3   1.9084     y    365   /mnt/SINISTER
ABELL_3562                           4167   4025   3729    660    5000   0.0490   3.90   3.80   0.30   0.50    i2   1.9066     y    448   /mnt/SINISTER
ABELL_3571                           4203   4019   4139    265    5000   0.0391   4.66   7.60   0.30   1.80    s3   1.9247     y    262   /mnt/SINISTER
ABELL_3581                           1650   4074   4246    500    5000   0.0218   4.30   2.10   0.67   0.00    s3   1.9573     y      0   /mnt/SINISTER
ABELL_3667                           5751   4555   4415    745   30000   0.0556   5.45   6.72   0.29  45.34    i3   1.8947     y    744   /mnt/SINISTER
ABELL_3667                            889   3252   3523    635   30000   0.0556   5.45   6.72   0.29  45.34    i2   1.8947     y    745   /mnt/SINISTER
ABELL_3667                           5752   4467   4576    745   30000   0.0556   5.45   6.72   0.29  45.34    i3   1.8947     y    744   /mnt/SINISTER
ABELL_3667                           5753   4629   4320    745   30000   0.0556   5.45   6.72   0.29  45.34    i3   1.8947     y    744   /mnt/SINISTER
ABELL_4038                           4992   4114   4052    976   10000   0.0300   1.57   3.30   0.30   0.00    i2   1.9417     y    864   /mnt/SINISTER
ABELL_4059                           5785   4059   4245    485    5000   0.0475   1.09   4.69   0.62   0.00    s3   1.9093     y      0   /mnt/SINISTER
CENTAURUS                            5310   4337   4111    580   20000   0.0109   8.06   3.96   0.53  44.12    s3   0.0000     y      0   /mnt/SINISTER
CENTAURUS                            4190   4698   3935    400   20000   0.0109   8.06   3.96   0.53  44.12    s3   0.0000     y      0   /mnt/SINISTER
CENTAURUS                            4191   4149   4706    520   20000   0.0109   8.06   3.96   0.53  44.12    s3   0.0000     y      0   /mnt/SINISTER
CENTAURUS                            4954   4276   4113    540   20000   0.0109   8.06   3.96   0.53  44.12    s3   0.0000     y      0   /mnt/SINISTER
CENTAURUS                            4955   4215   4115    530   20000   0.0109   8.06   3.96   0.53  44.12    s3   0.0000     y      0   /mnt/SINISTER
CENTAURUS                             504   4106   4259    520   20000   0.0109   8.06   3.96   0.53  44.12    s3   0.0000     y      0   /mnt/SINISTER
CENTAURUS                             505   4065   4259    530   20000   0.0109   8.06   3.96   0.53  44.12    s3   0.0000     y      0   /mnt/SINISTER
EXO_0422-086                         4183   4102   4066    960    5000   0.0397   6.22   3.28   0.30   0.00    i3   1.9236     y    318   /mnt/SINISTER
HYDRA_A                              4970   4119   3945    568   25000   0.0549   4.82   4.30   0.30   0.00    s3   1.8959     y    564   /mnt/SINISTER
HYDRA_A                               576   4111   4066    244   25000   0.0549   4.82   4.30   0.35   0.00    s3   1.8959     y      0   /mnt/SINISTER
MKW3S                                 900   4254   3746    894   15000   0.0450   3.05   2.18   0.30   0.00    i3   1.9138     y      0   /mnt/SINISTER
MKW_04                               3234   4206   3852    467    5000   0.0198   1.90   2.16   0.43  43.16    s3   1.9612     n    343   /mnt/SINISTER
MKW_08                               4942   4140   4004    940    5000   0.0270   2.60   3.29   0.30  44.13    i3   0.0000     y      0   /mnt/SINISTER
NGC_0507                             2882   4083   4242    840    5000   0.0164   5.30   1.40   0.30  43.36    i3   0.0000     y      0   /mnt/SINISTER
NGC_4636                             4415   4173   3893    765    5000   0.0031   1.90   0.66   0.30  42.30    i3   0.0000     y      0   /mnt/SINISTER
NGC_4636                             3926   4191   3834    730    5000   0.0031   1.90   0.66   0.30  42.30    i3   0.0000     y      0   /mnt/SINISTER
NGC_5044                             3225   4046   4235    520    5000   0.0090   5.04   1.22   0.30  43.26    s3   0.0000     y      0   /mnt/SINISTER
NGC_5044                             3664   4046   4235    520    5000   0.0090   5.04   1.22   0.30  43.26    s3   0.0000     y      0   /mnt/SINISTER
RBS_0461                             4182   4048   4240    868    5000   0.0290  16.16   2.60   0.30   0.00    i3   0.0000     y    000   /mnt/SINISTER
RBS_0533                             3186   3994   4584    594    5000   0.0123  11.52   1.29   0.36   0.00    i3   1.9757     y      0   /mnt/SINISTER
RBS_0533                             3187   4326   4398    674    5000   0.0123  11.52   1.29   0.36   0.00    i3   1.9757     y      0   /mnt/SINISTER
RBS_0533                             5800   4038   3375    354    5000   0.0123  11.52   1.29   0.36   0.00    s3   1.9757     y      0   /mnt/SINISTER
RBS_0533                             5801   4276   4338    335    5000   0.0123  11.52   1.29   0.36   0.00    s3   1.9757     y      0   /mnt/SINISTER
SERSIC_159-03                        1668   4203   3998    357    5000   0.0580   1.89   2.65   0.30   1.90    s3   1.8904     y    306   /mnt/SINISTER
ZWCL_1215                            4184   3983   4113    900    5000   0.0750   1.76   3.00   0.30   5.24    i3   1.8605     y    344   /mnt/SINISTER
ABELL_0539                           5808   4126   4064   1104    5000   0.0288  12.77   3.24   0.30  44.29    i3   0.0000     y      0   /mnt/SINISTER
ABELL_0539                           7209   4126   4064   1104    5000   0.0288  12.77   3.24   0.30  44.29    i3   0.0000     y      0   /mnt/SINISTER
ABELL_0644                           2211   3909   4329    778   10000   0.0698   6.31   6.60   0.29   4.33    i3   1.8695     y    708   /mnt/SINISTER
ABELL_1413                           5003   4933   3926    340    5000   0.1426   2.19   8.90   0.21  13.28    i2   1.7504     y    335   /mnt/SINISTER
ABELL_1689                            540   3612   4069    804   10000   0.1843   1.87  10.10   0.25   0.00    i3   1.6888     y      0   /mnt/SINISTER
ABELL_1689                           1663   4263   3690    650   10000   0.1843   1.87  10.10   0.25   0.00    i3   1.6888     y      0   /mnt/SINISTER
ABELL_1689                           5004   4209   3715    607   10000   0.1843   1.87  10.10   0.25  26.10    i3   1.6888     y    332   /mnt/SINISTER
ABELL_1914                           3593   4154   4454    620    5000   0.1712   0.97  10.50   0.30  33.75    i3   1.7077     y    318   /mnt/SINISTER
ABELL_2151                           4996   3745   4211    730    5000   0.0366   3.46   2.90   0.30   0.00    i3   0.0000     y    000   /mnt/SINISTER
ABELL_2319                           3231   4063   4199    947   10000   0.0562   9.05   9.49   0.25  45.70    i1   1.8936     y    904   /mnt/SINISTER
2PIGG_J0011.5-2850                   5797   4290   4043    813    5000   0.0753   2.18   5.86   0.21   0.00    i3   1.8599     y      0   /mnt/SINISTER
ABELL_3395N                          4944   4281   4012    764    5000   0.0510   6.94   5.13   0.39   0.00    i3   1.9029     y      0   /mnt/SINISTER
ABELL_3528S                          8268   4363   3971    754    2500   0.0530   6.13   4.94   0.34  44.71    i3   0.0000     y      0   /mnt/SINISTER
ABELL_3822                           8269   3899   3933    775    2500   0.0759   2.10   5.45   0.53  00.00    i3   0.0000     y      0   /mnt/SINISTER
ABELL_3921                           4973   4198   3639    903    5000   0.0927   3.07   5.69   0.43   0.00    i3   1.8303     y      0   /mnt/SINISTER
AWM7                                  908   4370   3478    510   15000   0.0172  10.34   3.71   0.51  44.47    i3   0.0000     y      0   /mnt/SINISTER
M49                                   321   4046   4132    530    5000   0.0033   1.43   1.33   0.30  42.30    s3   0.0000     y      0   /mnt/SINISTER
NGC_5813                             5907   4080   3946    650    5000   0.0066   4.34   0.76   0.30  42.30    s3   0.0000     y      0   /mnt/SINISTER
NGC_5846                              788   4027   4114    530    5000   0.0057   4.21   0.64   0.30  42.00    s3   0.0000     y      0   /mnt/SINISTER
OPHIUCHUS                            3200   4073   4256    366    5000   0.0280  36.00  10.00   0.30   0.00    s3   1.9455     y    363   /mnt/SINISTER
ABELL_0426                           3209   4066   3953    650    5000   0.0179  14.56   3.55   0.59   0.00    s3   1.9648     y      0   /mnt/SINISTER
ABELL_0426                           4289   4066   3954    650    5000   0.0179  14.56   3.55   0.59   0.00    s3   1.9648     y      0   /mnt/SINISTER
PKS_0745-191                         2427   3962   4178    366    5000   0.1028  40.82   8.50   0.30   0.00    s3   1.8136     y      0   /mnt/SINISTER
PKS_0745-191                          508   4017   3968    363    5000   0.1028  40.82   8.50   0.30   0.00    s3   1.8136     y    362   /mnt/SINISTER
PKS_0745-191                         6103   4214   3935    806    5000   0.1028  40.82   8.50   0.30   0.00    i3   1.8136     y    358   /mnt/SINISTER
ABELL_S0405                          8272   3916   4444    817    2500   0.0613   7.23   4.63   0.23  00.00    i3   0.0000     y      0   /mnt/SINISTER
ESO_3060170                          3188   4210   4335    750    5000   0.0358   3.45   2.79   0.61   0.00    i3   1.9309     y      0   /mnt/SINISTER
ESO_3060170                          3189   4098   3862    645    5000   0.0358   3.45   2.79   0.61   0.00    i0   1.9309     y      0   /mnt/SINISTER
UGC_03957                            8265   3782   3897   1000    5000   0.0341   4.63   2.96   0.37   0.00    i3   0.0000     y      0   /mnt/SINISTER
ZWCL_1742                            8267   4332   4010    800    5000   0.0757   3.66   4.40   0.46   0.00    i3   0.0000     y      0   /mnt/SINISTER
