2PIGG_J2227.0-3041                   5798   3899   4384    720    5000   0.0729   1.11   2.79   0.37   0.00    i2   1.8641     y      0   GALACTUS
3C_28.0                              3233   3962   4080    835    5000   0.1952   5.71   3.90   0.12  14.59    i3   1.6734     y    739   GALACTUS
3C_295                               2254   4059   4097    900    5000   0.4641   1.35   6.51   0.36  45.39    i3   1.3660     n    153   GALACTUS
ABELL_0383                           2321   4229   4166    359    5000   0.1871   4.07   3.93   0.38   9.80    s3   1.6848     y    266   GALACTUS
ABELL_0907                           3185   3958   4329    702    5000   0.1527   5.69   5.04   0.25   0.00    i3   1.7351     y    370   GALACTUS
ABELL_1991                           3193   4209   4018    370    5000   0.0565   2.43   5.40   0.30   1.38    s3   1.8930     y    370   GALACTUS
ABELL_2556                           2226   4288   4289    475    5000   0.0862   2.02   4.13   0.34  44.66    s3   1.8413     y    280   GALACTUS
ABELL_2667                           2214   4047   3946    367    5000   0.2300   1.64   6.31   0.31  45.69    s3   1.6260     y    188   GALACTUS
ABELL_2670                           4959   4114   3978    883    5000   0.0763   2.88   3.98   0.25  44.75    i3   1.8582     y    410   GALACTUS
ABELL_3581                           1650   4074   4246    500    5000   0.0218   4.30   2.10   0.67   0.00    s3   1.9573     y      0   GALACTUS
AWM7                                  908   4370   3478    510   15000   0.0172  10.34   3.71   0.51  44.47    i3   0.0000     y      0   GALACTUS
CENTAURUS                            4954   4284   4102    390   20000   0.0109   8.06   3.96   0.53  44.12    s3   0.0000     y      0   GALACTUS
ESO_5520200                          3206   4204   3843    704    5000   0.0314   4.29   2.34   0.30   0.00    i3   1.9391     y    176   GALACTUS
HCG_0062                              921   4234   3834    484    5000   0.0146   3.32   1.10   0.24   0.00    s3   1.9712     y      0   GALACTUS
HCG_42                               3215   4410   4454    385    2500   0.0133   5.15   0.70   0.30   0.00    s3   1.9737     y      0   GALACTUS
HERCULES_A                     1625   4054   4151    283    5000   0.1541   6.27   4.15   0.45  44.87    s3   1.7330     y    188   GALACTUS
HERCULES_A                     5796   4007   3972    368    5000   0.1541   6.27   4.15   0.45  44.87    s3   1.7330     y    188   GALACTUS
HERCULES_A                     6257   3962   4026    358    5000   0.1541   6.27   4.15   0.45  44.87    s3   1.7330     y    188   GALACTUS
MACS_J0011.7-1523              3261   4232   4338    702    5000   0.3600   2.08   5.42   0.30   0.00    i3   1.4706     y      0   GALACTUS
MACS_J0011.7-1523              6105   4033   3907    757    5000   0.3600   2.08   5.42   0.30   0.00    i3   1.4706     n    179   GALACTUS
MACS_J0159.8-0849              3265   4235   3857    600    5000   0.4050   2.01   9.59   0.30   0.00    i3   1.4235     y    150   GALACTUS
MACS_J0159.8-0849              6106   4211   4259    737    5000   0.4050   2.01   9.59   0.30   0.00    i3   1.4235     n    166   GALACTUS
MACS_J0329.6-0211              3257   4307   4190    600    5000   0.4500   6.21   5.20   0.51   0.00    i3   1.3793     y     98   GALACTUS
MACS_J0329.6-0211              3582   4289   4438    555    5000   0.4500   6.21   5.24   0.30   0.00    i3   1.3793     n    127   GALACTUS
MACS_J0329.6-0211              6108   4245   4230    600    5000   0.4500   6.21   5.20   0.51   0.00    i3   1.3793     y    162   GALACTUS
MACS_J1621.3+3810              3254   4248   4262    600    5000   0.4610   1.07   7.53   0.39   0.00    i3   1.3689     y     72   GALACTUS
MACS_J1621.3+3810              3594   3964   4446    572    5000   0.4610   1.07   7.53   0.39   0.00    i3   1.3689     n    124   GALACTUS
MACS_J1621.3+3810              6109   4278   4010    756    5000   0.4610   1.07   7.53   0.39   0.00    i3   1.3689     n    123   GALACTUS
MACS_J1621.3+3810              6172   4261   3960    600    5000   0.4610   1.07   7.53   0.39   0.00    i3   1.3689     y    124   GALACTUS
MKW_04                               3234   4206   3852    467    5000   0.0198   1.90   2.16   0.43  43.16    s3   1.9612     n    343   GALACTUS
MS_0735.6+7421                       4197   4070   3939    343    5000   0.2160   3.40   5.45   0.37  45.26    s3   1.6447     y    280   GALACTUS
MS_0839.8+2938                       2224   3936   4100    374    5000   0.1940   3.92   3.80   0.59  44.84    s3   1.6750     y    176   GALACTUS
MS_1008.1-1224                        926   3573   4235    569    5000   0.3010   6.71   7.47   0.72  45.35    i3   1.5373     y    214   GALACTUS
MS_1455.0+2232                       4192   3758   4590    575    5000   0.2590   3.35   4.51   0.35  45.61    i3   1.5886     y    318   GALACTUS
MS_2137.3-2353                       4974   4138   4244    340    5000   0.3130   3.40   6.30   0.30   0.00    s3   1.5232     n    115   GALACTUS
MS_J1157.3+5531                      4964   3948   3940    420    5000   0.0810   1.22   2.91   0.69   0.00    s3   1.8501     y      0   GALACTUS
OPHIUCHUS                            3200   4073   4256    366    5000   0.0280  36.00  10.00   0.30   0.00    s3   1.9455     y    363   GALACTUS
RBS_0533                       3186   3994   4584    594    5000   0.0123  11.52   1.29   0.36   0.00    i3   1.9757     y      0   GALACTUS
RBS_0533                       3187   4326   4398    674    5000   0.0123  11.52   1.29   0.36   0.00    i3   1.9757     y      0   GALACTUS
RBS_0533                       5800   4038   3375    354    5000   0.0123  11.52   1.29   0.36   0.00    s3   1.9757     y      0   GALACTUS
RBS_0533                       5801   4276   4338    335    5000   0.0123  11.52   1.29   0.36   0.00    s3   1.9757     y      0   GALACTUS
RX_J1347.5-1145                3592   3995   4354    708    5000   0.4510   4.89  10.88   0.30  46.29    i3   1.3784     y    266   GALACTUS
RX_J1347.5-1145                 507   4046   4244    375    5000   0.4510   4.89  10.88   0.37  46.29    s3   1.3784     y    214   GALACTUS
RX_J1504.1-0248                      5793   4131   3827    685    5000   0.2150   6.27   8.90   0.30   0.00    i3   1.6461     n    320   GALACTUS
RX_J1720.2+3536                3280   4279   4299    690    5000   0.3913   3.35   5.65   0.30   0.00    i3   1.4375     y    150   GALACTUS
RX_J1720.2+3536                6107   4274   4176    600    5000   0.3913   3.35   5.65   0.30   0.00    i3   1.4375     y    188   GALACTUS
RX_J1720.2+3536                7225   4276   4176    600    5000   0.3913   3.35   5.65   0.30   0.00    i3   1.4375     y     46   GALACTUS
SERSIC_159-03                        1668   4203   3998    357    5000   0.0580   1.89   2.41   0.30   1.90    s3   1.8904     y    306   GALACTUS
SS2B153                              3243   4182   3798    412    5000   0.0186   4.12   0.80   0.29   0.00    s3   1.9635     y      0   GALACTUS
