ABELL_2029                     4977   4176   3973    366   35000   0.0765   3.26   7.38   0.42  45.77    s3   1.8579     y    363   GALACTUS
ABELL_2029                     6101   4300   4067    815   35000   0.0765   3.26   7.38   0.42  45.77    i3   1.8579     y    500   GALACTUS
ABELL_2029                      891   4033   3960    366   35000   0.0765   3.26   7.38   0.42  45.77    s3   1.8579     y      0   GALACTUS
RBS_0533                       3186   3994   4584    594    5000   0.0123  11.52   1.29   0.36   0.00    i3   1.9757     y      0   GALACTUS
RBS_0533                       3187   4326   4398    674    5000   0.0123  11.52   1.29   0.36   0.00    i3   1.9757     y      0   GALACTUS
RBS_0533                       5800   4038   3375    354    5000   0.0123  11.52   1.29   0.36   0.00    s3   1.9757     y      0   GALACTUS
RBS_0533                       5801   4276   4338    335    5000   0.0123  11.52   1.29   0.36   0.00    s3   1.9757     y      0   GALACTUS
ABELL_2107                           4960   4023   4191    922    5000   0.0411   4.54   3.82   0.42  44.37    i3   0.0000     y    000   GALACTUS
ABELL_2151                           4996   3745   4211    730    5000   0.0366   3.46   2.90   0.30   0.00    i3   0.0000     y    000   GALACTUS
EXO_0422-086                         4183   4102   4066    960    5000   0.0397   6.22   3.28   0.30   0.00    i3   1.9236     y    318   GALACTUS
