ABELL_0262                     7921   4086   4107    797   20000   0.0164   5.64   2.18   0.42  43.86    s3   0.0000     y      0   /mnt/SINISTER
ABELL_0262                     2215   4053   3959    350   20000   0.0164   5.64   2.18   0.42  43.86    s3   0.0000     y      0   /mnt/SINISTER
ABELL_1664                     7901   4116   3958    500    5000   0.1276   8.47   3.50   0.11   0.00    s3   0.0000     y      0   /mnt/SINISTER
ABELL_1664                     1648   4045   4247    358    2500   0.1276   8.47   3.50   0.11   0.00    s3   0.0000     y      0   /mnt/SINISTER
ABELL_2052                     5807   4085   3946    357   10000   0.0353   2.85   2.98   0.54  44.72    s3   0.0000     y    357   /mnt/SINISTER
ABELL_2052                      890   4073   4161    280   10000   0.0353   2.85   2.98   0.54  44.72    s3   0.0000     y      0   /mnt/SINISTER
ABELL_2204                     7940   3856   3948    800   10000   0.1524   5.84   6.97   0.38  45.83    i3   1.7355     y    280   /mnt/SINISTER
ABELL_2204                     6104   3973   4253    827   10000   0.1524   5.84   6.97   0.38  45.83    i3   1.7355     y    280   /mnt/SINISTER
ABELL_2204                      499   4020   4234    377   10000   0.1524   5.84   6.97   0.38  45.83    s3   1.7355     y    377   /mnt/SINISTER
PKS_0745-191                   2427   3962   4178    366    5000   0.1028  40.82   8.50   0.30   0.00    s3   1.8136     y      0   /mnt/SINISTER
PKS_0745-191                    508   4017   3968    363    5000   0.1028  40.82   8.50   0.30   0.00    s3   1.8136     y    362   /mnt/SINISTER
PKS_0745-191                   6103   4214   3935    806    5000   0.1028  40.82   8.50   0.30   0.00    i3   1.8136     y    358   /mnt/SINISTER
RX_J1532.9+3021                1665   4125   4491    352    5000   0.3450   2.21   5.44   0.30  45.76    s3   1.4870     y    136   /mnt/SINISTER
RX_J1532.9+3021                1649   4077   4246    586    5000   0.3450   2.21   5.44   0.34  45.76    i3   1.4870     y    124   /mnt/SINISTER
3C_28.0                              3233   3962   4080    835    5000   0.1952   5.71   3.90   0.12  14.59    i3   1.6734     y    739   /mnt/SINISTER
ABELL_0085                            904   3969   4613    586    5000   0.0558   3.65   6.90   0.37  13.15    i0   1.8943     y    583   /mnt/SINISTER
ABELL_1068                           1652   3994   3973    375    5000   0.1375   0.71   3.87   0.42  45.24    s3   1.7582     y    266   /mnt/SINISTER
ABELL_1204                           2205   3754   4157    682    5000   0.1706   1.44   3.78   0.35  45.26    i3   1.7085     y    202   /mnt/SINISTER
ABELL_1991                           3193   4209   4018    370    5000   0.0565   2.43   5.40   0.30   1.38    s3   1.8930     y    370   /mnt/SINISTER
ABELL_2626                           3192   4178   4229    378    5000   0.0573   4.30   2.90   0.30   1.96    s3   1.8916     y    358   /mnt/SINISTER
ABELL_3112                           2516   4167   3961    366    5000   0.0720   2.50   4.28   0.51  45.17    s3   1.8657     y    366   /mnt/SINISTER
ABELL_4059                           5785   4059   4245    485    5000   0.0475   1.09   4.69   0.62   0.00    s3   1.9093     y      0   /mnt/SINISTER
RX_J2129.6+0005                       552   4166   4486    610    2500   0.2350   4.30  11.00   0.30  18.59    i3   1.6194     y    150   /mnt/SINISTER
ZWICKY_2701                          3195   4171   3961    370    5000   0.2100   0.83   4.44   0.30  10.68    s3   1.6529     y    176   /mnt/SINISTER
SERSIC_159-03                        1668   4203   3998    357    5000   0.0580   1.89   2.65   0.30   1.90    s3   1.8904     y    306   /mnt/SINISTER
