2A_0335+096                           919   4055   3795    488    5000   0.0347  18.11   2.88   0.57  44.98    s3   0.0000     y      0   GALACTUS    SFHA
ABELL_0085                            904   3969   4613    586    5000   0.0558   3.65   6.90   0.37  13.15    i0   1.8943     y    583   GALACTUS    SFHA
ABELL_0133                           2203   4196   4107    313    5000   0.0558   1.56   3.71   0.64  44.73    s3   1.8943     y    312   GALACTUS    HAON
ABELL_0223                          49671   3774   4655    460    2500   0.2070   2.20   5.28   0.49  45.05    i0   0.0000     y      0   GALACTUS    NONE
ABELL_0262                           7921   4086   4107    797   20000   0.0164   5.64   2.18   0.42  43.86    s3   0.0000     y      0   GALACTUS    HAON
ABELL_0262                           2215   4053   3959    350   20000   0.0164   5.64   2.18   0.42  43.86    s3   0.0000     y      0   GALACTUS    HAON
ABELL_0426                           3209   4066   3953    650    5000   0.0179  14.56   3.55   0.59   0.00    s3   1.9648     y      0   GALACTUS    SFHA
ABELL_0426                           4289   4066   3954    650    5000   0.0179  14.56   3.55   0.59   0.00    s3   1.9648     y      0   GALACTUS    SFHA
ABELL_0478                           1669   4141   4308    414   20000   0.0883  30.90   7.07   0.31  45.69    s3   1.8377     y    412   GALACTUS    SFHA
ABELL_0478                           6102   4210   3930    812   20000   0.0883  30.90   7.07   0.31  45.69    i3   1.8377     y    422   GALACTUS    SFHA
ABELL_0496                           3361   4123   4017    300    5000   0.0328   4.57   3.89   0.47  44.82    s3   1.9365     y    300   GALACTUS    HAON
ABELL_0520                           4215   4293   4301    468    5000   0.2020   7.84   7.40   0.25  14.44    i3   1.6639     y    448   GALACTUS    NONE
ABELL_1068                           1652   3994   3973    375    5000   0.1375   0.71   3.87   0.42  45.24    s3   1.7582     y    266   GALACTUS    SFHA
ABELL_1361                           2200   4233   4017    540    2500   0.1171   2.18   4.08   0.61   3.59    s3   1.7904     y    000   GALACTUS    HAON
ABELL_1413                           5003   4933   3926    340    5000   0.1426   2.19   8.90   0.21  13.28    i2   1.7504     y    335   GALACTUS    NONE
ABELL_1650                           4178   4035   4231    358    5000   0.0843   1.62   5.89   0.40  45.31    s3   1.8445     y    354   GALACTUS    NONE
ABELL_1795                            493   3999   3967    366   15000   0.0625   1.22   7.80   0.37  14.73    s3   1.8824     y      0   GALACTUS    SFHA
ABELL_1795                           5289   4157   3932    803   15000   0.0625   1.22   7.80   0.37  14.73    i3   1.8824     y    604   GALACTUS    SFHA
ABELL_1835                            495   4195   3977    384    5000   0.2532   2.36   7.65   0.36  45.97    s3   1.5959     y    384   GALACTUS    SFHA
ABELL_1991                           3193   4209   4018    370    5000   0.0565   2.43   5.40   0.30   1.38    s3   1.8930     y    370   GALACTUS    HAON
ABELL_2029                           4977   4176   3973    366   35000   0.0765   3.26   7.38   0.42  45.77    s3   1.8579     y    363   GALACTUS    NONE
ABELL_2029                           6101   4300   4067    815   35000   0.0765   3.26   7.38   0.42  45.77    i3   1.8579     y    500   GALACTUS    NONE
ABELL_2029                            891   4033   3960    366   35000   0.0765   3.26   7.38   0.42  45.77    s3   1.8579     y      0   GALACTUS    NONE
ABELL_2052                           5807   4085   3946    357   10000   0.0353   2.85   2.98   0.54  44.72    s3   0.0000     y    357   GALACTUS    HAON
ABELL_2052                            890   4073   4161    280   10000   0.0353   2.85   2.98   0.54  44.72    s3   0.0000     y      0   GALACTUS    HAON
ABELL_2065                          31821   4052   4196    790    5000   0.0730   2.96   5.35   0.28   0.00    i3   1.8639     y      0   GALACTUS    NONE
ABELL_2218                           1666   4125   3811    783    5000   0.1713   3.12   6.70   0.30   9.30    i0   1.7075     y    396   GALACTUS    NONE
ABELL_2244                           4179   4146   4240    361    5000   0.0967   2.09   5.57   0.29  45.35    s3   1.8237     y    360   GALACTUS    NONE
ABELL_2261                           5007   4420   3869    591    5000   0.2240   3.31   7.58   0.30  18.18    i3   1.6340     y    266   GALACTUS    NONE
ABELL_2319                           3231   4063   4199    947   10000   0.0562   9.05   9.49   0.25  45.70    i1   1.8936     y    904   GALACTUS    NONE
ABELL_2390                           4193   3978   4193    350    5000   0.2301   6.71   9.16   0.25  45.88    s3   1.6259     y    345   GALACTUS    SFHA
ABELL_2409                           3247   4045   4550    470    2500   0.1479   6.72   5.50   0.30   8.06    i3   1.7423     y    300   GALACTUS    NONE
ABELL_2597                            922   4129   4175    138    5000   0.0854   2.51   3.58   0.37  45.10    s3   1.8426     y    134   GALACTUS    SFHA
ABELL_2626                           3192   4178   4229    378    5000   0.0573   4.30   2.90   0.30   1.96    s3   1.8916     y    358   GALACTUS    HAON
ABELL_2657                           4941   4102   3962    900    5000   0.0402   5.66   3.77   0.38  44.63    i3   0.0000     y      0   GALACTUS    NONE
HERCULES_A                           5796   4007   3972    368    5000   0.1541   6.27   4.15   0.45  44.87    s3   1.7330     y    188   GALACTUS    SFHA
HERCULES_A                           6257   3962   4026    358    5000   0.1541   6.27   4.15   0.45  44.87    s3   1.7330     y    188   GALACTUS    SFHA
HERCULES_A                           1625   4054   4151    283    5000   0.1541   6.27   4.15   0.45  44.87    s3   1.7330     y    188   GALACTUS    SFHA
HYDRA_A                              4970   4119   3945    568   25000   0.0549   4.82   4.30   0.30   0.00    s3   1.8959     y    564   GALACTUS    SFHA
HYDRA_A                               576   4111   4066    244   25000   0.0549   4.82   4.30   0.35   0.00    s3   1.8959     y      0   GALACTUS    SFHA
M87                                  5826   4093   4005   1215  200000   0.0044   2.54   2.50   0.30  00.00    i3   0.0000     y    000   GALACTUS    HAON
M87                                  5827   4032   4161   1212  200000   0.0044   2.54   2.50   0.30  00.00    i3   0.0000     y    000   GALACTUS    HAON
PKS_0745-191                         2427   3962   4178    366    5000   0.1028  40.82   8.50   0.30   0.00    s3   1.8136     y      0   GALACTUS    SFHA
PKS_0745-191                          508   4017   3968    363    5000   0.1028  40.82   8.50   0.30   0.00    s3   1.8136     y    362   GALACTUS    SFHA
PKS_0745-191                         6103   4214   3935    806    5000   0.1028  40.82   8.50   0.30   0.00    i3   1.8136     y    358   GALACTUS    SFHA
RX_J1532.9+3021                      1665   4125   4491    352    5000   0.3450   2.21   5.44   0.30  45.76    s3   1.4870     y    136   GALACTUS    SFHA
RX_J1532.9+3021                      1649   4077   4246    586    5000   0.3450   2.21   5.44   0.34  45.76    i3   1.4870     y    124   GALACTUS    SFHA
RX_J1720.1+2638                      4361   3982   4346    690    5000   0.1640   4.02   5.55   0.30  16.12    i3   1.7182     y    318   GALACTUS    SFHA
ZWCL_3146                             909   4022   4238    630    5000   0.2900   2.70  12.80   0.30  26.47    i3   1.5504     y    292   GALACTUS    SFHA
