# NRAO/VLA Sky Survey (NVSS) Catalog search, ver 2.17
# Error estimates appear below the value.
# Using VL table  1 in FITS file:
# /home/ftp/pub/nvss/CATALOG/CATALOG.FIT
# Abs. galactic latitude range   0.0 to  90.0
# Catalog made on 2004-02-03 (dd/mm/yy) with 1810672 entries
# Table Indexed for faster access
# Displaying deconvolved component size, integrated flux density
# Residual (Res) code; nonblank indicates complex source structure:
#    P* => high peak, R* => high RMS, S* => high integral
#   RA(2000)  Dec(2000) Dist(") Flux  Major Minor  PA  Res P_Flux P_ang  Field    X_pix  Y_pix
# h  m    s    d  m   s   Ori     mJy   "     "     deg       mJy  deg

cluster--7ZW700--4194--0.0274: Search within     90.8 arcsec of 17 15 22.975  57 24 40.29
17 15 22.94 +57 24 40.5  0.38   57.0 <19.2 <15.5           -0.15       C1712P56  402.70  852.33
       0.06         0.6   -55    1.8                        0.41

cluster--ESO495-021--2075--0.0029: Search within    833.3 arcsec of 08 36 15.131 -26 24 33.57
08 35 17.93 -26 24 58.8   769   32.5 <17.8 <15.6            0.15  25.5 C0832M28  334.74  892.42
       0.04         0.7   -92    1.1                        0.44  57.9
08 35 24.54 -26 30 36.4   770    3.4 <71.0 <52.8            1.33 -61.4 C0832M28  328.97  869.88
       0.40         7.0  -118    0.5                        0.65   8.1
08 35 33.46 -26 26 27.1   571   12.5 <30.7 <21.3            0.43  89.7 C0832M28  320.88  886.44
       0.09         1.4  -102    0.6                        0.49  21.8
08 35 52.78 -26 23 37.6   305    4.0 <62.1 <41.9           -0.23       C0832M28  303.49  897.61
       0.36         4.5   -79    0.5                        0.56
08 35 56.34 -26 35 26.3   700   93.8 <14.6 <14.2       S*   0.98  -6.9 C0832M28  300.67  850.35
       0.04         0.6  -159    2.8                    42  0.43   8.8
08 35 56.69 -26 26 11.0   266    6.8 <56.2 <41.8            0.54 -35.2 C0832M28  300.07  887.36
       0.21         3.6  -111    0.6                        0.81  21.9
08 36  7.49 -26 37 57.8   811    5.2 <43.9 <34.1            0.62  67.6 C0832M28  290.78  840.17
       0.22         3.2  -173    0.5                        0.48  14.8
08 36 15.19 -26 24 34.5  1.24   83.8  21.1  18.8 -31.7 S*  -0.12       C0832M28  283.45  893.65
       0.04         0.6   137    3.4   2.3   2.5  13.3  35  0.61
08 36 15.87 -26 31 32.4   419    5.9 <36.5 <31.5            0.36 -38.4 C0832M28  283.07  865.79
       0.18         2.8   179    0.5                        0.45  24.5
08 36 33.71 -26 21 32.8   308    5.4 <52.7 <33.6           -0.07       C0832M28  266.76  905.61
       0.21         3.9    54    0.5                        0.57

cluster--IC--4296--3394--0.0125: Search within    195.6 arcsec of 13 36 39.025 -33 57 57.38
13 36 27.58 -33 56 29.6   167  319.3 127.3 <19.5 -63.3 S*  78.03  31.6 C1330M32  190.50   44.71
       0.05         0.6   -58    9.8   1.3         0.1  35  4.48   0.4
13 36 35.59 -33 57 19.8  56.9  546.6  42.5 <17.2 -56.0 P* 198.14  57.8 C1330M32  183.91   41.26
       0.04         0.6   -49   17.8   1.3         0.2 426  0.91   0.1
13 36 43.16 -33 58 39.5  66.5 1341.7 127.4 <19.2 -45.1 P* 525.15  55.4 C1330M32  177.67   35.80
       0.04         0.6   129   40.6   1.0         0.0 706  4.49   0.1

cluster--NGC--0315--855--0.0165: Search within    148.9 arcsec of 00 57 48.882  30 21  9.26
00 57 44.36 +30 21 55.9  74.8  583.8 127.3  27.2 -55.2 P*  77.20 -74.3 C0054P32  318.42  121.61
       0.04         0.6   -51   18.5   1.1   1.8   0.1 308  5.03   0.4
00 57 48.34 +30 21 14.4  8.71  772.1  39.1 <13.9 -48.9 P*  21.55  14.1 C0054P32  314.97  118.87
       0.03         0.6   -54   25.3   1.4         0.1 308  0.72   0.5
00 57 56.63 +30 19 41.6   133  159.8 114.8  40.0 -52.6 P*  14.84 -56.4 C0054P32  307.76  112.76
       0.07         0.8   131    5.5   1.9   1.6   0.5 227  5.41   2.0

cluster--NGC--0507--317--0.0165: Search within    148.9 arcsec of 01 23 39.923  33 15 22.79
01 23 37.99 +33 15 34.0  26.7   61.7  45.5  30.3 -44.9 P*   1.30 -47.1 C0130P32  831.39  817.59
       0.06         0.8   -65    2.5   1.9   2.1   3.4  23  1.21  11.1
01 23 41.41 +33 17 47.7   146    8.8 <26.2 <25.4            0.77 -64.7 C0130P32  828.40  826.45
       0.13         1.7     7    0.5                        0.42  11.0
01 23 43.43 +33 15  0.9  49.1   37.1  69.9  34.5   3.8 P*  -0.43       C0130P32  826.88  815.31
       0.09         1.9   116    2.1   3.7   3.2   3.1  23  2.17

cluster--NGC--0777--5001--0.0167: Search within    147.1 arcsec of 02 00 14.907  31 25 45.53
02 00 14.88 +31 25 45.5  0.39    7.0 <37.0 <27.9           -0.16       C0206P32  806.46  377.99
       0.18         2.0   -92    0.5                        0.45

cluster--NGC--1316--2022--0.0059: Search within    411.1 arcsec of 03 22 41.686 -37 12 28.74
03 22 28.06 -37 17 20.4   334    7.9 117.8 <43.7   2.1 P*  11.80  86.9 C0318M36  298.75  202.44
       0.34        17.3  -151    1.8  31.9         4.8  31  2.71   1.9
03 22 41.24 -37 15  7.2   159   39.4 125.8  77.5   8.9 P*   4.85 -19.7 C0318M36  288.15  211.19
       0.30         5.9  -178    3.8  10.6   6.9   6.4  34 12.62   9.8
03 22 41.63 -37 12 25.6  3.23  254.7  21.4  14.1 -74.6 P*   1.79 -79.4 C0318M36  287.71  221.96
       0.04         0.6   -13    9.9   2.1   3.1   1.8  54  0.59   5.7
03 22 43.37 -37 09 17.2   193   35.7 126.3  75.7  49.7 P*  22.64  -7.9 C0318M36  286.16  234.50
       0.46         5.2     6    3.7  11.6   7.7   6.9 123 12.27   2.1
03 22 44.16 -37 19 18.3   411    6.4 <52.0 <32.1            1.00 -14.3 C0318M36  286.04  194.43
       0.25         3.1   176    0.6                        0.57  10.1
03 23 13.28 -37 12 28.2   377   12.2 126.0 <65.6  58.2 P*  12.04 -69.0 C0318M36  262.51  221.46
       0.93         8.0    90    2.1  23.1         6.0  23  5.57   2.6

cluster--NGC--1553--783--0.0036: Search within    671.8 arcsec of 04 16 10.428 -55 46 48.05
WARNING: The NVSS is complete only to declination -40!

SOURCE NOT FOUND

cluster--NGC--1600--4371--0.0156: Search within    157.3 arcsec of 04 31 39.894 -05 05 10.07
04 31 39.80 -05 05 12.4  2.76   61.6  20.1  17.6  -9.7 S*   3.27  61.8 C0432M04  532.12  252.18
       0.04         0.6  -148    2.6   2.6   2.8  14.4  23  0.57   3.0
04 31 44.61 -05 03 39.0   115    8.3  54.1 <33.8   3.3     -0.15       C0432M04  527.33  258.41
       0.16         4.9    38    1.1  11.2         7.7      0.95
04 31 50.19 -05 05 38.1   156    2.5 <65.1 <57.0            0.50  52.7 C0432M04  521.76  250.47
       0.46         6.6   100    0.4                        0.41  16.9

cluster--NGC--3077--2076--0.0001: Search within   1800.0 arcsec of 10 03 19.129  68 44  2.28
09 58 20.30 +68 37 57.5  1670    2.7 <57.6 <51.5           -0.01       C1012P68  810.48  673.07
       1.06         5.6  -102    0.4                        0.39
09 58 31.82 +68 37 39.2  1613    3.1 <94.8 <56.5            0.49 -33.6 C1012P68  806.35  671.63
       1.72         6.3  -103    0.5                        0.80  23.2
09 58 56.90 +68 46  3.6  1431    5.8 <62.8 <47.9            0.80 -50.9 C1012P68  795.45  704.71
       0.73         3.8   -85    0.5                        0.83  14.4
09 59  0.20 +68 32 23.6  1578   33.5  19.4 <17.5  42.7      4.59 -32.5 C1012P68  797.14  650.06
       0.11         0.7  -116    1.4   3.1         8.5      0.48   1.9
09 59 16.42 +68 34 53.4  1434    3.5 <49.8 <44.1       P*   0.52  11.2 C1012P68  790.70  659.73
       0.82         4.2  -112    0.4                    23  0.39  15.5
09 59 18.97 +68 33 53.8  1446   56.7  33.4 <17.0 -15.0 P*  -0.06       C1012P68  789.97  655.71
       0.10         0.7  -114    2.1   1.9         1.9  40  0.63
09 59 31.96 +68 51 32.6  1312   23.1  23.0 <19.7 -55.9     -0.05       C1012P68  781.65  725.96
       0.15         0.9   -69    1.1   3.5        10.1      0.51
09 59 33.48 +68 44  7.9  1228   17.6  23.9 <20.7 -53.5      1.07 -76.9 C1012P68  782.61  696.32
       0.19         1.1   -89    1.0   4.2        11.6      0.51   8.5
10 00  0.40 +68 31 24.6  1324   40.0 <20.8 <16.8            2.30  74.7 C1012P68  775.34  645.02
       0.10         0.7  -125    1.3                        0.44   3.7
10 00  6.08 +68 57 51.6  1334    5.1 <38.2 <34.3           -0.02       C1012P68  768.15  750.59
       0.53         2.8   -51    0.4                        0.39
10 00  8.71 +68 32  9.8  1261   97.6  16.8 <17.7  49.9      6.28  76.3 C1012P68  772.15  647.88
       0.09         0.6  -124    3.5   2.7         5.3      0.47   1.4
10 00 11.76 +69 05  1.9  1615    4.4 <64.6 <46.2           -0.19       C1012P68  764.73  779.14
       0.74         5.2   -38    0.5                        0.66
10 00 17.40 +68 39  8.6  1033    8.5  37.3 <27.8 -12.6     -0.24       C1012P68  767.65  675.62
       0.36         3.0  -106    0.9   8.6         9.9      0.62
10 00 18.84 +69 04 10.9  1552    3.3 <94.6 <52.6            1.11  76.7 C1012P68  762.37  775.62
       1.62         6.2   -38    0.5                        0.81  10.3
10 00 30.15 +68 35 40.6  1050   11.0 <31.3 <22.5            0.56 -31.5 C1012P68  763.66  661.55
       0.24         1.5  -118    0.5                        0.45  15.2
10 01  7.13 +68 50  2.8   802  136.5 <19.5 <18.0            1.26  72.2 C1012P68  747.64  718.36
       0.09         0.6   -63    4.1                        0.45   6.8
10 01 21.34 +68 39 30.5   697    4.5 <86.7 <46.8            1.23  82.6 C1012P68  744.34  676.03
       0.95         6.3  -113    0.5                        0.92   9.9
10 02  9.13 +68 58 36.0   952   17.7 <28.2 <18.5            0.41  -6.2 C1012P68  723.91  751.60
       0.17         1.0   -23    0.7                        0.46  21.1
10 02 14.62 +69 08 36.4  1515   44.4  27.0 <20.4 -54.9      2.43  -7.9 C1012P68  720.35  791.51
       0.11         0.7   -13    1.7   2.3         4.6      0.58   4.0
10 02 28.81 +68 58 37.1   916   58.5  29.3  15.3  33.7 P*   0.92  -7.1 C1012P68  716.85  751.40
       0.10         0.7   -17    2.4   2.0   3.3   3.2  23  0.62  10.9
10 02 56.04 +68 35 19.9   537    3.5 <49.1 <43.5            0.65  69.0 C1012P68  710.52  657.96
       0.80         4.1  -166    0.4                        0.39  12.3
10 03 18.85 +68 43 60.0  2.76   29.0  21.6  18.7  79.9     -0.21       C1012P68  700.98  692.31
       0.14         0.8  -146    1.5   3.2   3.6  61.9      0.56
10 03 32.12 +69 10 44.2  1603   41.1  15.6 <17.7 -78.3      1.41  20.2 C1012P68  692.48  799.01
       0.11         0.7     2    1.6   3.4        16.3      0.46   6.1
10 03 57.84 +69 11 35.7  1666    9.2 <36.6 <25.1           -0.02       C1012P68  683.24  802.13
       0.34         1.6     7    0.5                        0.47
10 03 57.91 +68 58 29.9   893    3.6 <78.8 <62.2            0.66  -6.8 C1012P68  684.92  749.78
       1.32         6.3    14    0.5                        0.83  17.4
10 04  1.81 +68 42 20.0   254    2.5 <98.8 <58.7           -0.37       C1012P68  685.62  685.12
       1.53        10.0   114    0.5                        0.65
10 04 46.74 +68 29 39.7   987    3.6 <48.7 <42.2           -0.08       C1012P68  670.80  633.96
       0.75         4.4   151    0.4                        0.41
10 04 47.51 +68 48 46.9   558   10.4  37.6 <40.0 -60.1      0.17  35.0 C1012P68  668.28  710.39
       0.44         2.3    59    1.0   6.8        23.5      0.82  67.6
10 04 52.35 +69 02 57.1  1242   70.7 <20.7 <17.5            1.30  -2.7 C1012P68  664.89  766.99
       0.09         0.6    24    2.2                        0.45   6.6
10 05  0.46 +68 34 32.4   794    2.7 <97.3 <55.2            0.37  68.6 C1012P68  665.22  653.31
       1.86         6.1   136    0.5                        0.64  27.5
10 05 16.55 +68 30  1.2  1058    7.2 <40.1 <28.0            0.86 -20.4 C1012P68  659.84  635.08
       0.36         2.5   142    0.5                        0.48  10.3
10 06 19.62 +68 47 34.7  1003    3.5 <46.1 <42.8            0.23  79.5 C1012P68  635.12  704.71
       0.77         4.5    77    0.4                        0.39  35.4
10 06 27.42 +69 05  7.3  1623    3.7 <46.1 <41.9            0.13  86.2 C1012P68  630.71  774.80
       0.76         4.1    38    0.4                        0.39  60.2
10 06 29.72 +68 21 29.9  1709    3.0 <88.7 <56.5           -0.01       C1012P68  633.80  600.34
       1.12         9.0   142    0.5                        0.71
10 06 43.23 +68 32 33.5  1311    3.7 <86.1 <43.9           -0.16       C1012P68  627.87  644.46
       1.09         6.5   121    0.5                        0.70
10 07  7.26 +68 49 48.6  1286   16.9 <23.0 <18.7            0.40  36.4 C1012P68  617.71  713.27
       0.17         1.0    74    0.6                        0.41  20.5
10 07 47.91 +68 47 33.8  1476    5.5 <34.0 <32.2           -0.17       C1012P68  603.19  704.01
       0.47         2.7    81    0.4                        0.39
10 08  2.33 +68 36 54.4  1603    4.0 <56.2 <52.2           -0.38       C1012P68  598.66  661.31
       0.86         4.9   105    0.5                        0.59
10 08 42.16 +68 45 21.2  1758   16.6 <22.7 <18.8           -0.16       C1012P68  583.68  694.88
       0.17         1.0    87    0.6                        0.42

cluster--NGC--3608--2073--0.0042: Search within    576.3 arcsec of 11 16 58.950  18 08 54.61
11 16 46.41 +18 03 33.6   367    5.5 <35.5 <32.4           -0.08       C1112P20  239.71   48.29
       0.18         2.6  -151    0.4                        0.37
11 16 54.66 +18 03  4.5   355    6.9 <28.9 <28.1            0.22  28.6 C1112P20  231.86   46.41
       0.14         2.0  -170    0.4                        0.36  33.9
11 16 55.92 +18 16  8.5   436   13.6 <27.6 <20.4            0.30  -3.4 C1112P20  231.01   98.66
       0.08         1.2    -6    0.6                        0.41  25.8
11 17  1.58 +18 08 44.8  38.7   10.1 <24.8 <23.3           -0.19       C1112P20  225.44   69.13
       0.10         1.4   105    0.5                        0.36
11 17  7.87 +18 14  8.8   339   18.1 <23.2 <18.8            0.00       C1112P20  219.61   90.77
       0.06         0.9    22    0.7                        0.40
11 17 23.96 +18 08 10.9   359    3.9 <83.9 <55.7            0.76 -75.5 C1112P20  204.17   67.04
       0.50         5.4    97    0.5                        0.86  14.9

cluster--NGC--4261--9569--0.0075: Search within    324.0 arcsec of 12 19 23.213  05 49 29.63
12 19 10.62 +05 49 29.6   188 1611.0  60.3  45.9  -3.4 P* 173.37 -23.9 C1216P04  322.37  950.99
       0.03         0.6   -90   52.0   1.1   1.3   0.21179  2.44   0.1
12 19 15.33 +05 49 40.4   118 4066.7 106.6  81.7 -27.1 P* 740.72 -72.0 C1216P04  317.68  951.71
       0.03         0.6   -85  124.0   1.0   1.0   0.11179 12.18   0.1
12 19 35.07 +05 49 51.4   178 4581.1 127.3  89.9 -64.5 P* 178.47 -20.9 C1216P04  298.05  952.46
       0.03         0.6    83  138.9   1.0   1.0   0.11892 19.23   0.3
12 19 39.36 +05 49 19.9   241  179.6 <14.0 <14.0       P*  73.77  23.8 C1216P04  293.78  950.37
       0.03         0.6    92    5.4                  1889  0.43   0.1

cluster--NGC--4325--3232--0.0257: Search within     96.6 arcsec of 12 23  6.666  10 37 16.11
SOURCE NOT FOUND

cluster--NGC--4374--803--0.0035: Search within    690.9 arcsec of 12 25  3.718  12 53 13.14
12 24 19.05 +12 52 20.0   655    3.8 <87.9 <46.0            0.74 -35.4 C1232P12  961.28  723.88
       0.54         5.3   -95    0.5                        0.91  18.4
12 24 21.38 +12 53  0.2   619    3.2 <95.8 <50.9            2.14  58.6 C1232P12  958.99  726.55
       0.55         8.0   -91    0.5                        0.91   6.4
12 24 26.69 +12 52 33.1   543    3.4 <107. <62.7            1.05  57.4 C1232P12  953.83  724.71
       0.59         9.7   -94    0.6                        1.31  15.6
12 24 30.10 +12 51 29.7   502    8.1 125.0 <66.9  24.0     -0.16       C1232P12  950.54  720.46
       0.64        17.6  -102    1.9  34.4         7.3      5.23
12 24 33.58 +12 48 52.7   512  157.4  22.1  14.4  26.0      3.03  65.7 C1232P12  947.22  709.97
       0.03         0.6  -121    6.2   2.1   3.1   2.6      0.68   3.9
12 24 43.57 +13 02 10.7   613    8.7  72.9 <33.4  26.9 S*   1.03   8.2 C1232P12  937.11  763.09
       0.28         6.8   -29    1.3  15.1         5.8  39  1.61  17.7
12 24 48.62 +12 57 44.8   350    3.9 <117. <50.4       S*  -0.29       C1232P12  932.32  745.34
       0.66         8.0   -39    0.6                    39  1.46
12 24 49.58 +12 43 45.5   604    3.8 <67.8 <60.4       P*  -0.19       C1232P12  931.78  689.39
       0.40         6.4  -160    0.5                    30  0.90
12 25  2.41 +13 04 19.5   667    4.3 <55.2 <42.3           -0.44       C1232P12  918.70  771.56
       0.32         4.3    -2    0.5                        0.64
12 25  3.78 +12 52 35.2  38.0 3177.9  57.3  22.3  15.7 S* 236.45  -4.3 C1232P12  917.69  724.61
       0.03         0.6   179  108.3   1.1   2.0   0.0 326  1.64   0.1
12 25  4.71 +12 53 42.7  33.0 2834.9  48.0  30.8  65.5 S* 167.88 -82.7 C1232P12  916.75  729.10
       0.03         0.6    26   96.5   1.2   1.6   0.1 307  1.57   0.1
12 25  8.71 +12 53 38.6  77.4   84.6 <14.3 <14.3       P*  30.83  80.2 C1232P12  912.85  728.80
       0.03         0.6    71    2.6                   889  0.50   0.3
12 25 22.15 +12 45 53.4   516    3.1 <81.6 <72.7       S*   0.48  57.0 C1232P12  899.96  697.71
       0.54         8.5   148    0.5                    24  1.02  29.9
12 25 22.98 +12 47 19.3   452   10.7  47.4 <45.0  20.6 S*   0.74  51.4 C1232P12  899.12  703.44
       0.19         3.5   141    1.2   8.6        15.3  33  1.37  22.6
12 25 23.35 +12 43 35.7   645    4.0 <137. <107.       S*  -0.62       C1232P12  898.85  688.53
       0.75        13.8   154    0.7                    34  3.73
12 25 26.94 +12 45 42.9   564    8.2 <40.5 <32.2            0.62  49.5 C1232P12  895.29  696.99
       0.14         2.4   143    0.5                        0.67  18.8
12 25 48.92 +12 54 55.8   669    4.5 <151. <61.1           -0.59       C1232P12  873.65  733.72
       0.50        13.6    81    0.7                        2.74

cluster--NGC--4472--322--0.0033: Search within    732.6 arcsec of 12 29 46.727  08 00  2.76
12 29 38.01 +07 49 18.4   657   15.5  50.2  39.0   2.1 S*   0.26 -59.1 C1232P08  652.67  470.32
       0.16         2.9  -169    1.6   6.6   6.2  19.2  31  1.52  62.0
12 29 41.98 +08 00 19.7  72.5   14.7  71.9 <24.1  35.3 P*   2.84 -26.2 C1232P08  648.67  514.40
       0.17         3.4   -76    1.3   8.0         3.1 115  1.38   5.5
12 29 46.60 +08 00  2.9  1.90  219.9  49.5  19.4  81.3 S*   1.70  63.4 C1232P08  644.10  513.27
       0.03         0.6   -86    7.8   1.3   2.3   0.4 105  1.10   8.1
12 29 47.61 +07 50 26.7   576  110.4 <18.7 <16.4            3.74 -37.7 C1232P08  643.15  474.86
       0.03         0.6   179    3.3                        0.47   2.4
12 29 51.46 +08 00 28.2  74.7   21.3  35.5 <18.4 -34.3 P*  -0.19       C1232P08  639.29  514.96
       0.07         1.2    70    1.1   3.5         4.4 134  0.67
12 29 53.80 +07 52 58.5   437    5.2 <34.8 <33.5           -0.11       C1232P08  637.01  484.97
       0.18         2.9   166    0.4                        0.42
12 29 59.90 +07 51 46.3   534   72.5 <18.3 <16.4            0.62 -35.6 C1232P08  630.97  480.15
       0.03         0.6   158    2.2                        0.46  14.4
12 30  5.16 +07 54 35.0   427    2.6 <112. <56.0           -0.31       C1232P08  625.74  491.39
       0.52        11.9   140    0.5                        0.82
12 30 24.07 +08 06 31.4   677   21.9 <23.2 <20.6           -0.12       C1232P08  606.97  539.13
       0.05         0.9    55    0.8                        0.49

cluster--NGC--4552--2072--0.0011: Search within   2192.1 arcsec of 12 35 39.804  12 33 23.27
12 33 21.77 +12 33 23.5  2021    3.4 <90.7 <74.5            3.53  38.0 C1232P12  432.19  646.61
       0.58         8.6   -90    0.6                        1.28   4.6
12 33 24.04 +12 20 46.9  2128    3.3 <124. <76.4           -0.04       C1232P12  429.90  596.17
       0.87         9.1  -111    0.6                        1.82
12 33 26.78 +12 37 11.7  1961    3.4 <148. <96.5            2.71  83.7 C1232P12  427.32  661.83
       0.71        16.4   -83    0.7                        2.93   9.1
12 33 28.28 +12 30 26.0  1934   24.8 126.0 125.2  89.7 S*   1.75 -82.5 C1232P12  425.82  634.78
       0.79        11.6   -95    4.3  20.7  20.8  90.0 102 27.90  43.3
12 33 29.33 +12 34 46.1  1912   17.3 126.1  59.4  69.2      5.00 -10.1 C1232P12  424.82  652.12
       0.78         6.9   -87    3.0  21.5  12.5   8.4      9.63   8.9
12 33 31.18 +12 48 57.2  2101   16.1 125.5 111.2 -68.3 P*   1.69 -15.9 C1232P12  423.09  708.86
       1.10        14.9   -64    3.9  29.3  27.0  83.6  23 20.84  38.9
12 33 36.03 +12 33 34.0  1812    8.1  59.0 <78.2  -9.7      2.17  27.6 C1232P12  418.27  647.33
       0.39         6.5   -90    1.4  14.4        54.2      2.59  10.6
12 33 37.24 +12 32  3.3  1796   12.5  55.5  47.1 -24.1 S*  -0.14       C1232P12  417.08  641.28
       0.28         4.6   -92    1.9  10.3   9.6  41.7  32  2.33
12 33 37.51 +12 14 46.4  2111    7.5 107.0 <106. -75.1 S*   2.74  67.2 C1232P12  416.70  572.15
       1.11        10.4  -122    1.9  30.7        20.5  30  6.81  13.7
12 33 38.65 +12 24  4.6  1860    3.4 <154. <75.7       S*   8.20 -85.6 C1232P12  415.65  609.37
       0.69        15.9  -107    0.7                    41  2.45   2.7
12 33 38.78 +12 16 10.6  2052    4.7 < 99. <63.2            2.25  14.4 C1232P12  415.47  577.77
       0.49         7.5  -120    0.6                        1.73   8.4
12 33 51.46 +12 57 49.9  2159    8.2 <35.8 <27.8       S*  -0.25       C1232P12  403.38  744.40
       0.15         1.9   -47    0.5                    53  0.56
12 33 51.74 +12 37  0.9  1597   34.5 <21.1 <20.8           -0.16       C1232P12  402.96  661.14
       0.04         0.7   -82    1.1                        0.59
12 33 56.84 +12 56 34.9  2051    8.2  99.8 <98.1  79.7 S*  -0.72       C1232P12  398.13  739.41
       0.92         8.6   -47    1.8  25.5        20.0 105  6.09
12 34  2.49 +12 47 30.2  1657    2.2 <64.3 <60.8           -0.06       C1232P12  392.55  703.11
       0.51         7.8   -59    0.4                        0.50
12 34  4.18 +12 48 30.8  1668    8.5 124.7 <150.  31.5      2.29 -37.5 C1232P12  390.91  707.15
       1.05        18.0   -57    2.2  34.8        34.4     14.57  23.9
12 34  9.83 +12 06 53.4  2065   11.6 123.3 <63.5  84.4 P*   5.07 -85.4 C1232P12  385.06  540.68
       0.89         4.7  -140    1.9  23.5         6.0  22  6.10   7.0
12 34  9.85 +12 52 34.5  1749    4.2 <138. <126.            2.17 -38.0 C1232P12  385.41  723.41
       0.87        13.9   -49    0.8                        4.92  14.7
12 34 13.98 +12 17 11.3  1589    7.6 125.1 <151. -65.1 S*   6.20 -30.2 C1232P12  381.09  581.88
       1.37        16.3  -128    2.1  38.4        34.5  91 13.40   8.5
12 34 17.04 +12 03 39.7  2157   15.2 125.9  78.0 -84.8      6.22  51.7 C1232P12  377.99  527.78
       1.02         9.4  -146    3.3  26.9  18.7  17.8     12.84   8.3
12 34 18.71 +12 07 11.4  1970    3.4 <48.5 <46.3            0.83 -49.3 C1232P12  376.38  541.89
       0.33         5.0  -143    0.5                        0.50  12.2
12 34 20.78 +12 09 52.1  1825    3.2 <88.2 <50.5       P*   5.96 -53.0 C1232P12  374.38  552.61
       0.44         8.5  -141    0.5                    31  0.83   2.2
12 34 23.05 +12 10 57.2  1754    7.7  91.6 <77.3  -6.5      4.63 -47.4 C1232P12  372.17  556.96
       0.45        12.7  -140    1.7  24.5        13.8      3.97   6.2
12 34 25.37 +12 18 40.4  1403    8.1 124.6 <117.  18.7 S*  -0.82       C1232P12  369.97  587.84
       0.82        19.1  -129    2.1  35.9        17.9  44  9.92
12 34 29.41 +12 17 54.0  1388    7.9  54.7 <36.2   8.8      1.71 -61.4 C1232P12  366.02  584.76
       0.20         5.6  -132    1.2  12.8         9.1      1.20   9.2
12 34 30.03 +12 01 35.3  2165   14.2 <22.2 <21.0           -0.24       C1232P12  365.27  519.51
       0.08         1.2  -152    0.6                        0.50
12 34 35.01 +12 08 44.2  1758    3.1 <78.3 <51.7       P*   2.94  60.2 C1232P12  360.46  548.12
       0.54         5.9  -147    0.5                    25  0.71   4.1
12 34 35.27 +12 05 31.4  1921    3.3 <75.8 <71.6       P*   1.60  43.4 C1232P12  360.17  535.27
       0.52         7.8  -150    0.5                    24  0.98   8.8
12 34 38.26 +12 07  6.5  1816    4.0 <101. <44.2       P*   0.66 -21.6 C1232P12  357.27  541.61
       0.34         9.2  -150    0.6                    23  1.12  22.9
12 34 38.43 +12 08 24.3  1748    2.5 <83.5 <57.9            2.88  44.7 C1232P12  357.11  546.80
       0.54         8.6  -149    0.5                        0.68   4.1
12 34 40.20 +12 38 12.6   919    2.9 <144. <67.2            1.67  17.5 C1232P12  355.68  666.02
       1.05        10.3   -72    0.6                        1.67  11.1
12 34 46.72 +12 36 14.1   796   17.1 125.6 124.5  89.9 S*   1.60  26.5 C1232P12  349.30  658.13
       1.10        16.4   -78    4.2  29.0  29.7  90.0 156 24.96  44.6
12 34 55.62 +12 38 51.4   725    5.0 <88.8 <82.6       S*   1.79  80.8 C1232P12  340.64  668.65
       0.51         7.1   -63    0.7                    51  2.12  11.7
12 34 56.01 +12 36 59.9   677    8.3  92.0 <70.3 -72.6 S*  -0.79       C1232P12  340.24  661.21
       0.76         6.5   -71    1.7  21.9        11.9  45  3.81
12 34 56.13 +12 10 25.6  1519    3.1 <86.0 <63.3            1.24 -22.6 C1232P12  339.83  554.93
       0.47         9.2  -155    0.5                        0.93  11.1
12 34 58.99 +12 09 53.5  1531    4.3 <182. <44.1            4.51  32.2 C1232P12  337.04  552.79
       0.60        16.1  -157    0.6                        2.72   5.2
12 35  1.46 +12 21 32.9   906    3.1 <134. < 99.           -0.06       C1232P12  334.75  599.43
       0.80        14.8  -142    0.7                        2.34
12 35  3.35 +12 10 38.0  1466    2.1 <76.2 <64.6            3.34  35.2 C1232P12  332.78  555.77
       0.61         8.4  -159    0.5                        0.55   3.2
12 35  4.12 +12 02 12.3  1943   14.4  70.4  53.1  45.3 P*   2.74  44.0 C1232P12  331.93  522.06
       0.35         5.2  -164    2.2  11.6  10.1  23.9  42  3.54   9.8
12 35  7.25 +12 09 11.6  1528    6.0 <43.0 <32.8       S*   2.37  32.5 C1232P12  328.95  550.03
       0.18         3.1  -162    0.5                    33  0.59   4.6
12 35  8.97 +11 57 44.2  2186    4.0 <103. <44.4       P*   7.76  21.0 C1232P12  327.14  504.21
       0.32         9.6  -168    0.6                    30  1.15   2.0
12 35  9.21 +12 04 31.4  1789    3.4 <108. <91.3            1.60  37.9 C1232P12  326.98  531.35
       0.72        10.7  -165    0.6                        1.86  12.3
12 35  9.55 +12 05 35.5  1726    6.9 125.7 <45.6 -73.3 S*  -0.25       C1232P12  326.66  535.62
       1.38         7.5  -165    1.7  38.1         5.1  45  3.41
12 35 11.58 +12 06 31.2  1664    7.2  93.1 <72.3 -83.2 S*  -0.98       C1232P12  324.69  539.35
       0.91         6.5  -166    1.7  25.5        12.9  43  3.65
12 35 16.65 +12 14 12.0  1200    4.6 <181. <84.0       S*   2.46   2.2 C1232P12  319.82  570.08
       0.53        17.7  -164    0.7                    35  4.94  13.0
12 35 16.67 +12 58 37.2  1551    4.5 <104. <63.7            1.90 -65.2 C1232P12  320.36  747.75
       0.42         9.2   -13    0.6                        1.74  10.0
12 35 17.45 +12 46 27.1   849    2.5 <124. <60.5            0.78   4.3 C1232P12  319.44  699.08
       0.64        13.7   -23    0.5                        1.04  18.7
12 35 21.62 +12 11 54.4  1316  174.7  16.0 <19.2  14.9      0.22 -84.2 C1232P12  314.94  560.92
       0.03         0.6  -168    6.2   2.8         6.2      0.61  49.9
12 35 26.09 +12 44 55.0   720    3.5 <95.7 <59.0            1.75   6.0 C1232P12  311.00  692.97
       0.64         6.6   -16    0.6                        1.15   8.8
12 35 28.46 +12 33 41.4   167    3.6 <136. <69.1            1.06  -1.1 C1232P12  308.54  648.07
       0.95         7.8   -84    0.6                        2.04  19.4
12 35 37.79 +12 39 33.4   371    3.7 <93.1 <75.8           -0.46       C1232P12  299.52  671.56
       0.59         8.2    -5    0.6                        1.46
12 35 37.93 +12 04  3.4  1760    2.9 <148. <56.5            1.38 -33.9 C1232P12  298.90  529.57
       0.97        11.6  -179    0.6                        1.46  12.5
12 35 39.78 +12 33 22.2  1.10  100.1 <20.4 <18.8            0.31  80.2 C1232P12  297.49  646.83
       0.03         0.6  -160    3.0                        0.59  35.8
12 35 40.87 +12 24 30.2   533    7.9  78.5 <70.5  21.7 S*  -0.80       C1232P12  296.30  611.36
       0.43         9.3   178    1.6  19.4        15.2  57  3.06
12 35 41.20 +12 54  4.9  1242    2.8 <86.0 <55.0            0.56  13.2 C1232P12  296.39  729.67
       0.45         9.2     1    0.5                        0.76  22.4
12 35 41.57 +12 25  5.2   499    6.0 <34.6 <32.8           -0.04       C1232P12  295.62  613.70
       0.18         2.7   177    0.5                        0.50
12 35 44.76 +12 37  0.2   229    9.5 <30.6 <25.5            0.19  28.4 C1232P12  292.68  661.38
       0.11         1.8    18    0.5                        0.54  54.5
12 35 52.02 +12 38 24.3   350    9.1  79.3 <53.3 -71.2      3.07  -5.6 C1232P12  285.61  667.01
       0.54         4.6    31    1.5  16.3         9.2      2.56   7.5
12 35 53.29 +12 37  3.2   296    2.6 <75.0 <57.7            1.03  26.4 C1232P12  284.36  661.61
       0.56         6.8    42    0.5                        0.61  10.8
12 35 58.59 +12 06 13.2  1653    5.1 <50.7 <40.6       S*   1.06   3.4 C1232P12  278.72  538.29
       0.27         3.6   170    0.5                    41  0.67  11.1
12 36  3.92 +12 06 34.8  1647   14.5 <26.8 <20.9            0.46  16.7 C1232P12  273.52  539.75
       0.08         1.2   168    0.6                        0.55  23.2
12 36 12.58 +12 47 31.7   975  104.5 <19.7 <19.6            0.99  35.0 C1232P12  265.70  703.57
       0.03         0.6    29    3.2                        0.59  11.1
12 36 16.99 +12 48 26.5  1054   60.4 <21.1 <16.8           -0.09       C1232P12  261.42  707.24
       0.04         0.6    31    1.9                        0.57
12 36 31.50 +12 59 49.5  1757    8.9 125.2 <109. -44.1 P*   2.70  34.5 C1232P12  247.47  752.82
       0.97        14.6    25    2.1  32.6        15.2  53  9.76  16.6
12 36 38.06 +12 58 52.9  1751  445.9  24.4 <16.6 -66.2 P*  15.12  57.7 C1232P12  241.07  749.08
       0.03         0.6    29   15.3   1.9         0.5  53  0.67   0.8
12 36 42.94 +12 37 12.6   952    2.6 <116. <59.2           -0.22       C1232P12  235.92  662.42
       0.68        11.7    76    0.5                        0.98
12 36 52.32 +13 01  4.1  1971   13.4 <23.8 <21.6            0.40  30.9 C1232P12  227.21  757.88
       0.08         1.3    33    0.6                        0.52  26.0
12 36 54.18 +12 21  0.2  1319    9.3  51.6 <43.0  59.7      0.12 -12.5 C1232P12  224.65  597.64
       0.28         3.4   124    1.2  10.3        12.9      1.35  90.0
12 36 57.53 +12 11 42.1  1729   51.5 <20.3 <19.6            0.68 -56.5 C1232P12  221.21  560.45
       0.04         0.6   139    1.6                        0.59  16.3
12 36 58.11 +12 28  3.7  1190  199.8 <19.3 <19.0       P*   3.54 -35.4 C1232P12  220.94  625.89
       0.03         0.6   106    6.0                    28  0.59   3.1
12 36 58.35 +12 18 11.3  1468   26.6 <23.1 <21.5           -0.09       C1232P12  220.52  586.40
       0.05         0.8   128    0.9                        0.59
12 37 44.07 +12 14 31.8  2143    2.7 <56.8 <53.8           -0.19       C1232P12  175.79  571.98
       0.42         6.4   122    0.4                        0.50
12 38  4.41 +12 41 43.3  2175    6.4 <36.5 <35.6            0.37  33.8 C1232P12  156.54  680.85
       0.18         2.7    77    0.5                        0.58  29.8

cluster--NGC--4636--4415--0.0031: Search within    779.7 arcsec of 12 42 49.849  02 41 16.61
12 42 13.94 +02 40 34.4   540   27.5  22.9 <19.8 -81.0 P*   0.00       C1248P04  857.65  195.62
       0.05         0.8   -94    1.2   3.2        10.2  28  0.57
12 42 22.82 +02 35 20.7   539    2.5 <68.5 <56.1            0.64  11.1 C1248P04  848.80  174.70
       0.44         7.7  -131    0.4                        0.48  14.6
12 42 27.03 +02 43 59.9   379   24.9 <17.5 <16.8            0.49  68.7 C1248P04  844.56  209.29
       0.05         0.8   -64    0.8                        0.43  17.8
12 42 32.36 +02 45  0.3   345   15.3 <21.3 <19.8            0.85  45.3 C1248P04  839.23  213.31
       0.07         1.1   -50    0.6                        0.43  10.3
12 42 40.90 +02 40 27.0   143   10.9  36.6 <27.5  54.1      0.87 -42.9 C1248P04  830.73  195.08
       0.14         2.0  -110    1.0   6.6        10.5      0.72  13.0
12 42 44.93 +02 42 17.5  95.5    7.6 <45.9 <28.1            0.53  11.2 C1248P04  826.69  202.44
       0.14         2.7   -50    0.5                        0.58  19.2
12 42 50.33 +02 41 18.7  7.52   77.8  18.0 <14.3  50.3     -0.22       C1248P04  821.63  198.55
       0.03         0.6    74    2.8   2.6         3.6      0.50
12 42 53.16 +02 43  6.9   121    3.0 <126. <92.1       S*   2.04 -56.5 C1248P04  818.46  205.72
       0.79        12.7    24    0.6                    29  1.70   8.5
12 43  7.73 +02 40 58.0   269    5.0 <55.2 <35.8            0.82 -72.5 C1248P04  803.93  197.10
       0.22         4.1    94    0.5                        0.58  12.3

cluster--NGC--4782--3220--0.0154: Search within    159.3 arcsec of 12 54 35.714 -12 34  7.46
12 54 32.29 -12 33 55.2  51.7 1834.6  66.1  32.1 -53.9 S*  56.02 -34.2 C1248M12  129.16  376.18
       0.03         0.6   -76   60.3   1.1   1.6   0.1 299  1.95   0.3
12 54 32.95 -12 32 12.0   122  117.4  43.3 <14.2  41.9 P*   6.77 -29.4 C1248M12  128.47  383.06
       0.03         0.6   -19    3.9   1.5         0.7 848  0.78   1.7
12 54 38.24 -12 33 20.8  59.6 5290.3  90.8  71.1 -13.0 S* 310.35  -5.6 C1248M12  123.33  378.44
       0.03         0.6    38  162.7   1.0   1.1   0.1 575  7.25   0.1
12 54 42.86 -12 33 45.9   107  468.3  63.1  16.0  12.5 S*  51.77  85.9 C1248M12  118.84  376.74
       0.03         0.6    78   16.1   1.1   2.7   0.1 639  1.37   0.3

cluster--NGC--5044--9399--0.0090: Search within    270.5 arcsec of 13 15 23.937 -16 23  7.27
13 15 23.99 -16 23  7.6  0.79   34.7 <21.8 <15.5           -0.17       C1320M16  776.78  419.76
       0.04         0.7   112    1.1                        0.45

cluster--NGC--5252--4054--0.0230: Search within    107.6 arcsec of 13 38 15.860  04 32 33.71
13 38 15.84 +04 32 37.1  3.43   16.3 <22.8 <19.2            0.35 -73.2 C1336P04  376.59  643.51
       0.06         1.1    -5    0.6                        0.45  25.0

cluster--NGC--5253--7154--0.0014: Search within   1723.0 arcsec of 13 39 56.353 -31 38 20.53
13 37 46.88 -31 40  0.2  1656   36.1 <22.6 <17.4            1.00  68.0 C1330M32  114.70  589.41
       0.05         0.7   -94    1.2                        0.53   9.9
13 38 25.12 -31 33  7.0  1207    3.4 <139. <82.5            0.39  -7.7 C1330M32   81.65  616.33
       0.96        13.1   -75    0.7                        1.92  49.0
13 38 32.23 -31 22 45.5  1425   15.6  32.5 <21.3  86.0      1.66  64.2 C1330M32   74.79  657.64
       0.12         1.2   -49    1.1   4.7         7.5      0.65   6.7
13 38 37.85 -31 47  8.8  1132    3.8 <67.1 <43.1           -0.28       C1348M32  989.71  559.23
       0.34         6.3  -118    0.5                        0.61
13 38 44.28 -31 41 12.8   936    7.7 <29.9 <27.6           -0.07       C1348M32  984.75  583.07
       0.15         2.0  -101    0.5                        0.45
13 38 48.32 -32 00  8.0  1569   71.9 <19.1 <14.8       P*   0.00       C1348M32  979.71  507.48
       0.04         0.6  -147    2.2                    28  0.49
13 39  6.90 -31 50 27.0   962    2.7 <85.9 <66.9            0.17 -38.2 C1348M32  964.76  546.54
       0.73         8.4  -139    0.6                        0.73  69.7
13 39  7.18 -31 52 49.9  1072   72.9  15.1 <17.1  73.5      1.17 -86.3 C1330M32   47.48  536.77
       0.04         0.6  -144    2.7   3.1        10.4      0.53   8.6
13 39 18.79 -31 15  0.4  1480   17.3 <29.1 <24.9            0.57 -84.0 C1330M32   34.42  687.82
       0.08         1.1   -19    0.7                        0.59  18.7
13 39 22.73 -31 26 13.4   845    3.4 <136. <71.0            1.01 -37.4 C1330M32   32.01  642.89
       1.01        10.7   -31    0.7                        1.68  17.7
13 39 25.18 -31 54  6.2  1026    6.1 <78.3 <38.9           -0.06       C1348M32  948.96  532.25
       0.26         5.4  -157    0.6                        1.02
13 39 28.34 -31 23 19.0   970    5.1 <110. <75.7           -0.18       C1348M32  948.68  655.42
       0.59         8.5   -22    0.7                        2.24
13 39 36.06 -31 18 24.3  1224    4.8 <40.4 <36.5           -0.33       C1348M32  942.47  675.19
       0.25         3.3   -12    0.5                        0.45
13 39 37.35 -32 00  2.7  1324   25.7 <19.5 <16.8           -0.06       C1348M32  938.17  508.69
       0.06         0.8  -169    0.9                        0.46
13 39 44.74 -31 55 12.1  1022    3.0 <70.6 <49.6           -0.09       C1348M32  932.27  528.18
       0.43         7.5  -172    0.5                        0.56
13 39 51.55 -31 42 52.4   279    3.9 <123. <46.8       S*  -0.09       C1348M32  927.42  577.59
       0.92         4.8  -167    0.6                    34  1.18
13 39 55.92 -31 38 27.5  8.90   84.7  23.8  21.8  39.5 S*   0.60 -86.7 C1348M32  924.03  595.31
       0.04         0.6  -142    3.4   2.1   2.3  15.5  43  0.71  19.0
13 40  2.66 -31 51  9.7   773   33.8 <19.5 <15.7            0.22  65.9 C1348M32  917.37  544.62
       0.05         0.7   174    1.1                        0.47  42.9
13 40  2.83 -31 14 52.4  1411    4.5 <75.0 <72.1            0.57   1.4 C1348M32  919.86  689.74
       0.52         6.4     3    0.6                        1.22  26.2
13 40  7.38 -32 02  1.4  1428    3.5 <49.7 <44.7           -0.25       C1348M32  912.57  501.25
       0.36         5.1   174    0.5                        0.45
13 40  9.03 -31 14 29.7  1440    2.5 <65.6 <57.1           -0.20       C1348M32  914.60  691.35
       0.55         7.1     6    0.5                        0.45
13 40 21.93 -31 28  9.7   693    2.7 <62.9 <54.5            0.26 -71.9 C1348M32  902.62  636.90
       0.51         6.3    28    0.5                        0.45  34.8
13 40 22.59 -31 55 29.0  1082    4.6 <79.1 <40.4           -0.11       C1348M32  900.15  527.64
       0.50         3.7   162    0.6                        0.77
13 40 27.61 -31 56 27.1  1157   28.1  20.7 <20.9 -23.1      0.13 -55.2 C1348M32  895.83  523.84
       0.06         0.8   160    1.3   3.5        11.2      0.58  80.1
13 40 37.61 -31 20  9.9  1212    6.7 <38.3 <30.0           -0.30       C1348M32  889.79  669.11
       0.18         2.6    26    0.5                        0.50
13 40 38.57 -31 21 49.9  1128    3.2 <203. <57.4           -0.02       C1348M32  888.86  662.46
       1.83         6.3    29    0.7                        2.15
13 40 39.28 -31 14 14.9  1546    7.3  96.4 <41.5  81.9      0.12 -32.4 C1348M32  888.76  692.79
       1.00         4.2    21    1.6  24.1         5.8      2.04  90.0
13 40 40.66 -31 12 37.4  1644    2.5 <65.8 <57.3           -0.21       C1348M32  887.69  699.31
       0.55         7.1    20    0.5                        0.45
13 40 47.21 -31 29 19.1   846    3.3 <58.5 <48.5            0.55  -9.2 C1348M32  881.00  632.64
       0.44         5.0    50    0.5                        0.47  17.1
13 40 47.31 -31 18 10.3  1375   52.9 <19.7 <18.4           -0.08       C1348M32  881.64  677.22
       0.04         0.6    28    1.7                        0.51
13 40 48.85 -31 24 45.1  1056    4.2 <101. <61.6       S*   0.32  81.1 C1348M32  879.90  650.93
       0.53         8.8    40    0.6                    27  1.32  49.0
13 40 53.79 -31 33 49.1   782    3.9 <67.1 <42.3            0.21  -0.1 C1348M32  875.09  614.74
       0.33         6.1    70    0.5                        0.62  51.2
13 40 55.86 -31 14 42.8  1609  181.3 <17.7 <16.5            9.05 -50.4 C1348M32  874.56  691.17
       0.04         0.6    28    5.5                        0.49   1.1
13 41  1.74 -31 24 43.0  1169    2.3 <69.3 <60.2           -0.03       C1348M32  868.91  651.25
       0.59         7.9    46    0.5                        0.45
13 41  1.90 -31 23 30.9  1222    3.3 <91.2 <68.1            0.22  37.6 C1348M32  868.84  656.06
       0.70         7.9    43    0.6                        1.00  61.5
13 41  3.38 -31 54 48.0  1306    3.1 <89.6 <52.5           -0.08       C1348M32  865.59  530.95
       0.70         6.1   139    0.6                        0.68
13 41 23.11 -31 48  2.7  1251    3.3 <51.7 <46.4           -0.07       C1348M32  849.26  558.23
       0.38         5.4   118    0.5                        0.45
13 41 28.14 -31 18 30.0  1672   22.8 <22.2 <17.7           -0.14       C1348M32  846.75  676.46
       0.06         0.9    45    0.8                        0.49
13 41 42.09 -31 26 44.8  1520    5.1 <64.1 <49.9           -0.18       C1348M32  834.36  643.66
       0.37         4.6    63    0.6                        0.85
13 41 46.70 -31 37 50.4  1410   16.3  21.4 <20.0 -70.1      0.35 -87.8 C1348M32  829.80  599.35
       0.09         1.1    89    1.0   4.9        12.9      0.53  28.1
13 41 52.50 -31 26 50.9  1637    2.9 <162. <56.5           -0.36       C1348M32  825.49  643.37
       0.59        18.9    65    0.6                        1.41

cluster--NGC--5813--5907--0.0066: Search within    367.8 arcsec of 15 01 11.227  01 42  7.23
15 01 10.98 +01 42  6.9  3.70   14.8  29.4 <26.2  27.9      0.35  76.6 C1456P00  201.18  921.39
       0.09         1.5   -96    1.0   5.0        11.5      0.64  30.6
15 01 13.71 +01 38 47.9   203   62.6  16.4 <18.4 -38.0      5.20  81.8 C1456P00  198.44  908.13
       0.03         0.6   169    2.3   3.0         9.7      0.51   1.8
15 01 21.07 +01 38 13.8   276   28.8 <20.7 <17.0           -0.26       C1456P00  191.09  905.86
       0.04         0.7   148    1.0                        0.46
15 01 22.04 +01 44  1.6   198   48.9  22.8 <14.9 -28.3      0.31  81.5 C1456P00  190.14  929.03
       0.04         0.7    55    1.9   2.5         3.7      0.53  30.6
15 01 22.82 +01 46  8.8   298    7.4  70.8 <44.6  63.8      2.22 -41.2 C1456P00  189.36  937.51
       0.48         4.9    36    1.3  16.0         9.1      1.49   7.2

cluster--NGC--5845--4009--0.0048: Search within    504.6 arcsec of 15 06  0.813  01 38  1.77
15 05 40.53 +01 38 60.0   310    3.7 <68.6 <48.6            0.37 -73.1 C1512P00  891.26  908.94
       0.33         6.2   -79    0.5                        0.65  29.2
15 05 47.25 +01 44 43.7   450    3.6 <80.9 <45.8            0.51  37.7 C1512P00  884.53  931.84
       0.49         4.6   -27    0.5                        0.69  21.9
15 05 54.30 +01 35 31.0   180    3.2 <65.2 <47.5           -0.20       C1512P00  877.52  895.01
       0.37         5.8  -147    0.5                        0.53
15 05 56.95 +01 33  4.7   303    3.0 <122. <52.6           -0.11       C1512P00  874.88  885.26
       0.56        11.7  -169    0.5                        1.01
15 06  4.56 +01 31  3.1   422    8.8 <32.5 <26.7            0.00       C1512P00  867.27  877.16
       0.12         1.8   172    0.5                        0.49
15 06 29.32 +01 36 19.0   440   21.0  23.5  20.7  89.8     -0.23       C1512P00  842.52  898.21
       0.07         1.1   104    1.3   4.0   4.5  90.0      0.66

cluster--NGC--5846--7923--0.0057: Search within    425.4 arcsec of 15 06 29.292  01 36 20.27
15 06 29.32 +01 36 19.0  1.35   21.0  23.5  20.7  89.8     -0.23       C1512P00  842.52  898.21
       0.07         1.1   162    1.3   4.0   4.5  90.0      0.66
15 06 42.51 +01 41 18.9   358    5.0 <44.7 <40.0           -0.08       C1512P00  829.32  918.19
       0.23         3.5    34    0.5                        0.53

cluster--NGC--6269--4972--0.0348: Search within     72.1 arcsec of 16 57 58.084  27 51 15.80
16 57 58.08 +27 51 16.7  0.86   50.0  23.8 <16.1   1.9      0.20  82.2 C1704P28  831.95  480.08
       0.04         0.7    -5    1.9   2.3         3.9      0.52  46.3

cluster--NGC--7619--3955--0.0126: Search within    194.0 arcsec of 23 20 14.539  08 12 23.39
23 20 14.62 +08 12 22.8  1.30   20.3  20.8 <19.4 -55.3      0.67 -59.9 C2328P08  972.53  563.60
       0.06         1.0   117    1.1   4.3        13.1      0.49  13.5
23 20 17.82 +08 14 24.0   130    3.3 <225. <53.8           -0.30       C2328P08  969.32  571.66
       0.62        24.5    22    0.6                        2.56

cluster--NGC--7626--2074--0.0114: Search within    214.1 arcsec of 23 20 14.518  08 12 23.40
23 20 14.62 +08 12 22.8  1.58   20.3  20.8 <19.4 -55.3      0.67 -59.9 C2328P08  972.53  563.60
       0.06         1.0   112    1.1   4.3        13.1      0.49  13.5
23 20 17.82 +08 14 24.0   130    3.3 <225. <53.8           -0.30       C2328P08  969.32  571.66
       0.62        24.5    22    0.6                        2.56

cluster--UGC--0408--4053--0.0147: Search within    166.7 arcsec of 00 39 18.602  03 19 52.75
00 39 11.99 +03 19 56.5  99.2  297.3  52.0  48.5 -12.2 P*  61.28  62.1 C0032P04   80.81  353.24
       0.03         0.6   -88    9.8   1.3   1.3   4.1 173  2.06   0.3
00 39 20.35 +03 19 49.2  26.4  980.0 106.2  37.7 -84.8 S* 120.81  52.9 C0032P04   72.47  352.77
       0.03         0.6    98   30.9   1.0   1.4   0.1 466  4.57   0.2
