17 15 22.975       17 15 22.975    600    720          7ZW700
08 36 15.131       08 36 15.131    600    720      ESO495-021
13 36 39.025       13 36 39.025    600    720         IC_4296
00 57 48.882       00 57 48.882    600    720        NGC_0315
01 23 39.923       01 23 39.923    600    720        NGC_0507
02 00 14.907       02 00 14.907    600    720        NGC_0777
03 22 41.686       03 22 41.686    600    720        NGC_1316
04 16 10.428       04 16 10.428    600    720        NGC_1553
04 31 39.894       04 31 39.894    600    720        NGC_1600
10 03 19.129       10 03 19.129    600    720        NGC_3077
11 16 58.950       11 16 58.950    600    720        NGC_3608
12 19 23.213       12 19 23.213    600    720        NGC_4261
12 23 06.666       12 23 06.666    600    720        NGC_4325
12 25 03.718       12 25 03.718    600    720        NGC_4374
12 29 46.727       12 29 46.727    600    720        NGC_4472
12 35 39.804       12 35 39.804    600    720        NGC_4552
12 42 49.849       12 42 49.849    600    720        NGC_4636
12 54 35.714       12 54 35.714    600    720        NGC_4782
13 15 23.937       13 15 23.937    600    720        NGC_5044
13 38 15.860       13 38 15.860    600    720        NGC_5252
13 39 56.353       13 39 56.353    600    720        NGC_5253
15 01 11.227       15 01 11.227    600    720        NGC_5813
15 06 00.813       15 06 00.813    600    720        NGC_5845
15 06 29.292       15 06 29.292    600    720        NGC_5846
16 57 58.084       16 57 58.084    600    720        NGC_6269
17 15 22.975       17 15 22.975    600    720        NGC_6338
23 20 14.539       23 20 14.539    600    720        NGC_7619
23 20 14.518       23 20 14.518    600    720        NGC_7626
00 39 18.602       00 39 18.602    600    720        UGC_0408
