1E0657_56                  3184        104.6235        -55.9786   4.51E+20   6.53e+20   1.45
1E0657_56                  5356        104.6234        -55.9527   4.53E+20   6.53e+20   1.44
1E0657_56                  5361        104.6237        -55.9626   4.52E+20   6.53e+20   1.44
2A_0335+096                 919         54.6713         10.0024   1.78E+21   1.81e+21   1.02
2PIGG_J0011.5-2850         5797          2.8401        -28.8203   1.41E+20   2.18e+20   1.55
2PIGG_J2227.0-3041         5798        336.9774        -30.6426   1.17E+20   1.11e+20   0.95
3C_28.0                    3233         13.9600         26.3940   5.49E+20   5.71e+20   1.04
3C_295                     2254        212.8345         52.1977   1.45E+20   1.35e+20   0.93
3C_388                     5295        281.0098         45.5939   5.59E+20   6.11e+20   1.09
4C_55.16                   4940        128.7288         55.5725   4.59E+20   4.00e+20   0.87
ABELL_0013                 4945          3.4079        -19.5074   1.82E+20   2.03e+20   1.12
ABELL_0068                 3250          9.2770          9.1676   4.90E+20   4.60e+20   0.94
ABELL_0085                  904         10.4600         -9.3910   2.85E+20   3.65e+20   1.28
ABELL_0119                 4180         14.0631         -1.2293   3.29E+20   3.30e+20   1.00
ABELL_0133                 2203         15.6740        -21.8683   1.56E+20   1.56e+20   1.00
ABELL_0160                 3219         18.2529         15.5083   4.01E+20   4.38e+20   1.09
ABELL_0193                 6931         21.2819          8.6858   4.13E+20   4.57e+20   1.11
ABELL_0209                 3579         22.9690        -13.5680   1.44E+20   1.68e+20   1.17
ABELL_0209                  522         22.9692        -13.5169   1.44E+20   1.68e+20   1.17
ABELL_0222                 4967         24.3940        -12.8531   1.51E+20   2.30e+20   1.52
ABELL_0223                49671         24.4832        -12.9400   1.52E+20   2.20e+20   1.45
ABELL_0262                 2215         28.1929         36.1661   5.96E+20   5.64e+20   0.95
ABELL_0262                 7921         28.1930         36.1504   5.95E+20   5.64e+20   0.95
ABELL_0267                 1448         28.1761          1.0972   2.87E+20   2.74e+20   0.95
ABELL_0267                 3580         28.1768          0.9892   2.87E+20   2.74e+20   0.95
ABELL_0368                 9412         39.3652        -26.5530   1.70E+20   1.75e+20   1.03
ABELL_0370                  515         39.9715         -1.5354   3.10E+20   3.37e+20   1.09
ABELL_0383                 2321         42.0140         -3.5205   3.41E+20   4.07e+20   1.19
ABELL_0399                 3230         44.4724         13.0244   9.77E+20   1.15e+21   1.18
ABELL_0400                 4181         44.4233          6.0468   8.53E+20   9.38e+20   1.10
ABELL_0401                 2309         44.7372         13.4545   1.03E+21   1.25e+21   1.21
ABELL_0401                  518         44.7371         13.5697   9.95E+20   1.25e+21   1.26
ABELL_0426                 3209         49.9508         41.5268   1.37E+21   1.46e+21   1.07
ABELL_0426                 4289         49.9508         41.5268   1.37E+21   1.46e+21   1.07
ABELL_0478                 1669         63.3556         10.4425   1.33E+21   3.09e+21   2.32
ABELL_0478                 6102         63.3556         10.5037   1.34E+21   3.09e+21   2.31
ABELL_0496                 3361         68.4085        -13.2465   3.77E+20   4.57e+20   1.21
ABELL_0520                 4215         73.5429          2.9257   5.55E+20   7.84e+20   1.41
ABELL_0521                  430         73.5264        -10.1782   4.86E+20   6.17e+20   1.27
ABELL_0539                 5808         79.1556          6.4488   9.92E+20   1.28e+21   1.29
ABELL_0539                 7209         79.1556          6.4488   9.92E+20   1.28e+21   1.29
ABELL_0562                 6936        103.3397         69.3328   4.01E+20   5.48e+20   1.37
ABELL_0576                 3289        110.3766         55.7950   5.35E+20   5.57e+20   1.04
ABELL_0586                  530        113.0847         31.7248   4.94E+20   4.71e+20   0.95
ABELL_0611                 3194        120.2368         36.0824   4.49E+20   4.99e+20   1.11
ABELL_0644                 2211        124.3551         -7.5685   7.22E+20   6.31e+20   0.87
ABELL_0665                 3586        127.7467         65.8195   4.32E+20   4.24e+20   0.98
ABELL_0697                 4217        130.7398         36.4181   2.96E+20   3.34e+20   1.13
ABELL_0744                 6947        136.8352         16.7385   3.39E+20   3.66e+20   1.08
ABELL_0754                  577        137.3258         -9.6905   5.05E+20   4.60e+20   0.91
ABELL_0773                 5006        139.4690         51.7113   1.26E+20   1.46e+20   1.16
ABELL_0907                 3185        149.5914        -11.1155   5.62E+20   5.69e+20   1.01
ABELL_0907                 3205        149.5915        -11.1430   5.61E+20   5.69e+20   1.01
ABELL_0907                  535        149.5915        -11.1482   5.61E+20   5.69e+20   1.01
ABELL_0963                  903        154.2656         39.0771   1.11E+20   1.39e+20   1.25
ABELL_1063S                4966        342.1846        -44.4853   1.17E+20   1.77e+20   1.51
ABELL_1068                 1652        160.1855         39.9557   1.55E+20   7.10e+19   0.46
ABELL_1201                 4216        168.2270         13.4645   1.56E+20   1.85e+20   1.19
ABELL_1204                 2205        168.3351         17.5389   1.32E+20   1.44e+20   1.09
ABELL_1240                 4961        170.9098         43.0989   3.13E+20   2.04e+20   0.65
ABELL_1361                 2200        175.9151         46.3852   2.77E+20   2.18e+20   0.79
ABELL_1413                 5003        178.8244         23.5437   1.72E+20   2.19e+20   1.27
ABELL_1423                  538        179.3219         33.5188   1.81E+20   1.60e+20   0.88
ABELL_1446                 4975        180.5156         58.0574   1.49E+20   1.36e+20   0.91
ABELL_1569                 6100        189.1084         16.6520   2.14E+20   2.22e+20   1.04
ABELL_1644                 2206        194.3007        -17.2686   3.99E+20   5.69e+20   1.43
ABELL_1650                 4178        194.6729         -1.7891   1.30E+20   1.62e+20   1.25
ABELL_1651                 4185        194.8451         -4.1754   1.46E+20   2.02e+20   1.38
ABELL_1664                 1648        195.9276        -24.2725   9.22E+20   8.47e+20   0.92
ABELL_1664                 7901        195.9276        -24.2233   9.22E+20   8.47e+20   0.92
ABELL_1689                 1663        197.8734         -1.2630   1.84E+20   1.87e+20   1.02
ABELL_1689                 5004        197.8734         -1.2738   1.84E+20   1.87e+20   1.02
ABELL_1689                  540        197.8733         -1.4037   1.84E+20   1.87e+20   1.02
ABELL_1736                 4186        201.7061        -27.1653   4.37E+20   5.13e+20   1.17
ABELL_1758                 2213        203.2017         50.5144   1.02E+20   1.09e+20   1.07
ABELL_1763                 3591        203.8248         40.9741   8.30E+19   8.20e+19   0.99
ABELL_1795                  493        207.2200         26.5943   1.17E+20   1.22e+20   1.04
ABELL_1795                 5289        207.2201         26.6208   1.16E+20   1.22e+20   1.05
ABELL_1835                  495        210.2581          2.9085   2.05E+20   2.36e+20   1.15
ABELL_1914                 3593        216.5128         37.7834   1.04E+20   9.70e+19   0.93
ABELL_1942                 3290        219.5912          3.6294   2.37E+20   2.75e+20   1.16
ABELL_1991                 3193        223.6317         18.6710   2.35E+20   2.43e+20   1.03
ABELL_1995                 7021        223.2392         58.0262   1.18E+20   1.44e+20   1.22
ABELL_2029                 4977        227.7339          5.7723   3.32E+20   3.26e+20   0.98
ABELL_2029                 6101        227.7340          5.7765   3.32E+20   3.26e+20   0.98
ABELL_2029                  891        227.7340          5.7546   3.33E+20   3.26e+20   0.98
ABELL_2034                 2204        227.5521         33.4979   1.59E+20   1.58e+20   0.99
ABELL_2052                 5807        229.1855          7.0404   2.70E+20   2.85e+20   1.06
ABELL_2052                  890        229.1856          7.0095   2.70E+20   2.85e+20   1.06
ABELL_2063                 4187        230.7702          8.6265   2.60E+20   3.21e+20   1.23
ABELL_2063                 6263        230.7703          8.6273   2.60E+20   3.21e+20   1.23
ABELL_2065                31821        230.6230         27.6867   3.06E+20   2.96e+20   0.97
ABELL_2069                 4965        231.0474         29.9272   1.90E+20   1.97e+20   1.04
ABELL_2104                  895        235.0339         -3.3069   8.37E+20   1.49e+21   1.78
ABELL_2107                 4960        234.9130         21.7597   4.51E+20   4.54e+20   1.01
ABELL_2111                  544        234.9193         34.4523   1.83E+20   2.20e+20   1.20
ABELL_2124                 3238        236.2464         36.0925   1.61E+20   1.71e+20   1.06
ABELL_2125                 2207        235.3086         66.1809   2.97E+20   2.75e+20   0.93
ABELL_2142                 1196        239.5870         27.2176   3.70E+20   4.31e+20   1.16
ABELL_2142                 1228        239.5870         27.2176   3.70E+20   4.31e+20   1.16
ABELL_2142                 5005        239.5873         27.2315   3.71E+20   4.31e+20   1.16
ABELL_2147                 3211        240.5709         15.9255   3.00E+20   3.38e+20   1.13
ABELL_2151                 4996        241.1495         17.6578   3.35E+20   3.46e+20   1.03
ABELL_2163                 1653        243.9404         -6.1882   1.10E+21   1.20e+21   1.09
ABELL_2199                  497        247.1594         39.5405   8.47E+19   8.80e+19   1.04
ABELL_2204                  499        248.1955          5.5465   6.11E+20   5.84e+20   0.96
ABELL_2204                 6104        248.1951          5.5379   6.09E+20   5.84e+20   0.96
ABELL_2218                 1666        248.9618         66.2547   2.57E+20   3.12e+20   1.21
ABELL_2219                  896        250.0838         46.7342   1.88E+20   1.76e+20   0.94
ABELL_2244                 4179        255.6774         34.0475   1.78E+20   2.09e+20   1.17
ABELL_2255                  894        258.1789         64.0622   2.55E+20   2.53e+20   0.99
ABELL_2259                 3245        260.0346         27.6171   3.31E+20   3.70e+20   1.12
ABELL_2261                 5007        260.6135         32.2082   3.24E+20   3.31e+20   1.02
ABELL_2294                 3246        261.0318         85.9478   6.58E+20   6.10e+20   0.93
ABELL_2319                 3231        290.2902         43.9374   7.45E+20   9.05e+20   1.21
ABELL_2384                 4202        328.0882        -19.5961   2.77E+20   2.99e+20   1.08
ABELL_2390                 4193        328.4034         17.6663   6.39E+20   6.71e+20   1.05
ABELL_2409                 3247        330.2190         20.8995   6.86E+20   6.72e+20   0.98
ABELL_2462                 4159        339.7974        -17.3484   2.75E+20   3.30e+20   1.20
ABELL_2537                 4962        347.0930         -2.2201   4.84E+20   4.26e+20   0.88
ABELL_2554                 1696        348.0818        -21.5070   1.72E+20   2.04e+20   1.19
ABELL_2556                 2226        348.2559        -21.6347   1.72E+20   2.02e+20   1.17
ABELL_2589                 3210        350.9888         16.7649   3.09E+20   3.98e+20   1.29
ABELL_2597                  922        351.3324        -12.1306   2.51E+20   2.51e+20   1.00
ABELL_2626                 3192        354.1269         21.1395   3.75E+20   4.30e+20   1.15
ABELL_2631                 3248        354.4107          0.3118   3.50E+20   3.74e+20   1.07
ABELL_2657                 4941        356.2386          9.2110   5.62E+20   5.66e+20   1.01
ABELL_2667                 2214        357.9141        -26.0703   1.72E+20   1.64e+20   0.95
ABELL_2717                 6974          0.8040        -35.9503   1.29E+20   1.12e+20   0.87
ABELL_2744                 2212          3.5814        -30.3481   1.34E+20   1.82e+20   1.36
ABELL_2813                 9409         10.8537        -20.6515   1.62E+20   1.55e+20   0.96
ABELL_3084                 9413         46.0164        -36.9917   2.32E+20   2.13e+20   0.92
ABELL_3088                 9414         46.7572        -28.7123   1.24E+20   1.37e+20   1.10
ABELL_3112                 2516         49.4903        -44.2099   1.32E+20   2.50e+20   1.89
ABELL_3120                 6951         50.4853        -51.2923   1.31E+20   2.43e+20   1.85
ABELL_3158                 3201         55.7278        -53.6352   1.24E+20   1.60e+20   1.29
ABELL_3158                 3712         55.7278        -53.6352   1.24E+20   1.60e+20   1.29
ABELL_3266                  899         67.8060        -61.5440   1.71E+20   1.72e+20   1.01
ABELL_3376                 3202         90.5490        -39.9716   4.35E+20   5.21e+20   1.20
ABELL_3376                 3450         90.5490        -39.9716   4.35E+20   5.21e+20   1.20
ABELL_3391                 4943         96.5896        -53.6973   5.64E+20   5.46e+20   0.97
ABELL_3395                 4944         96.7020        -54.5130   7.02E+20   6.94e+20   0.99
ABELL_3528S                8268        193.6704        -29.1737   6.61E+20   6.13e+20   0.93
ABELL_3558                 1646        201.9869        -31.4770   4.03E+20   3.84e+20   0.95
ABELL_3562                 4167        203.4075        -31.6296   3.85E+20   3.90e+20   1.01
ABELL_3571                 4203        206.8685        -32.8810   4.15E+20   4.66e+20   1.12
ABELL_3581                 1650        211.8741        -27.0418   4.34E+20   4.30e+20   0.99
ABELL_3667                 5751        303.1719        -56.8241   4.47E+20   5.45e+20   1.22
ABELL_3667                 5752        303.1718        -56.8583   4.47E+20   5.45e+20   1.22
ABELL_3667                 5753        303.1720        -56.8010   4.47E+20   5.45e+20   1.22
ABELL_3667                  889        303.1720        -56.8803   4.47E+20   5.45e+20   1.22
ABELL_3822                 8269        328.5175        -57.8721   2.35E+20   2.10e+20   0.89
ABELL_3921                 4973        342.4910        -64.3520   2.36E+20   3.07e+20   1.30
ABELL_4038                 4992        356.9299        -28.1345   1.56E+20   1.57e+20   1.01
ABELL_4059                 5785        359.2544        -34.7847   1.22E+20   1.09e+20   0.89
ABELL_S0405                8272         57.8884        -82.2917   5.73E+20   7.23e+20   1.26
ABELL_S0592                9420         99.7026        -54.0284   6.53E+20   6.41e+20   0.98
AC_114                     1562        344.7013        -34.8170   1.32E+20   1.44e+20   1.09
AWM7                        908         43.6150         41.7016   9.08E+20   1.03e+21   1.13
CENTAURUS                  4954        192.2039        -41.2876   8.70E+20   8.06e+20   0.93
CID_0072                   2018        263.2635         43.7440   1.69E+20   2.43e+20   1.44
CID_0072                   6949        263.2636         43.7660   1.70E+20   2.43e+20   1.43
CID_0072                   7321        263.2634         43.7631   1.70E+20   2.43e+20   1.43
CID_0072                   7322        263.2634         43.7649   1.70E+20   2.43e+20   1.43
CL_J1226.9+3332            3180        186.7432         33.5748   1.82E+20   1.37e+20   0.75
CL_J1226.9+3332            5014        186.7432         33.4990   1.82E+20   1.37e+20   0.75
CL_J1226.9+3332             932        186.7433         33.5304   1.82E+20   1.37e+20   0.75
CYGNUS_A                    360        299.8683         40.7396   2.60E+21   3.52e+21   1.35
ESO_3060170                3188         85.0279        -40.8540   2.99E+20   3.45e+20   1.15
ESO_3060170                3189         85.0280        -40.8044   3.01E+20   3.45e+20   1.15
ESO_5520200                3206         73.7180        -18.0664   3.95E+20   4.29e+20   1.09
EXO_0422-086               4183         66.4636         -8.5552   7.60E+20   6.22e+20   0.82
HCG_0062                    921        193.2739         -9.1497   3.27E+20   3.32e+20   1.02
HCG_42                     3215        150.0593        -19.6423   4.10E+20   5.15e+20   1.26
HERCULES_A                 1625        252.7840          4.9791   6.02E+20   6.27e+20   1.04
HERCULES_A                 5796        252.7840          4.9971   6.04E+20   6.27e+20   1.04
HERCULES_A                 6257        252.7840          4.9836   6.02E+20   6.27e+20   1.04
HYDRA_A                    4970        139.5249        -12.0718   4.84E+20   4.82e+20   1.00
HYDRA_A                     576        139.5250        -12.0895   4.84E+20   4.82e+20   1.00
M49                         321        187.4452          7.9888   1.43E+20   1.43e+20   1.00
M87                        5826        187.7058         12.4033   1.74E+20   2.54e+20   1.46
M87                        5827        187.7058         12.3736   1.74E+20   2.54e+20   1.46
MACS_J0011.7-1523          3261          2.9290        -15.4036   1.80E+20   2.08e+20   1.16
MACS_J0011.7-1523          6105          2.9290        -15.3718   1.80E+20   2.08e+20   1.16
MACS_J0035.4-2015          3262          8.8607        -20.2952   1.73E+20   1.55e+20   0.90
MACS_J0159.8-0849          3265         29.9561         -8.7819   1.97E+20   2.01e+20   1.02
MACS_J0159.8-0849          6106         29.9559         -8.8400   1.97E+20   2.01e+20   1.02
MACS_J0242.5-2132          3266         40.6496        -21.5704   3.01E+20   2.71e+20   0.90
MACS_J0257.1-2325          1654         44.2881        -23.3623   2.23E+20   2.09e+20   0.94
MACS_J0257.1-2325          3581         44.2881        -23.3848   2.21E+20   2.09e+20   0.95
MACS_J0257.6-2209          3267         44.4209        -22.1184   1.97E+20   2.02e+20   1.03
MACS_J0308.9+2645          3268         47.2330         26.7361   1.11E+21   1.19e+21   1.07
MACS_J0329.6-0211          3257         52.4237         -2.1806   4.45E+20   6.21e+20   1.40
MACS_J0329.6-0211          3582         52.4237         -2.2170   4.45E+20   6.21e+20   1.40
MACS_J0329.6-0211          6108         52.4237         -2.1945   4.45E+20   6.21e+20   1.40
MACS_J0417.5-1154          3270         64.3945        -11.9480   2.99E+20   4.00e+20   1.34
MACS_J0429.6-0253          3271         67.4004         -2.9129   4.52E+20   5.70e+20   1.26
MACS_J0520.7-1328          3272         80.1752        -13.5039   7.39E+20   8.88e+20   1.20
MACS_J0547.0-3904          3273         86.7566        -39.0234   3.98E+20   4.08e+20   1.03
MACS_J0717.5+3745          1655        109.3818         37.6820   6.80E+20   6.75e+20   0.99
MACS_J0717.5+3745          4200        109.3818         37.8056   6.80E+20   6.75e+20   0.99
MACS_J0744.8+3927          3197        116.2200         39.4981   5.68E+20   4.66e+20   0.82
MACS_J0744.8+3927          3585        116.2199         39.4463   5.68E+20   4.66e+20   0.82
MACS_J0744.8+3927          6111        116.2200         39.4819   5.68E+20   4.66e+20   0.82
MACS_J1115.2+5320          3253        168.8151         53.2846   8.46E+19   9.80e+19   1.16
MACS_J1115.2+5320          5008        168.8152         53.2700   8.72E+19   9.80e+19   1.12
MACS_J1115.2+5320          5350        168.8152         53.3101   8.00E+19   9.80e+19   1.23
MACS_J1115.8+0129          3275        168.9669          1.5488   4.15E+20   4.36e+20   1.05
MACS_J1131.8-1955          3276        172.9774        -19.9799   3.90E+20   4.49e+20   1.15
MACS_J1149.5+2223          1656        177.3994         22.3247   1.93E+20   2.32e+20   1.20
MACS_J1149.5+2223          3589        177.3994         22.4507   1.89E+20   2.32e+20   1.23
MACS_J1206.2-0847          3277        181.5512         -8.7515   3.96E+20   4.15e+20   1.05
MACS_J1311.0-0310          3258        197.7569         -3.1273   1.97E+20   2.18e+20   1.11
MACS_J1311.0-0310          6110        197.7570         -3.2167   1.97E+20   2.18e+20   1.11
MACS_J1621.3+3810          3254        245.3533         38.1626   1.20E+20   1.07e+20   0.89
MACS_J1621.3+3810          3594        245.3533         38.0987   1.20E+20   1.07e+20   0.89
MACS_J1621.3+3810          6109        245.3534         38.2010   1.18E+20   1.07e+20   0.91
MACS_J1621.3+3810          6172        245.3534         38.2057   1.18E+20   1.07e+20   0.91
MACS_J1931.8-2634          3282        292.9569        -26.6097   7.97E+20   9.13e+20   1.15
MACS_J2049.9-3217          3283        312.4844        -32.3178   5.72E+20   5.99e+20   1.05
MACS_J2211.7-0349          3284        332.9411         -3.8587   5.18E+20   5.86e+20   1.13
MACS_J2214.9-1359          3259        333.7394        -14.0299   2.86E+20   3.32e+20   1.16
MACS_J2214.9-1359          5011        333.7395        -14.0378   2.86E+20   3.32e+20   1.16
MACS_J2228+2036            3285        337.1411         20.6228   4.42E+20   4.52e+20   1.02
MACS_J2229.7-2755          3286        337.4390        -27.9474   1.34E+20   1.34e+20   1.00
MACS_J2245.0+2637          3287        341.2694         26.6053   4.86E+20   5.50e+20   1.13
MKW3S                       900        230.4664          7.7783   2.37E+20   3.05e+20   1.29
MKW_04                     3234        181.1134          1.9436   1.75E+20   1.90e+20   1.09
MKW_08                     4942        220.1651          3.4890   2.36E+20   2.60e+20   1.10
MS_0016.9+1609              520          4.6396         16.4979   4.11E+20   4.06e+20   0.99
MS_0116.3-0115             4963         19.7248         -1.0255   4.07E+20   3.83e+20   0.94
MS_0440.5+0204             4196         70.7915          2.1855   9.79E+20   9.10e+20   0.93
MS_0451.6-0305              902         73.5459         -2.9735   3.59E+20   5.68e+20   1.58
MS_0735.6+7421             4197        115.4344         74.2619   3.21E+20   3.40e+20   1.06
MS_0839.8+2938             2224        130.7332         29.4351   4.12E+20   3.92e+20   0.95
MS_0906.5+1110              924        137.3031         11.0789   3.31E+20   3.60e+20   1.09
MS_1006.0+1202              925        152.1977         11.6938   3.48E+20   3.63e+20   1.04
MS_1008.1-1224              926        152.6347        -12.7563   5.91E+20   6.71e+20   1.14
MS_1455.0+2232             4192        224.3128         22.2287   3.21E+20   3.35e+20   1.04
MS_2137.3-2353             4974        325.0632        -23.6758   3.84E+20   3.40e+20   0.89
MS_J1157.3+5531            4964        179.9679         55.5360   1.13E+20   1.22e+20   1.08
NGC_0507                   2882         20.9163         33.2343   5.30E+20   5.30e+20   1.00
NGC_4636                   3926        190.7077          2.7365   1.90E+20   1.90e+20   1.00
NGC_4636                   4415        190.7078          2.7261   1.90E+20   1.90e+20   1.00
NGC_5044                   3225        198.8498        -16.4113   5.04E+20   5.04e+20   1.00
NGC_5044                   3664        198.8499        -16.4113   5.04E+20   5.04e+20   1.00
NGC_5813                   5907        225.2969          1.7203   4.34E+20   4.34e+20   1.00
NGC_5846                    788        226.6220          1.5937   4.21E+20   4.21e+20   1.00
OPHIUCHUS                  3200        258.1155        -23.3936   2.05E+21   3.60e+21   1.76
PKS_0745-191               2427        116.8810        -19.3239   4.25E+21   4.08e+21   0.96
PKS_0745-191                508        116.8811        -19.2877   4.31E+21   4.08e+21   0.95
PKS_0745-191               6103        116.8811        -19.2563   4.33E+21   4.08e+21   0.94
RBS_0461                   4182         55.3229         15.3723   1.59E+21   1.62e+21   1.02
RBS_0533                   3186         64.9088          2.3292   1.00E+21   1.15e+21   1.15
RBS_0533                   3187         64.9089          2.4002   1.01E+21   1.15e+21   1.14
RBS_0533                   5800         64.9089          2.5005   1.01E+21   1.15e+21   1.14
RBS_0533                   5801         64.9088          2.4014   1.01E+21   1.15e+21   1.14
RBS_0797                   2202        146.8034         76.4380   2.16E+20   2.22e+20   1.03
RX_J0220.9-3829            9411         35.2358        -38.5289   2.11E+20   1.85e+20   0.88
RX_J0232.2-4420            4993         38.0782        -44.3121   1.69E+20   2.53e+20   1.50
RX_J0439+0520               527         69.7592          5.4326   8.62E+20   1.00e+21   1.16
RX_J0439.0+0715            1449         69.7530          7.3362   8.79E+20   1.12e+21   1.27
RX_J0439.0+0715            3583         69.7530          7.2434   8.92E+20   1.12e+21   1.26
RX_J0528.9-3927            4994         82.2210        -39.5247   2.14E+20   2.36e+20   1.10
RX_J0647.7+7015            3196        101.9585         70.2757   4.79E+20   5.18e+20   1.08
RX_J0647.7+7015            3584        101.9588         70.3046   4.79E+20   5.18e+20   1.08
RX_J0819.6+6336            2199        124.8583         63.6514   3.55E+20   4.11e+20   1.16
RX_J1000.4+4409            9421        150.1334         44.1624   1.09E+20   1.08e+20   0.99
RX_J1022.1+3830            6942        155.5418         38.5239   1.72E+20   1.41e+20   0.82
RX_J1130.0+3637            6945        172.5116         36.6389   2.05E+20   2.10e+20   1.02
RX_J1320.2+3308            6941        200.0610         33.1701   1.36E+20   1.06e+20   0.78
RX_J1347.5-1145            3592        206.8775        -11.8019   4.75E+20   4.89e+20   1.03
RX_J1347.5-1145             507        206.8775        -11.7799   4.75E+20   4.89e+20   1.03
RX_J1504.1-0248            5793        226.0309         -2.7628   6.17E+20   6.27e+20   1.02
RX_J1532.9+3021            1649        233.2241         30.3265   2.25E+20   2.21e+20   0.98
RX_J1532.9+3021            1665        233.2242         30.2995   2.25E+20   2.21e+20   0.98
RX_J1720.1+2638            4361        260.0414         26.5750   3.42E+20   4.02e+20   1.18
RX_J1720.2+3536            3280        260.0706         35.6038   3.57E+20   3.35e+20   0.94
RX_J1720.2+3536            6107        260.0706         35.6199   3.62E+20   3.35e+20   0.93
RX_J1720.2+3536            7225        260.0706         35.6201   3.62E+20   3.35e+20   0.93
RX_J1852.1+5711            5749        283.0367         57.2097   4.30E+20   5.17e+20   1.20
RX_J2129.6+0005             552        322.4164          0.0448   3.64E+20   4.30e+20   1.18
SC_1327-312                4165        202.4491        -31.5049   3.84E+20   3.89e+20   1.01
SERSIC_159-03              1668        348.4949        -42.6983   1.12E+20   1.89e+20   1.69
SS2B153                    3243        162.6089        -12.7925   3.82E+20   4.12e+20   1.08
UGC_03957                  8265        115.2430         55.4116   4.10E+20   4.63e+20   1.13
ZWCL_1215                  4184        184.4238          3.6366   1.83E+20   1.76e+20   0.96
ZWCL_1358+6245              516        209.9605         62.5086   1.67E+20   1.94e+20   1.16
ZWCL_1742                  8267        266.0605         33.0356   4.02E+20   3.66e+20   0.91
ZWCL_1953                  1659        132.5278         36.1422   3.03E+20   3.10e+20   1.02
ZWCL_3146                   909        155.9156          4.1561   2.27E+20   2.70e+20   1.19
ZWCL_7160                   543        224.3131         22.2739   3.23E+20   3.10e+20   0.96
ZWICKY_2701                3195        148.2049         51.9135   7.33E+19   8.30e+19   1.13
ZwCl_0857.9+2107           7897        135.1535         20.9265   2.82E+20   3.38e+20   1.20
