#RA DEC NAME OBS Z
06 58 29.627 -55 56 39.79 1E0657_56 3184 0.2960
06 58 29.619 -55 56 39.35 1E0657_56 5356 0.2960
06 58 29.670 -55 56 39.80 1E0657_56 5361 0.2960
03 38 41.105 +09 58 00.66 2A_0335+096 919 0.0347
00 11 21.623 -28 51 14.44 2PIGG_J0011.5-2850 5797 0.0753
03 11 34.639 -26 53 47.94 2PIGG_J0311.8-2655 5799 0.0618
22 27 54.560 -30 34 34.84 2PIGG_J2227.0-3041 5798 0.0729
00 55 50.401 +26 24 36.47 3C_28.0 3233 0.1952
14 11 20.280 +52 12 10.55 3C_295 2254 0.4641
18 44 02.365 +45 33 29.31 3C_388 5295 0.0917
08 34 54.923 +55 34 21.15 4C_55.16 4940 0.2420
00 13 37.883 -19 30 09.10 ABELL_0013 4945 0.0940
00 41 50.406 -09 18 10.79 ABELL_0085 904 0.0558
00 56 16.102 -01 15 21.34 ABELL_0119 4180 0.0442
01 02 41.756 -21 52 49.79 ABELL_0133 2203 0.0558
01 14 57.909 +00 24 42.55 ABELL_0168 3203 0.0450
01 14 57.925 +00 24 42.73 ABELL_0168 3204 0.0450
01 31 52.565 -13 36 38.79 ABELL_0209 3579 0.2060
01 31 52.595 -13 36 39.25 ABELL_0209 522 0.2060
01 37 34.562 -12 59 34.88 ABELL_0222 4967 0.2130
01 37 55.963 -12 49 10.53 ABELL_0223 49671 0.2070
01 52 46.299 +36 09 11.80 ABELL_0262 2215 0.0164
01 52 29.181 +00 57 34.43 ABELL_0267 1448 0.2300
01 52 29.180 +00 57 34.23 ABELL_0267 3580 0.2300
02 39 53.169 -01 34 36.96 ABELL_0370 515 0.3747
02 48 03.364 -03 31 44.69 ABELL_0383 2321 0.1871
02 57 53.382 +13 01 30.86 ABELL_0399 3230 0.0716
02 58 56.920 +13 34 14.51 ABELL_0401 2309 0.0745
02 58 56.896 +13 34 14.48 ABELL_0401 518 0.0745
04 13 25.345 +10 27 55.15 ABELL_0478 1669 0.0883
04 13 25.347 +10 27 55.62 ABELL_0478 6102 0.0883
04 33 38.038 -13 15 39.65 ABELL_0496 3361 0.0328
04 48 04.386 -20 27 19.82 ABELL_0514 3578 0.0720
04 54 10.303 +02 55 36.48 ABELL_0520 4215 0.2020
07 21 30.394 +55 45 41.95 ABELL_0576 3289 0.0385
07 32 20.339 +31 37 58.59 ABELL_0586 530 0.1710
08 00 56.832 +36 03 24.09 ABELL_0611 3194 0.2880
08 17 25.225 -07 30 40.03 ABELL_0644 2211 0.0698
08 30 59.226 +65 50 20.06 ABELL_0665 3586 0.1810
08 42 57.549 +36 21 57.65 ABELL_0697 4217 0.2820
14 03 38.923 -33 58 39.05 ABELL_0753 4999 0.0140
14 03 38.942 -33 58 39.16 ABELL_0753 5000 0.0140
09 09 18.188 -09 41 09.56 ABELL_0754 577 0.0543
09 17 52.566 +51 43 38.18 ABELL_0773 5006 0.2170
09 58 21.880 -11 03 52.20 ABELL_0907 3185 0.1527
10 17 03.744 +39 02 49.17 ABELL_0963 903 0.2056
10 36 42.828 -27 31 42.06 ABELL_1060 2220 0.0125
22 48 44.294 -44 31 48.37 ABELL_1063S 4966 0.3540
10 40 44.520 +39 57 10.28 ABELL_1068 1652 0.1375
11 12 54.489 +13 26 08.76 ABELL_1201 4216 0.1688
11 13 20.419 +17 35 38.45 ABELL_1204 2205 0.1706
11 55 17.893 +23 24 21.84 ABELL_1413 5003 0.1426
11 57 17.263 +33 36 37.44 ABELL_1423 538 0.2130
12 57 12.146 -17 24 30.90 ABELL_1644 2206 0.0471
12 58 41.499 -01 45 44.32 ABELL_1650 4178 0.0843
12 59 22.830 -04 11 45.86 ABELL_1651 4185 0.0840
13 03 42.622 -24 14 41.59 ABELL_1664 1648 0.1276
13 11 29.612 -01 20 28.69 ABELL_1689 1663 0.1843
13 11 29.606 -01 20 28.61 ABELL_1689 5004 0.1843
13 11 29.595 -01 20 28.47 ABELL_1689 540 0.1843
13 26 49.453 -27 09 48.13 ABELL_1736 4186 0.0338
13 32 48.398 +50 32 32.53 ABELL_1758 2213 0.2792
13 35 17.957 +40 59 55.80 ABELL_1763 3591 0.1866
13 48 52.802 +26 35 23.55 ABELL_1795 493 0.0625
13 48 52.829 +26 35 24.01 ABELL_1795 5289 0.0625
14 01 01.951 +02 52 43.18 ABELL_1835 495 0.2532
14 26 03.060 +37 49 27.84 ABELL_1914 3593 0.1712
14 38 21.878 +03 40 12.97 ABELL_1942 3290 0.2240
14 54 31.620 +18 38 41.48 ABELL_1991 3193 0.0565
14 52 57.758 +58 02 51.34 ABELL_1995 906 0.3186
15 10 56.139 +05 44 40.47 ABELL_2029 4977 0.0765
15 10 56.163 +05 44 40.89 ABELL_2029 6101 0.0765
15 10 56.164 +05 44 40.55 ABELL_2029 891 0.0765
15 10 12.498 +33 30 39.57 ABELL_2034 2204 0.1130
15 16 44.514 +07 01 17.02 ABELL_2052 5807 0.0353
15 16 44.543 +07 01 17.33 ABELL_2052 890 0.0353
15 23 04.851 +08 36 20.16 ABELL_2063 4187 0.0351
15 23 04.871 +08 36 20.50 ABELL_2063 6263 0.0351
15 22 29.517 +27 42 22.93 ABELL_2065 31821 0.0730
15 24 11.376 +29 52 19.02 ABELL_2069 4965 0.1160
15 40 08.131 -03 18 15.02 ABELL_2104 895 0.1554
15 39 39.113 +21 46 57.66 ABELL_2107 4960 0.0411
15 39 40.637 +34 25 28.01 ABELL_2111 544 0.2300
15 41 14.154 +66 15 57.20 ABELL_2125 2207 0.2465
15 58 20.880 +27 13 44.21 ABELL_2142 1196 0.0898
15 58 20.880 +27 13 44.11 ABELL_2142 1228 0.0898
15 58 20.957 +27 13 45.38 ABELL_2142 5005 0.0898
16 02 15.831 +15 58 22.42 ABELL_2147 3211 0.0356
16 04 35.887 +17 43 17.36 ABELL_2151 4996 0.0366
16 15 45.705 -06 09 00.62 ABELL_2163 1653 0.1695
16 28 38.249 +39 33 04.28 ABELL_2199 497 0.0300
16 32 45.437 +05 34 21.05 ABELL_2204 499 0.1524
16 32 45.428 +05 34 20.89 ABELL_2204 6104 0.1524
16 35 50.831 +66 12 42.31 ABELL_2218 1666 0.1713
16 40 20.112 +46 42 42.84 ABELL_2219 896 0.2256
17 02 42.579 +34 03 37.34 ABELL_2244 4179 0.0967
17 12 42.935 +64 04 10.81 ABELL_2255 894 0.0805
17 03 44.567 +78 38 11.51 ABELL_2256 1386 0.0579
17 03 44.607 +78 38 11.95 ABELL_2256 2419 0.0579
17 20 08.299 +27 40 11.53 ABELL_2259 3245 0.1640
17 22 27.254 +32 07 58.60 ABELL_2261 5007 0.2240
17 24 10.149 +85 53 09.77 ABELL_2294 3246 0.1780
19 21 09.638 +43 57 21.53 ABELL_2319 3231 0.0562
21 52 21.178 -19 32 51.90 ABELL_2384 4202 0.0945
21 53 36.825 +17 41 44.38 ABELL_2390 4193 0.2301
22 00 52.567 +20 58 06.55 ABELL_2409 3247 0.1479
23 08 22.313 -02 11 29.88 ABELL_2537 4962 0.2950
23 13 01.413 -21 38 04.47 ABELL_2556 2226 0.0862
23 25 19.779 -12 07 27.63 ABELL_2597 922 0.0854
23 36 30.452 +21 08 47.36 ABELL_2626 3192 0.0573
23 37 38.560 +00 16 05.02 ABELL_2631 3248 0.2779
23 38 29.397 +27 01 53.14 ABELL_2634 4816 0.0314
23 44 57.253 +09 11 30.74 ABELL_2657 4941 0.0402
23 51 39.395 -26 05 02.75 ABELL_2667 2214 0.2300
23 54 13.687 -10 25 08.85 ABELL_2670 4959 0.0763
00 03 12.968 -35 56 00.13 ABELL_2717 6974 0.0475
00 14 19.529 -30 23 30.24 ABELL_2744 2212 0.3080
03 17 57.681 -44 14 17.16 ABELL_3112 2516 0.0720
03 29 50.918 -52 34 51.04 ABELL_3128 893 0.0624
03 42 54.675 -53 37 24.36 ABELL_3158 3201 0.0580
03 42 54.683 -53 37 24.37 ABELL_3158 3712 0.0580
04 31 13.304 -61 27 12.59 ABELL_3266 899 0.0590
06 02 11.756 -39 56 59.07 ABELL_3376 3202 0.0456
06 02 11.754 -39 56 59.12 ABELL_3376 3450 0.0456
06 26 21.511 -53 41 44.81 ABELL_3391 4943 0.0560
06 26 48.463 -54 32 59.21 ABELL_3395 4944 0.0510
12 48 48.917 -41 18 43.96 ABELL_3526 4190 0.0114
12 48 48.952 -41 18 44.38 ABELL_3526 4191 0.0114
13 27 56.854 -31 29 43.78 ABELL_3558 1646 0.0480
13 33 37.800 -31 40 12.04 ABELL_3562 4167 0.0490
13 47 28.434 -32 51 52.45 ABELL_3571 4203 0.0391
14 07 29.777 -27 01 05.88 ABELL_3581 1650 0.0218
20 12 41.231 -56 50 35.70 ABELL_3667 5751 0.0556
20 12 41.238 -56 50 36.15 ABELL_3667 5752 0.0556
20 12 41.234 -56 50 35.78 ABELL_3667 5753 0.0556
20 12 41.240 -56 50 35.70 ABELL_3667 889 0.0556
22 49 57.829 -64 25 42.17 ABELL_3921 4973 0.0927
23 47 43.180 -28 08 34.81 ABELL_4038 4992 0.0300
23 57 01.065 -34 45 33.28 ABELL_4059 5785 0.0475
23 57 01.102 -34 45 33.65 ABELL_4059 897 0.0475
02 54 27.631 +41 34 47.07 AWM7 908 0.0172
12 48 48.926 -41 18 44.75 CENTAURUS 4954 0.0109
17 33 03.247 +43 45 37.28 CID_0072 2018 0.0344
17 33 03.262 +43 45 37.40 CID_0072 6949 0.0344
17 33 03.224 +43 45 37.44 CID_0072 7321 0.0344
17 33 03.225 +43 45 37.48 CID_0072 7322 0.0344
00 30 34.312 +26 18 01.45 CL_J0030+2618 1190 0.5000
00 30 34.345 +26 18 01.45 CL_J0030+2618 1226 0.5000
00 30 34.339 +26 18 01.58 CL_J0030+2618 5762 0.5000
12 26 58.373 +33 32 47.36 CL_J1226.9+3332 3180 0.8900
12 26 58.372 +33 32 47.18 CL_J1226.9+3332 5014 0.8900
12 26 58.393 +33 32 47.60 CL_J1226.9+3332 932 0.8900
12 59 37.538 +27 57 30.13 COMA 556 0.0231
19 59 28.381 +40 44 01.98 CYGNUS_A 360 0.0561
05 40 06.687 -40 50 12.82 ESO_3060170 3188 0.0358
05 40 06.722 -40 50 11.97 ESO_3060170 3189 0.0358
04 54 52.318 -18 06 56.52 ESO_5520200 3206 0.0314
04 25 51.256 -08 33 36.84 EXO_0422-086 3970 0.0397
04 25 51.271 -08 33 36.42 EXO_0422-086 4183 0.0397
12 53 05.741 -09 12 15.64 HCG_0062 921 0.0146
10 00 14.234 -19 38 10.77 HCG_42 3215 0.0133
16 51 08.161 +04 59 32.44 HERCULES_A 1625 0.1541
16 51 08.158 +04 59 32.35 HERCULES_A 5796 0.1541
16 51 08.156 +04 59 32.47 HERCULES_A 6257 0.1541
09 18 05.985 -12 05 43.94 HYDRA_A 4970 0.0549
09 18 06.010 -12 05 44.30 HYDRA_A 576 0.0549
00 11 42.965 -15 23 20.79 MACS_J0011.7-1523 3261 0.3600
00 11 42.957 -15 23 20.46 MACS_J0011.7-1523 6105 0.3600
00 35 26.573 -20 15 46.06 MACS_J0035.4-2015 3262 0.3644
01 59 49.453 -08 50 00.90 MACS_J0159.8-0849 3265 0.4050
01 59 49.422 -08 50 00.42 MACS_J0159.8-0849 6106 0.4050
02 42 35.906 -21 32 26.30 MACS_J0242.5-2132 3266 0.3140
02 57 09.130 -23 26 05.85 MACS_J0257.1-2325 1654 0.5053
02 57 09.152 -23 26 06.21 MACS_J0257.1-2325 3581 0.5053
02 57 41.024 -22 09 11.12 MACS_J0257.6-2209 3267 0.3224
03 08 55.927 +26 45 38.34 MACS_J0308.9+2645 3268 0.3240
03 29 41.681 -02 11 47.67 MACS_J0329.6-0211 3257 0.4500
03 29 41.688 -02 11 47.81 MACS_J0329.6-0211 3582 0.4500
03 29 41.681 -02 11 47.57 MACS_J0329.6-0211 6108 0.4500
04 17 34.686 -11 54 32.71 MACS_J0417.5-1154 3270 0.4400
04 29 36.088 -02 53 09.02 MACS_J0429.6-0253 3271 0.3990
05 20 42.052 -13 28 49.38 MACS_J0520.7-1328 3272 0.3398
05 47 01.582 -39 04 28.24 MACS_J0547.0-3904 3273 0.2100
07 17 31.654 +37 45 18.52 MACS_J0717.5+3745 1655 0.5480
07 17 31.651 +37 45 18.46 MACS_J0717.5+3745 4200 0.5480
07 44 52.802 +39 27 24.41 MACS_J0744.8+3927 3197 0.6860
07 44 52.779 +39 27 24.41 MACS_J0744.8+3927 3585 0.6860
07 44 52.800 +39 27 24.81 MACS_J0744.8+3927 6111 0.6860
11 15 15.632 +53 20 03.31 MACS_J1115.2+5320 3253 0.4390
11 15 15.646 +53 20 03.74 MACS_J1115.2+5320 5008 0.4390
11 15 15.632 +53 20 03.37 MACS_J1115.2+5320 5350 0.4390
11 15 52.048 +01 29 56.56 MACS_J1115.8+0129 3275 0.1200
11 31 54.580 -19 55 44.54 MACS_J1131.8-1955 3276 0.3070
11 49 35.856 +22 23 55.02 MACS_J1149.5+2223 1656 0.5440
11 49 35.848 +22 23 54.55 MACS_J1149.5+2223 3589 0.5440
12 06 12.276 -08 48 02.40 MACS_J1206.2-0847 3277 0.4400
13 11 01.665 -03 10 39.50 MACS_J1311.0-0310 3258 0.4940
13 11 01.680 -03 10 39.75 MACS_J1311.0-0310 6110 0.4940
16 21 25.552 +38 09 43.56 MACS_J1621.3+3810 3254 0.4610
16 21 25.558 +38 09 43.44 MACS_J1621.3+3810 3594 0.4610
16 21 25.535 +38 09 43.34 MACS_J1621.3+3810 6109 0.4610
16 21 25.559 +38 09 43.63 MACS_J1621.3+3810 6172 0.4610
19 31 49.656 -26 34 33.99 MACS_J1931.8-2634 3282 0.3520
20 49 56.245 -32 16 52.30 MACS_J2049.9-3217 3283 0.3254
22 11 45.856 -03 49 37.24 MACS_J2211.7-0349 3284 0.2700
22 14 57.467 -14 00 09.35 MACS_J2214.9-1359 3259 0.5026
22 14 57.481 -14 00 09.69 MACS_J2214.9-1359 5011 0.5026
22 28 33.872 +20 37 18.31 MACS_J2228+2036 3285 0.4120
22 29 45.358 -27 55 38.41 MACS_J2229.7-2755 3286 0.3240
22 43 21.537 -09 35 44.30 MACS_J2243.3-0935 3260 0.1010
22 45 04.657 +26 38 03.46 MACS_J2245.0+2637 3287 0.3040
15 21 51.930 +07 42 31.97 MKW3S 900 0.0450
12 04 27.218 +01 53 42.79 MKW_04 3234 0.0198
00 18 33.503 +16 26 12.99 MS_0016.9+1609 520 0.5410
07 41 44.245 +74 14 38.23 MS_0735.6+7421 4197 0.2160
08 42 55.969 +29 27 26.97 MS_0839.8+2938 2224 0.1940
09 09 12.753 +10 58 32.00 MS_0906.5+1110 924 0.1630
10 08 47.462 +11 47 36.31 MS_1006.0+1202 925 0.2210
10 10 32.312 -12 39 56.80 MS_1008.1-1224 926 0.3010
14 57 15.088 +22 20 32.49 MS_1455.0+2232 4192 0.2590
21 40 15.178 -23 39 40.71 MS_2137.3-2353 4974 0.3130
11 59 52.295 +55 32 05.61 MS_J1157.3+5531 4964 0.0810
17 12 27.731 -23 22 06.74 OPHIUCHUS 3200 0.0280
07 47 31.436 -19 17 39.78 PKS_0745-191 2427 0.1028
07 47 31.453 -19 17 39.96 PKS_0745-191 508 0.1028
07 47 31.469 -19 17 40.01 PKS_0745-191 6103 0.1028
03 41 17.490 +15 23 54.66 RBS_0461 4182 0.0290
04 19 38.105 +02 24 35.54 RBS_0533 3186 0.0123
04 19 38.135 +02 24 36.02 RBS_0533 3187 0.0123
04 19 38.130 +02 24 35.73 RBS_0533 5800 0.0123
04 19 38.111 +02 24 35.62 RBS_0533 5801 0.0123
09 47 12.971 +76 23 13.90 RBS_0797 2202 0.3540
02 32 18.771 -44 20 46.68 RX_J0232.2-4420 4993 0.2836
04 39 00.710 +07 16 07.65 RX_J0439.0+0715 1449 0.2300
04 39 00.710 +07 16 07.33 RX_J0439.0+0715 3583 0.2300
05 28 53.039 -39 28 15.53 RX_J0528.9-3927 4994 0.2632
06 47 50.029 +70 14 49.66 RX_J0647.7+7015 3196 0.5840
06 47 50.114 +70 14 49.99 RX_J0647.7+7015 3584 0.5840
13 47 30.593 -11 45 10.05 RX_J1347.5-1145 3592 0.4510
13 47 30.598 -11 45 10.27 RX_J1347.5-1145 507 0.4510
14 23 47.759 +24 04 40.45 RX_J1423.8+2404 1657 0.5450
14 23 47.763 +24 04 40.63 RX_J1423.8+2404 4195 0.5450
15 04 07.415 -02 48 15.70 RX_J1504.1-0248 5793 0.2150
15 32 53.781 +30 20 58.72 RX_J1532.9+3021 1649 0.3450
15 32 53.817 +30 20 58.34 RX_J1532.9+3021 1665 0.3450
17 20 09.941 +26 37 29.11 RX_J1720.1+2638 4361 0.1640
17 20 16.953 +35 36 23.63 RX_J1720.2+3536 3280 0.3913
17 20 16.949 +35 36 23.48 RX_J1720.2+3536 6107 0.3913
17 20 16.947 +35 36 23.29 RX_J1720.2+3536 7225 0.3913
21 29 39.944 +00 05 18.83 RX_J2129.6+0005 552 0.2350
04 29 07.040 -53 49 38.02 S0463 6956 0.0986
04 29 07.063 -53 49 38.11 S0463 7250 0.0986
13 29 47.748 -31 36 23.54 SC_1327-312 4165 0.0531
13 12 13.635 -00 58 27.64 SDSS_J198.070267-00.984433 4990 0.0848
23 13 58.764 -42 43 34.70 SERSIC_159-03 1668 0.0580
10 50 26.125 -12 50 41.76 SS2B153 3243 0.0186
12 17 41.708 +03 39 15.81 ZWCL_1215 4184 0.0750
08 50 06.677 +36 04 16.16 ZWCL_1953 1659 0.3800
10 23 39.735 +04 11 08.05 ZWCL_3146 909 0.2900
14 57 15.158 +22 20 33.85 ZWCL_7160 543 0.2578
09 52 49.183 +51 53 05.27 ZWICKY_2701 3195 0.2100
04 50 06.631 +45 03 06.05 3C_129 2218 0.0223
04 50 06.624 +45 03 06.18 3C_129 2219 0.0223
02 57 41.603 +06 01 27.61 ABELL_0400 4181 0.0240
03 19 48.194 +41 30 40.73 ABELL_0426 3209 0.0179
03 19 48.195 +41 30 41.20 ABELL_0426 4289 0.0179
05 16 37.335 +06 26 25.18 ABELL_0539 5808 0.0288
05 16 37.341 +06 26 25.20 ABELL_0539 7209 0.0288
06 53 21.524 +69 19 51.19 ABELL_0562 6936 0.1100
09 07 20.455 +16 39 06.18 ABELL_0744 6947 0.0729
06 26 48.463 -54 32 59.21 ABELL_3395 4944 0.0510
14 07 29.777 -27 01 05.88 ABELL_3581 1650 0.0218
12 53 05.741 -09 12 15.64 HCG_0062 921 0.0146
10 00 14.234 -19 38 10.77 HCG_42 3215 0.0133
10 22 10.034 +38 31 23.54 RX_J1022.1+3830 6942 0.0491
13 29 47.748 -31 36 23.54 SC_1327-312 4165 0.0531
10 50 26.125 -12 50 41.76 SS2B153 3243 0.0186
07 40 58.335 +55 25 38.30 UGC_03957 8265 0.0341
09 00 36.835 +20 53 40.36 ZwCl_0857.9+2107 7897 0.2350
01 25 07.660 +08 41 57.08 ABELL_0193 6931 0.0485
11 23 38.357 +43 05 48.33 ABELL_1240 4961 0.1590
12 36 26.015 +16 32 17.81 ABELL_1569 6100 0.0735
10 00 32.024 +44 08 39.69 RX_J1000.4+4409 9421 0.1540
17 44 14.515 +32 59 29.68 ZWCL_1742 8267 0.0757
01 13 00.692 +15 29 15.08 ABELL_0160 3219 0.0447
12 02 03.744 +58 02 17.93 ABELL_1446 4975 0.1035
00 43 24.881 -20 37 25.08 ABELL_2813 9409 0.2924
02 58 11.340 -52 43 41.12 ABELL_3074 6950 0.0730
02 58 11.340 -52 43 43.09 ABELL_3074 7374 0.0730
03 21 56.464 -51 19 35.40 ABELL_3120 6951 0.0690
12 30 49.383 +12 23 28.67 M87 5826 0.0044
12 30 49.383 +12 23 28.45 M87 5827 0.0044
01 18 53.944 -01 00 07.54 MS_0116.3-0115 4963 0.0452
11 30 02.789 +36 38 08.26 RX_J1130.0+3637 6945 0.0600
12 06 38.883 +28 10 26.14 RX_J1206.6+2811 6939 0.0282
13 20 14.650 +33 08 33.06 RX_J1320.2+3308 6941 0.0366
18 52 08.815 +57 11 42.63 RX_J1852.1+5711 5749 0.1094
00 37 06.475 +09 09 32.28 ABELL_0068 3250 0.2546
04 54 06.337 -10 13 16.88 ABELL_0521 430 0.2533
11 43 39.637 +46 21 20.41 ABELL_1361 2200 0.1171
15 44 59.131 +36 06 34.11 ABELL_2124 3238 0.0658
23 12 19.622 -21 30 11.32 ABELL_2554 1696 0.1103
22 58 48.316 -34 48 08.20 AC_114 1562 0.3120
04 43 09.952 +02 10 18.70 MS_0440.5+0204 4196 0.1900
10 57 00.176 -03 37 40.14 MS_1054.5-0321 512 0.8300
16 23 35.338 +26 34 13.37 MS_1621.5+2640 546 0.4260
04 39 02.218 +05 20 43.11 RX_J0439+0520 527 0.2080
08 19 26.007 +63 37 26.53 RX_J0819.6+6336 2199 0.1190
13 59 50.526 +62 31 04.57 ZWCL_1358+6245 516 0.3280
12 34 21.928 +09 47 02.83 ZWCL_5247 539 0.2290
03 04 03.920 -36 56 27.17 ABELL_3084 9413 0.0977
03 07 01.734 -28 39 55.47 ABELL_3088 9414 0.2534
12 54 40.897 -29 13 38.10 ABELL_3528S 8268 0.0530
21 54 04.203 -57 52 02.71 ABELL_3822 8269 0.0759
03 51 32.815 -82 13 10.19 ABELL_S0405 8272 0.0613
14 52 57.410 +58 02 56.84 ABELL_1995 7021 0.3186
16 02 17.025 +15 58 28.32 ABELL_2147 3211 0.0356
23 23 57.315 +16 46 38.43 ABELL_2589 3210 0.0415
06 38 48.610 -53 58 26.32 ABELL_S0592 9420 0.2216
