ABELL_3581
Cosmology      70.0000     0.300000     0.700000
Number of MC iterations:    5000
Source FITS files: /mnt/SINISTER/1650/reprocessed/1650_sbprof_0.3deg.fits
       #RIN_MPC       ROUT_MPC   N_elec(cm-3)       Sigma_Ne     K(KeV cm2)K_flat(KeV cm2)          K_err              P         P_flat          P_err           Mgas           Merr
        0.08766        0.10849    2.39138E-03    2.88557E-05      128.85701      128.85701        7.37494    0.00000E+00    0.00000E+00    0.00000E+00    0.00000E+00    0.00000E+00
        0.06574        0.08766    2.33731E-03    5.14545E-05      121.21308      121.21308        6.38363    0.00000E+00    0.00000E+00    0.00000E+00    0.00000E+00    0.00000E+00
        0.04383        0.06574    3.85779E-03    5.74638E-05       79.54001       79.54001        3.51301    0.00000E+00    0.00000E+00    0.00000E+00    0.00000E+00    0.00000E+00
        0.02191        0.04383    7.19894E-03    7.55226E-05       46.66584       46.66584        1.57408    0.00000E+00    0.00000E+00    0.00000E+00    0.00000E+00    0.00000E+00
        0.00000        0.02191    1.78896E-02    1.56516E-04       21.43788       21.92929        0.45606    0.00000E+00    0.00000E+00    0.00000E+00    0.00000E+00    0.00000E+00
