ABELL_3581
Cosmology      70.0000     0.300000     0.700000
Number of MC iterations:    5000
Source FITS files: /mnt/SINISTER/1650/reprocessed/1650_sbprof_0.24deg.fits
       #RIN_MPC       ROUT_MPC   N_elec(cm-3)       Sigma_Ne     K(KeV cm2)K_flat(KeV cm2)          K_err              P         P_flat          P_err           Mgas           Merr
        0.09330        0.10849    2.47570E-03    3.61777E-05      125.91441      125.91441        7.23966    0.00000E+00    0.00000E+00    0.00000E+00    0.00000E+00    0.00000E+00
        0.07464        0.09330    2.09679E-03    5.86516E-05      133.11566      133.11566        7.39381    0.00000E+00    0.00000E+00    0.00000E+00    0.00000E+00    0.00000E+00
        0.05598        0.07464    3.07143E-03    6.18685E-05       96.02020       96.02020        4.62503    0.00000E+00    0.00000E+00    0.00000E+00    0.00000E+00    0.00000E+00
        0.03732        0.05598    4.54261E-03    7.54203E-05       68.43377       68.43377        2.78839    0.00000E+00    0.00000E+00    0.00000E+00    0.00000E+00    0.00000E+00
        0.01866        0.03732    8.97582E-03    9.62934E-05       38.40297       38.40297        1.14769    0.00000E+00    0.00000E+00    0.00000E+00    0.00000E+00    0.00000E+00
        0.00000        0.01866    2.00051E-02    2.04925E-04       19.34741       20.35465        0.42800    0.00000E+00    0.00000E+00    0.00000E+00    0.00000E+00    0.00000E+00
