ABELL_3581
Cosmology      70.0000     0.300000     0.700000
Number of MC iterations:    5000
Source FITS files: /mnt/SINISTER/1650/reprocessed/1650_sbprof_0.36deg.fits
       #RIN_MPC       ROUT_MPC   N_elec(cm-3)       Sigma_Ne     K(KeV cm2)K_flat(KeV cm2)          K_err              P         P_flat          P_err           Mgas           Merr
        0.09894        0.10849    2.62982E-03    4.99830E-05      120.94531      120.94531        7.02265    0.00000E+00    0.00000E+00    0.00000E+00    0.00000E+00    0.00000E+00
        0.07421        0.09894    2.10872E-03    4.43526E-05      135.40481      135.40481        7.55310    0.00000E+00    0.00000E+00    0.00000E+00    0.00000E+00    0.00000E+00
        0.04947        0.07421    3.24642E-03    4.86327E-05       92.37687       92.37687        4.35787    0.00000E+00    0.00000E+00    0.00000E+00    0.00000E+00    0.00000E+00
        0.02474        0.04947    6.22713E-03    6.23425E-05       53.48254       53.48254        1.96654    0.00000E+00    0.00000E+00    0.00000E+00    0.00000E+00    0.00000E+00
        0.00000        0.02474    1.62254E-02    1.28023E-04       23.42894       23.42894        0.48677    0.00000E+00    0.00000E+00    0.00000E+00    0.00000E+00    0.00000E+00
