SERSIC_159-03
Cosmology      70.0000     0.300000     0.700000
Number of MC iterations:    5000
Source FITS files: /mnt/SINISTER/1668/reprocessed/1668_sbprof_0.38deg.fits
       #RIN_MPC       ROUT_MPC   N_elec(cm-3)       Sigma_Ne     K(KeV cm2)K_flat(KeV cm2)          K_err              P         P_flat          P_err           Mgas           Merr
        0.17818        0.19754    2.80290E-03    4.66636E-05      134.80980      134.80980        6.70839    0.00000E+00    0.00000E+00    0.00000E+00    0.00000E+00    0.00000E+00
        0.15272        0.17818    2.19725E-03    7.38632E-05      158.24478      158.24478        8.46994    0.00000E+00    0.00000E+00    0.00000E+00    0.00000E+00    0.00000E+00
        0.12727        0.15272    2.73003E-03    7.68865E-05      136.55659      136.55659        7.13205    0.00000E+00    0.00000E+00    0.00000E+00    0.00000E+00    0.00000E+00
        0.10182        0.12727    3.68402E-03    8.29971E-05      111.52780      111.52780        5.70160    0.00000E+00    0.00000E+00    0.00000E+00    0.00000E+00    0.00000E+00
        0.07636        0.10182    5.28287E-03    9.32624E-05       87.46906       87.46906        4.40768    0.00000E+00    0.00000E+00    0.00000E+00    0.00000E+00    0.00000E+00
        0.05091        0.07636    8.56726E-03    1.10213E-04       61.68948       61.68948        3.06653    0.00000E+00    0.00000E+00    0.00000E+00    0.00000E+00    0.00000E+00
        0.02545        0.05091    1.62800E-02    1.53606E-04       38.31908       38.31908        1.88479    0.00000E+00    0.00000E+00    0.00000E+00    0.00000E+00    0.00000E+00
        0.00000        0.02545    3.23786E-02    3.40679E-04       21.27986       21.45941        0.99563    0.00000E+00    0.00000E+00    0.00000E+00    0.00000E+00    0.00000E+00
