SERSIC_159-03
Cosmology      70.0000     0.300000     0.700000
Number of MC iterations:    5000
Source FITS files: /mnt/SINISTER/1668/reprocessed/1668_sbprof_0.34deg.fits
       #RIN_MPC       ROUT_MPC   N_elec(cm-3)       Sigma_Ne     K(KeV cm2)K_flat(KeV cm2)          K_err              P         P_flat          P_err           Mgas           Merr
        0.19035        0.19754    3.41817E-03    9.56980E-05      118.10385      118.10385        6.13848    0.00000E+00    0.00000E+00    0.00000E+00    0.00000E+00    0.00000E+00
        0.16656        0.19035    2.06517E-03    7.80610E-05      165.13141      165.13141        9.03195    0.00000E+00    0.00000E+00    0.00000E+00    0.00000E+00    0.00000E+00
        0.14276        0.16656    2.63489E-03    7.27650E-05      140.02708      140.02708        7.28585    0.00000E+00    0.00000E+00    0.00000E+00    0.00000E+00    0.00000E+00
        0.11897        0.14276    2.90083E-03    8.91018E-05      131.00542      131.00542        6.93155    0.00000E+00    0.00000E+00    0.00000E+00    0.00000E+00    0.00000E+00
        0.09518        0.11897    4.17091E-03    8.91410E-05      102.58042      102.58042        5.22569    0.00000E+00    0.00000E+00    0.00000E+00    0.00000E+00    0.00000E+00
        0.07138        0.09518    5.65630E-03    1.04666E-04       83.51709       83.51709        4.22263    0.00000E+00    0.00000E+00    0.00000E+00    0.00000E+00    0.00000E+00
        0.04759        0.07138    9.46753E-03    1.22184E-04       57.18294       57.18294        2.84087    0.00000E+00    0.00000E+00    0.00000E+00    0.00000E+00    0.00000E+00
        0.02379        0.04759    1.75552E-02    1.70930E-04       35.88871       35.88871        1.75419    0.00000E+00    0.00000E+00    0.00000E+00    0.00000E+00    0.00000E+00
        0.00000        0.02379    3.34848E-02    3.91602E-04       20.61914       20.98415        0.97591    0.00000E+00    0.00000E+00    0.00000E+00    0.00000E+00    0.00000E+00
