RBS_0533
Cosmology      70.0000     0.300000     0.700000
Number of MC iterations:    5000
Source FITS files: 
/mnt/SINISTER/merged/RBS_0533/3186_3187_5800_5801_sbprof_0.14deg.fits
       #RIN_MPC       ROUT_MPC   N_elec(cm-3)       Sigma_Ne     K(KeV cm2)K_flat(KeV cm2)          K_err              P         P_flat          P_err           Mgas           Merr
        0.07280        0.08345    2.61852E-03    1.21460E-05       65.04837       65.04837        5.17241    0.00000E+00    0.00000E+00    0.00000E+00    0.00000E+00    0.00000E+00
        0.06067        0.07280    1.79737E-03    2.80975E-05       88.96269       88.96269        8.63597    0.00000E+00    0.00000E+00    0.00000E+00    0.00000E+00    0.00000E+00
        0.04853        0.06067    2.69076E-03    2.61518E-05       69.77964       69.77964        5.44816    0.00000E+00    0.00000E+00    0.00000E+00    0.00000E+00    0.00000E+00
        0.03640        0.04853    3.52932E-03    2.59501E-05       60.92833       60.92833        4.36532    0.00000E+00    0.00000E+00    0.00000E+00    0.00000E+00    0.00000E+00
        0.02427        0.03640    5.48338E-03    2.78834E-05       47.40051       47.40051        3.07059    0.00000E+00    0.00000E+00    0.00000E+00    0.00000E+00    0.00000E+00
        0.01213        0.02427    9.14731E-03    4.30576E-05       30.37302       30.37302        1.79180    0.00000E+00    0.00000E+00    0.00000E+00    0.00000E+00    0.00000E+00
        0.00000        0.01213    2.79014E-02    7.44413E-05       13.50592       13.50592        0.64154    0.00000E+00    0.00000E+00    0.00000E+00    0.00000E+00    0.00000E+00
