RBS_0533
Cosmology      70.0000     0.300000     0.700000
Number of MC iterations:    5000
Source FITS files: 
/mnt/SINISTER/merged/RBS_0533/3186_3187_5800_5801_sbprof_0.26deg.fits
       #RIN_MPC       ROUT_MPC   N_elec(cm-3)       Sigma_Ne     K(KeV cm2)K_flat(KeV cm2)          K_err              P         P_flat          P_err           Mgas           Merr
        0.07875        0.08345    3.11179E-03    2.18406E-05       57.97848       57.97848        4.61473    0.00000E+00    0.00000E+00    0.00000E+00    0.00000E+00    0.00000E+00
        0.05906        0.07875    1.92635E-03    1.59742E-05       82.13041       82.13041        7.34615    0.00000E+00    0.00000E+00    0.00000E+00    0.00000E+00    0.00000E+00
        0.03937        0.05906    3.12560E-03    1.67827E-05       62.97549       62.97549        5.00439    0.00000E+00    0.00000E+00    0.00000E+00    0.00000E+00    0.00000E+00
        0.01969        0.03937    5.37444E-03    1.74582E-05       47.61126       47.61126        3.25185    0.00000E+00    0.00000E+00    0.00000E+00    0.00000E+00    0.00000E+00
        0.00000        0.01969    1.68656E-02    3.70098E-05       21.35240       21.35240        1.30493    0.00000E+00    0.00000E+00    0.00000E+00    0.00000E+00    0.00000E+00
