OPHIUCHUS
Cosmology      70.0000     0.300000     0.700000
Number of MC iterations:    5000
Source FITS files: /mnt/SINISTER/3200/reprocessed/3200_sbprof_0.26deg.fits
       #RIN_MPC       ROUT_MPC   N_elec(cm-3)       Sigma_Ne     K(KeV cm2)K_flat(KeV cm2)          K_err              P         P_flat          P_err           Mgas           Merr
        0.09821        0.10126    2.16937E-02    8.11328E-05      104.27458      104.27458        2.18336    0.00000E+00    0.00000E+00    0.00000E+00    0.00000E+00    0.00000E+00
        0.07857        0.09821    1.13320E-02    4.26551E-05      161.70062      161.70062        3.41980    0.00000E+00    0.00000E+00    0.00000E+00    0.00000E+00    0.00000E+00
        0.05893        0.07857    1.07348E-02    5.57617E-05      173.89398      173.89398        3.92406    0.00000E+00    0.00000E+00    0.00000E+00    0.00000E+00    0.00000E+00
        0.03928        0.05893    1.18263E-02    7.32508E-05      157.94222      157.94222        3.51217    0.00000E+00    0.00000E+00    0.00000E+00    0.00000E+00    0.00000E+00
        0.01964        0.03928    1.68699E-02    9.20987E-05      104.55447      104.74766        1.86361    0.00000E+00    0.00000E+00    0.00000E+00    0.00000E+00    0.00000E+00
        0.00000        0.01964    3.22600E-02    1.67181E-04       54.82740       67.98972        1.19920    0.00000E+00    0.00000E+00    0.00000E+00    0.00000E+00    0.00000E+00
