OPHIUCHUS
Cosmology      70.0000     0.300000     0.700000
Number of MC iterations:    5000
Source FITS files: /mnt/SINISTER/3200/reprocessed/3200_sbprof_0.2deg.fits
       #RIN_MPC       ROUT_MPC   N_elec(cm-3)       Sigma_Ne     K(KeV cm2)K_flat(KeV cm2)          K_err              P         P_flat          P_err           Mgas           Merr
        0.09628        0.10126    1.93409E-02    5.71271E-05      112.56825      112.56825        2.35072    0.00000E+00    0.00000E+00    0.00000E+00    0.00000E+00    0.00000E+00
        0.08023        0.09628    1.06376E-02    5.30772E-05      169.28354      169.28354        3.62133    0.00000E+00    0.00000E+00    0.00000E+00    0.00000E+00    0.00000E+00
        0.06418        0.08023    1.10459E-02    6.09377E-05      170.09469      170.09469        3.82629    0.00000E+00    0.00000E+00    0.00000E+00    0.00000E+00    0.00000E+00
        0.04814        0.06418    1.12107E-02    8.24662E-05      170.73091      170.73091        3.98428    0.00000E+00    0.00000E+00    0.00000E+00    0.00000E+00    0.00000E+00
        0.03209        0.04814    1.31102E-02    1.01405E-04      134.40214      134.40214        2.72171    0.00000E+00    0.00000E+00    0.00000E+00    0.00000E+00    0.00000E+00
        0.01605        0.03209    1.98916E-02    1.22596E-04       87.08796       93.85106        1.67327    0.00000E+00    0.00000E+00    0.00000E+00    0.00000E+00    0.00000E+00
        0.00000        0.01605    3.67678E-02    2.34092E-04       48.06145       62.31239        1.10428    0.00000E+00    0.00000E+00    0.00000E+00    0.00000E+00    0.00000E+00
