OPHIUCHUS
Cosmology      70.0000     0.300000     0.700000
Number of MC iterations:    5000
Source FITS files: /mnt/SINISTER/3200/reprocessed/3200_sbprof_0.3deg.fits
       #RIN_MPC       ROUT_MPC   N_elec(cm-3)       Sigma_Ne     K(KeV cm2)K_flat(KeV cm2)          K_err              P         P_flat          P_err           Mgas           Merr
        0.08742        0.10126    1.55568E-02    2.71969E-05      130.15294      130.15294        2.71007    0.00000E+00    0.00000E+00    0.00000E+00    0.00000E+00    0.00000E+00
        0.06557        0.08742    9.32958E-03    4.99611E-05      187.85034      187.85034        4.13575    0.00000E+00    0.00000E+00    0.00000E+00    0.00000E+00    0.00000E+00
        0.04371        0.06557    1.19241E-02    5.85651E-05      165.63346      165.63346        3.85722    0.00000E+00    0.00000E+00    0.00000E+00    0.00000E+00    0.00000E+00
        0.02186        0.04371    1.52139E-02    8.02760E-05      116.85894      116.85894        2.20294    0.00000E+00    0.00000E+00    0.00000E+00    0.00000E+00    0.00000E+00
        0.00000        0.02186    3.02048E-02    1.40399E-04       58.82190       71.03985        1.25063    0.00000E+00    0.00000E+00    0.00000E+00    0.00000E+00    0.00000E+00
