OPHIUCHUS
Cosmology      70.0000     0.300000     0.700000
Number of MC iterations:    5000
Source FITS files: /mnt/SINISTER/3200/reprocessed/3200_sbprof_0.16deg.fits
       #RIN_MPC       ROUT_MPC   N_elec(cm-3)       Sigma_Ne     K(KeV cm2)K_flat(KeV cm2)          K_err              P         P_flat          P_err           Mgas           Merr
        0.09489        0.10126    1.83049E-02    4.85643E-05      116.77665      116.77665        2.43651    0.00000E+00    0.00000E+00    0.00000E+00    0.00000E+00    0.00000E+00
        0.08134        0.09489    1.01314E-02    6.44712E-05      175.33328      175.33328        3.79520    0.00000E+00    0.00000E+00    0.00000E+00    0.00000E+00    0.00000E+00
        0.06778        0.08134    1.11512E-02    6.88625E-05      168.67929      168.67929        3.79546    0.00000E+00    0.00000E+00    0.00000E+00    0.00000E+00    0.00000E+00
        0.05422        0.06778    1.10061E-02    9.13473E-05      174.40023      174.40023        4.12108    0.00000E+00    0.00000E+00    0.00000E+00    0.00000E+00    0.00000E+00
        0.04067        0.05422    1.18667E-02    1.10844E-04      151.50376      151.50376        3.30593    0.00000E+00    0.00000E+00    0.00000E+00    0.00000E+00    0.00000E+00
        0.02711        0.04067    1.52985E-02    1.24082E-04      113.10666      113.10666        2.09730    0.00000E+00    0.00000E+00    0.00000E+00    0.00000E+00    0.00000E+00
        0.01356        0.02711    2.20334E-02    1.61155E-04       77.08701       87.66605        1.57243    0.00000E+00    0.00000E+00    0.00000E+00    0.00000E+00    0.00000E+00
        0.00000        0.01356    4.16115E-02    3.05997E-04       42.86078       57.37780        1.02118    0.00000E+00    0.00000E+00    0.00000E+00    0.00000E+00    0.00000E+00
