OPHIUCHUS
Cosmology      70.0000     0.300000     0.700000
Number of MC iterations:    5000
Source FITS files: /mnt/SINISTER/3200/reprocessed/3200_sbprof_0.32deg.fits
       #RIN_MPC       ROUT_MPC   N_elec(cm-3)       Sigma_Ne     K(KeV cm2)K_flat(KeV cm2)          K_err              P         P_flat          P_err           Mgas           Merr
        0.09185        0.10126    1.68273E-02    3.57147E-05      123.51608      123.51608        2.57379    0.00000E+00    0.00000E+00    0.00000E+00    0.00000E+00    0.00000E+00
        0.06889        0.09185    9.85930E-03    4.38336E-05      179.56947      179.56947        3.88495    0.00000E+00    0.00000E+00    0.00000E+00    0.00000E+00    0.00000E+00
        0.04592        0.06889    1.16664E-02    5.37305E-05      167.42322      167.42322        3.86914    0.00000E+00    0.00000E+00    0.00000E+00    0.00000E+00    0.00000E+00
        0.02296        0.04592    1.45475E-02    7.52836E-05      122.89887      122.89887        2.38080    0.00000E+00    0.00000E+00    0.00000E+00    0.00000E+00    0.00000E+00
        0.00000        0.02296    2.94025E-02    1.29322E-04       60.66844       72.32632        1.27218    0.00000E+00    0.00000E+00    0.00000E+00    0.00000E+00    0.00000E+00
