ESO_5520200
Cosmology      70.0000     0.300000     0.700000
Number of MC iterations:    5000
Source FITS files: /mnt/SINISTER/3206/reprocessed/3206_sbprof_0.38deg.fits
       #RIN_MPC       ROUT_MPC   N_elec(cm-3)       Sigma_Ne     K(KeV cm2)K_flat(KeV cm2)          K_err              P         P_flat          P_err           Mgas           Merr
        0.20518        0.21754    1.02012E-03    2.97779E-05      230.69649      230.69649       31.05551    0.00000E+00    0.00000E+00    0.00000E+00    0.00000E+00    0.00000E+00
        0.17953        0.20518    5.60456E-04    4.01611E-05      347.14783      347.14783       46.78793    0.00000E+00    0.00000E+00    0.00000E+00    0.00000E+00    0.00000E+00
        0.15389        0.17953    6.27027E-04    3.94691E-05      328.35152      328.35152       39.13650    0.00000E+00    0.00000E+00    0.00000E+00    0.00000E+00    0.00000E+00
        0.12824        0.15389    7.69841E-04    4.03453E-05      291.34470      291.34470       30.24492    0.00000E+00    0.00000E+00    0.00000E+00    0.00000E+00    0.00000E+00
        0.10259        0.12824    9.32556E-04    4.58645E-05      244.33302      244.33302       23.14600    0.00000E+00    0.00000E+00    0.00000E+00    0.00000E+00    0.00000E+00
        0.07694        0.10259    1.11653E-03    5.56057E-05      206.00830      206.00830       17.66791    0.00000E+00    0.00000E+00    0.00000E+00    0.00000E+00    0.00000E+00
        0.05130        0.07694    1.71834E-03    5.99569E-05      146.52847      146.52847       10.55889    0.00000E+00    0.00000E+00    0.00000E+00    0.00000E+00    0.00000E+00
        0.02565        0.05130    2.78334E-03    7.87674E-05      100.42523      105.62543        7.32468    0.00000E+00    0.00000E+00    0.00000E+00    0.00000E+00    0.00000E+00
        0.00000        0.02565    5.88325E-03    1.60463E-04       57.44401       64.13103        4.42102    0.00000E+00    0.00000E+00    0.00000E+00    0.00000E+00    0.00000E+00
