MKW_04
Cosmology      70.0000     0.300000     0.700000
Number of MC iterations:    5000
Source FITS files: /mnt/SINISTER/3234/reprocessed/3234_sbprof_0.12deg.fits
       #RIN_MPC       ROUT_MPC   N_elec(cm-3)       Sigma_Ne     K(KeV cm2)K_flat(KeV cm2)          K_err              P         P_flat          P_err           Mgas           Merr
        0.08376        0.09225    2.73031E-03    2.93810E-05      107.26570      107.26570        6.05363    0.00000E+00    0.00000E+00    0.00000E+00    0.00000E+00    0.00000E+00
        0.07329        0.08376    1.70340E-03    5.77929E-05      147.46750      147.46750        8.61776    0.00000E+00    0.00000E+00    0.00000E+00    0.00000E+00    0.00000E+00
        0.06282        0.07329    1.90212E-03    5.97439E-05      137.64527      137.64527        7.62979    0.00000E+00    0.00000E+00    0.00000E+00    0.00000E+00    0.00000E+00
        0.05235        0.06282    2.10047E-03    6.70258E-05      129.43292      129.43292        6.88888    0.00000E+00    0.00000E+00    0.00000E+00    0.00000E+00    0.00000E+00
        0.04188        0.05235    2.58299E-03    7.15690E-05      113.14397      113.14397        5.63696    0.00000E+00    0.00000E+00    0.00000E+00    0.00000E+00    0.00000E+00
        0.03141        0.04188    3.45282E-03    7.41783E-05       93.23881       93.23881        4.29232    0.00000E+00    0.00000E+00    0.00000E+00    0.00000E+00    0.00000E+00
        0.02094        0.03141    4.57026E-03    8.37325E-05       75.61621       75.61621        3.20102    0.00000E+00    0.00000E+00    0.00000E+00    0.00000E+00    0.00000E+00
        0.01047        0.02094    7.86507E-03    9.24354E-05       49.68985       49.68985        1.82733    0.00000E+00    0.00000E+00    0.00000E+00    0.00000E+00    0.00000E+00
        0.00000        0.01047    2.30087E-02    1.57258E-04       19.52150       19.52150        0.44634    0.00000E+00    0.00000E+00    0.00000E+00    0.00000E+00    0.00000E+00
