MKW_04
Cosmology      70.0000     0.300000     0.700000
Number of MC iterations:    5000
Source FITS files: /mnt/SINISTER/3234/reprocessed/3234_sbprof_0.3deg.fits
       #RIN_MPC       ROUT_MPC   N_elec(cm-3)       Sigma_Ne     K(KeV cm2)K_flat(KeV cm2)          K_err              P         P_flat          P_err           Mgas           Merr
        0.08692        0.09225    3.00517E-03    4.16397E-05      100.62098      100.62098        5.70874    0.00000E+00    0.00000E+00    0.00000E+00    0.00000E+00    0.00000E+00
        0.06519        0.08692    1.83470E-03    2.98224E-05      140.14834      140.14834        7.80975    0.00000E+00    0.00000E+00    0.00000E+00    0.00000E+00    0.00000E+00
        0.04346        0.06519    2.24186E-03    3.32177E-05      123.80278      123.80278        6.23201    0.00000E+00    0.00000E+00    0.00000E+00    0.00000E+00    0.00000E+00
        0.02173        0.04346    3.83267E-03    3.68564E-05       86.97188       86.97188        3.87848    0.00000E+00    0.00000E+00    0.00000E+00    0.00000E+00    0.00000E+00
        0.00000        0.02173    1.12571E-02    5.67847E-05       39.30103       39.30103        1.43261    0.00000E+00    0.00000E+00    0.00000E+00    0.00000E+00    0.00000E+00
