SS2B153
Cosmology      70.0000     0.300000     0.700000
Number of MC iterations:    5000
Source FITS files: /mnt/SINISTER/3243/reprocessed/3243_sbprof_0.18deg.fits
       #RIN_MPC       ROUT_MPC   N_elec(cm-3)       Sigma_Ne     K(KeV cm2)K_flat(KeV cm2)          K_err              P         P_flat          P_err           Mgas           Merr
        0.07433        0.07656    2.91759E-03    8.96870E-05       42.62897       42.62897        1.00153    0.00000E+00    0.00000E+00    0.00000E+00    0.00000E+00    0.00000E+00
        0.05947        0.07433    1.74895E-03    4.16594E-05       59.63489       59.63489        1.17105    0.00000E+00    0.00000E+00    0.00000E+00    0.00000E+00    0.00000E+00
        0.04460        0.05947    2.37974E-03    4.34995E-05       46.79468       46.79468        0.79995    0.00000E+00    0.00000E+00    0.00000E+00    0.00000E+00    0.00000E+00
        0.02973        0.04460    3.38144E-03    5.65614E-05       35.62241       35.62241        0.59567    0.00000E+00    0.00000E+00    0.00000E+00    0.00000E+00    0.00000E+00
        0.01487        0.02973    6.32055E-03    7.18211E-05       23.29005       23.29005        0.34161    0.00000E+00    0.00000E+00    0.00000E+00    0.00000E+00    0.00000E+00
        0.00000        0.01487    2.28011E-02    1.31899E-04       10.60334       10.60334        0.13091    0.00000E+00    0.00000E+00    0.00000E+00    0.00000E+00    0.00000E+00
