ABELL_0496
Cosmology      70.0000     0.300000     0.700000
Number of MC iterations:    5000
Source FITS files: /mnt/SINISTER/3361/reprocessed/3361_sbprof_0.2deg.fits
       #RIN_MPC       ROUT_MPC   N_elec(cm-3)       Sigma_Ne     K(KeV cm2)K_flat(KeV cm2)          K_err              P         P_flat          P_err           Mgas           Merr
        0.08056        0.09668    7.57022E-03    5.21088E-05      160.55855      160.55855       13.62882    0.00000E+00    0.00000E+00    0.00000E+00    0.00000E+00    0.00000E+00
        0.06445        0.08056    5.07826E-03    1.24060E-04      179.70021      179.70021       14.22491    0.00000E+00    0.00000E+00    0.00000E+00    0.00000E+00    0.00000E+00
        0.04834        0.06445    8.55781E-03    1.09487E-04      107.36292      107.36292        7.29277    0.00000E+00    0.00000E+00    0.00000E+00    0.00000E+00    0.00000E+00
        0.03223        0.04834    1.07918E-02    1.45831E-04       80.84881       80.84881        4.75384    0.00000E+00    0.00000E+00    0.00000E+00    0.00000E+00    0.00000E+00
        0.01611        0.03223    1.75832E-02    1.91494E-04       48.91872       48.91872        2.60315    0.00000E+00    0.00000E+00    0.00000E+00    0.00000E+00    0.00000E+00
        0.00000        0.01611    3.81362E-02    3.85072E-04       20.99464       20.99464        0.92293    0.00000E+00    0.00000E+00    0.00000E+00    0.00000E+00    0.00000E+00
