ABELL_0496
Cosmology      70.0000     0.300000     0.700000
Number of MC iterations:    5000
Source FITS files: /mnt/SINISTER/3361/reprocessed/3361_sbprof_0.22deg.fits
       #RIN_MPC       ROUT_MPC   N_elec(cm-3)       Sigma_Ne     K(KeV cm2)K_flat(KeV cm2)          K_err              P         P_flat          P_err           Mgas           Merr
        0.08701        0.09668    8.28917E-03    7.44085E-05      151.13494      151.13494       12.84204    0.00000E+00    0.00000E+00    0.00000E+00    0.00000E+00    0.00000E+00
        0.06961        0.08701    5.17963E-03    1.07703E-04      189.12036      189.12036       15.47729    0.00000E+00    0.00000E+00    0.00000E+00    0.00000E+00    0.00000E+00
        0.05221        0.06961    7.63768E-03    1.00360E-04      121.44571      121.44571        8.68163    0.00000E+00    0.00000E+00    0.00000E+00    0.00000E+00    0.00000E+00
        0.03480        0.05221    1.03016E-02    1.26646E-04       86.02198       86.02198        5.07814    0.00000E+00    0.00000E+00    0.00000E+00    0.00000E+00    0.00000E+00
        0.01740        0.03480    1.63093E-02    1.68707E-04       53.37851       53.37851        2.92591    0.00000E+00    0.00000E+00    0.00000E+00    0.00000E+00    0.00000E+00
        0.00000        0.01740    3.59139E-02    3.40993E-04       22.58524       22.58524        1.00968    0.00000E+00    0.00000E+00    0.00000E+00    0.00000E+00    0.00000E+00
