ABELL_0496
Cosmology      70.0000     0.300000     0.700000
Number of MC iterations:    5000
Source FITS files: /mnt/SINISTER/3361/reprocessed/3361_sbprof_0.3deg.fits
       #RIN_MPC       ROUT_MPC   N_elec(cm-3)       Sigma_Ne     K(KeV cm2)K_flat(KeV cm2)          K_err              P         P_flat          P_err           Mgas           Merr
        0.08765        0.09668    8.37386E-03    7.76101E-05      150.11420      150.11420       12.75739    0.00000E+00    0.00000E+00    0.00000E+00    0.00000E+00    0.00000E+00
        0.06574        0.08765    5.46393E-03    8.63895E-05      183.63797      183.63797       14.99153    0.00000E+00    0.00000E+00    0.00000E+00    0.00000E+00    0.00000E+00
        0.04383        0.06574    8.45901E-03    8.64650E-05      109.26494      109.26494        7.49916    0.00000E+00    0.00000E+00    0.00000E+00    0.00000E+00    0.00000E+00
        0.02191        0.04383    1.31220E-02    1.15632E-04       68.35948       68.35948        3.96199    0.00000E+00    0.00000E+00    0.00000E+00    0.00000E+00    0.00000E+00
        0.00000        0.02191    3.01822E-02    2.29522E-04       28.24262       28.24262        1.32747    0.00000E+00    0.00000E+00    0.00000E+00    0.00000E+00    0.00000E+00
