ABELL_2029
Cosmology      70.0000     0.300000     0.700000
Number of MC iterations:    5000
Source FITS files: 
/mnt/SINISTER/merged/ABELL_2029/4977_6101_891_sbprof_0.16deg.fits
       #RIN_MPC       ROUT_MPC   N_elec(cm-3)       Sigma_Ne     K(KeV cm2)K_flat(KeV cm2)          K_err              P         P_flat          P_err           Mgas           Merr
        0.57017        0.58231    9.87306E-04    1.39286E-05      898.72838      898.72838       68.09424    0.00000E+00    0.00000E+00    0.00000E+00    0.00000E+00    0.00000E+00
        0.55659        0.57017    5.54195E-04    3.04345E-05     1313.42694     1313.42694      110.66468    0.00000E+00    0.00000E+00    0.00000E+00    0.00000E+00    0.00000E+00
        0.54302        0.55659    6.62528E-04    2.74599E-05     1158.76575     1158.76575       94.45168    0.00000E+00    0.00000E+00    0.00000E+00    0.00000E+00    0.00000E+00
        0.52944        0.54302    6.85512E-04    2.91005E-05     1125.61266     1125.61266       92.86084    0.00000E+00    0.00000E+00    0.00000E+00    0.00000E+00    0.00000E+00
        0.51586        0.52944    6.74027E-04    3.13539E-05     1131.17873     1131.17873       95.27570    0.00000E+00    0.00000E+00    0.00000E+00    0.00000E+00    0.00000E+00
        0.50229        0.51586    7.90773E-04    2.88996E-05     1010.44774     1010.44774       83.66909    0.00000E+00    0.00000E+00    0.00000E+00    0.00000E+00    0.00000E+00
        0.48871        0.50229    8.19602E-04    3.07216E-05      980.30433      980.30433       82.14027    0.00000E+00    0.00000E+00    0.00000E+00    0.00000E+00    0.00000E+00
        0.47514        0.48871    9.77267E-04    2.87719E-05      866.19929      866.19929       72.04741    0.00000E+00    0.00000E+00    0.00000E+00    0.00000E+00    0.00000E+00
        0.46156        0.47514    9.84350E-04    3.30131E-05      856.10633      856.10633       72.53395    0.00000E+00    0.00000E+00    0.00000E+00    0.00000E+00    0.00000E+00
        0.44799        0.46156    1.04534E-03    3.47762E-05      816.70111      816.70111       69.87789    0.00000E+00    0.00000E+00    0.00000E+00    0.00000E+00    0.00000E+00
        0.43441        0.44799    1.08911E-03    3.65456E-05      789.04896      789.04896       68.25814    0.00000E+00    0.00000E+00    0.00000E+00    0.00000E+00    0.00000E+00
        0.42084        0.43441    1.12130E-03    3.83000E-05      777.05887      777.05887       68.48582    0.00000E+00    0.00000E+00    0.00000E+00    0.00000E+00    0.00000E+00
        0.40726        0.42084    1.26639E-03    3.62787E-05      739.55942      739.55942       66.73730    0.00000E+00    0.00000E+00    0.00000E+00    0.00000E+00    0.00000E+00
        0.39369        0.40726    1.29158E-03    3.88335E-05      752.66019      752.66019       70.18067    0.00000E+00    0.00000E+00    0.00000E+00    0.00000E+00    0.00000E+00
        0.38011        0.39369    1.53652E-03    3.63503E-05      672.30585      672.30585       60.96864    0.00000E+00    0.00000E+00    0.00000E+00    0.00000E+00    0.00000E+00
        0.36654        0.38011    1.60199E-03    3.84105E-05      646.27578      646.27578       55.94069    0.00000E+00    0.00000E+00    0.00000E+00    0.00000E+00    0.00000E+00
        0.35296        0.36654    1.71948E-03    3.88391E-05      594.76912      594.76912       48.76674    0.00000E+00    0.00000E+00    0.00000E+00    0.00000E+00    0.00000E+00
        0.33938        0.35296    1.91097E-03    3.87697E-05      534.13324      534.13324       41.62864    0.00000E+00    0.00000E+00    0.00000E+00    0.00000E+00    0.00000E+00
        0.32581        0.33938    1.85128E-03    4.48240E-05      547.43216      547.43216       43.25539    0.00000E+00    0.00000E+00    0.00000E+00    0.00000E+00    0.00000E+00
        0.31223        0.32581    2.03304E-03    4.44616E-05      528.95636      528.95636       42.56479    0.00000E+00    0.00000E+00    0.00000E+00    0.00000E+00    0.00000E+00
        0.29866        0.31223    1.98211E-03    5.04332E-05      553.22022      553.22022       46.70288    0.00000E+00    0.00000E+00    0.00000E+00    0.00000E+00    0.00000E+00
        0.28508        0.29866    2.19449E-03    5.06104E-05      508.11123      508.11123       42.62381    0.00000E+00    0.00000E+00    0.00000E+00    0.00000E+00    0.00000E+00
        0.27151        0.28508    2.38173E-03    4.95976E-05      443.51871      443.51871       32.82476    0.00000E+00    0.00000E+00    0.00000E+00    0.00000E+00    0.00000E+00
        0.25793        0.27151    2.60259E-03    4.88941E-05      424.35342      424.35342       30.03594    0.00000E+00    0.00000E+00    0.00000E+00    0.00000E+00    0.00000E+00
        0.24436        0.25793    2.90222E-03    4.93074E-05      420.08749      420.08749       31.06215    0.00000E+00    0.00000E+00    0.00000E+00    0.00000E+00    0.00000E+00
        0.23078        0.24436    3.14263E-03    5.00839E-05      364.09662      364.09662       23.50324    0.00000E+00    0.00000E+00    0.00000E+00    0.00000E+00    0.00000E+00
        0.21721        0.23078    3.38700E-03    5.56435E-05      356.96725      356.96725       24.74660    0.00000E+00    0.00000E+00    0.00000E+00    0.00000E+00    0.00000E+00
        0.20363        0.21721    3.62189E-03    5.87892E-05      353.14531      353.14531       25.78248    0.00000E+00    0.00000E+00    0.00000E+00    0.00000E+00    0.00000E+00
        0.19006        0.20363    3.90011E-03    6.11047E-05      346.88000      346.88000       24.29383    0.00000E+00    0.00000E+00    0.00000E+00    0.00000E+00    0.00000E+00
        0.17648        0.19006    4.44575E-03    6.30105E-05      322.60891      322.60891       22.81175    0.00000E+00    0.00000E+00    0.00000E+00    0.00000E+00    0.00000E+00
        0.16290        0.17648    4.81819E-03    6.62323E-05      286.17648      286.17648       19.35412    0.00000E+00    0.00000E+00    0.00000E+00    0.00000E+00    0.00000E+00
        0.14933        0.16290    5.37686E-03    6.98992E-05      262.33253      262.33253       18.14015    0.00000E+00    0.00000E+00    0.00000E+00    0.00000E+00    0.00000E+00
        0.13575        0.14933    6.10622E-03    7.22350E-05      243.99008      243.99008       15.16365    0.00000E+00    0.00000E+00    0.00000E+00    0.00000E+00    0.00000E+00
        0.12218        0.13575    6.92743E-03    7.78042E-05      236.87598      236.87598       16.44171    0.00000E+00    0.00000E+00    0.00000E+00    0.00000E+00    0.00000E+00
        0.10860        0.12218    8.16810E-03    7.95042E-05      204.13750      204.13750       12.74564    0.00000E+00    0.00000E+00    0.00000E+00    0.00000E+00    0.00000E+00
        0.09503        0.10860    9.61601E-03    8.43112E-05      168.75453      168.75453       10.39339    0.00000E+00    0.00000E+00    0.00000E+00    0.00000E+00    0.00000E+00
        0.08145        0.09503    1.15470E-02    9.30581E-05      148.10551      148.10551        8.74881    0.00000E+00    0.00000E+00    0.00000E+00    0.00000E+00    0.00000E+00
        0.06788        0.08145    1.34724E-02    1.03356E-04      132.48693      132.48693        7.53331    0.00000E+00    0.00000E+00    0.00000E+00    0.00000E+00    0.00000E+00
        0.05430        0.06788    1.67447E-02    1.17284E-04      107.31046      107.31046        5.45307    0.00000E+00    0.00000E+00    0.00000E+00    0.00000E+00    0.00000E+00
        0.04073        0.05430    2.11626E-02    1.39108E-04       94.71563       94.71563        5.19769    0.00000E+00    0.00000E+00    0.00000E+00    0.00000E+00    0.00000E+00
        0.02715        0.04073    2.76987E-02    1.70684E-04       75.83403       75.83403        3.79560    0.00000E+00    0.00000E+00    0.00000E+00    0.00000E+00    0.00000E+00
        0.01358        0.02715    3.93684E-02    2.33235E-04       53.99221       53.99221        2.44334    0.00000E+00    0.00000E+00    0.00000E+00    0.00000E+00    0.00000E+00
        0.00000        0.01358    7.77518E-02    4.40402E-04       30.63908       30.63908        1.31291    0.00000E+00    0.00000E+00    0.00000E+00    0.00000E+00    0.00000E+00
