ABELL_2052
Cosmology      70.0000     0.300000     0.700000
Number of MC iterations:    5000
Source FITS files: /mnt/SINISTER/merged/ABELL_2052/5807_890_sbprof_0.18deg.fits
       #RIN_MPC       ROUT_MPC   N_elec(cm-3)       Sigma_Ne     K(KeV cm2)K_flat(KeV cm2)          K_err              P         P_flat          P_err           Mgas           Merr
        0.11895        0.12345    6.23879E-03    2.69433E-05      104.68763      104.68763        4.66682    0.00000E+00    0.00000E+00    0.00000E+00    0.00000E+00    0.00000E+00
        0.10409        0.11895    3.59481E-03    2.28078E-05      150.88328      150.88328        6.45438    0.00000E+00    0.00000E+00    0.00000E+00    0.00000E+00    0.00000E+00
        0.08922        0.10409    4.30766E-03    2.38110E-05      132.15750      132.15750        4.93448    0.00000E+00    0.00000E+00    0.00000E+00    0.00000E+00    0.00000E+00
        0.07435        0.08922    4.60675E-03    2.90137E-05      125.83695      125.83695        4.60823    0.00000E+00    0.00000E+00    0.00000E+00    0.00000E+00    0.00000E+00
        0.05948        0.07435    5.44522E-03    3.25844E-05      109.59693      109.59693        3.90165    0.00000E+00    0.00000E+00    0.00000E+00    0.00000E+00    0.00000E+00
        0.04461        0.05948    6.71933E-03    3.82709E-05       93.58041       93.58041        3.06398    0.00000E+00    0.00000E+00    0.00000E+00    0.00000E+00    0.00000E+00
        0.02974        0.04461    1.12404E-02    4.35664E-05       61.77937       61.77937        1.80068    0.00000E+00    0.00000E+00    0.00000E+00    0.00000E+00    0.00000E+00
        0.01487        0.02974    2.25287E-02    5.27182E-05       37.53312       37.53312        1.00463    0.00000E+00    0.00000E+00    0.00000E+00    0.00000E+00    0.00000E+00
        0.00000        0.01487    3.00208E-02    1.45293E-04       17.19103       17.19103        0.36306    0.00000E+00    0.00000E+00    0.00000E+00    0.00000E+00    0.00000E+00
