ABELL_2052
Cosmology      70.0000     0.300000     0.700000
Number of MC iterations:    5000
Source FITS files: /mnt/SINISTER/merged/ABELL_2052/5807_890_sbprof_0.28deg.fits
       #RIN_MPC       ROUT_MPC   N_elec(cm-3)       Sigma_Ne     K(KeV cm2)K_flat(KeV cm2)          K_err              P         P_flat          P_err           Mgas           Merr
        0.10374        0.12345    4.67810E-03    9.61378E-06      126.83794      126.83794        5.64512    0.00000E+00    0.00000E+00    0.00000E+00    0.00000E+00    0.00000E+00
        0.08299        0.10374    3.87843E-03    1.97614E-05      141.51503      141.51503        5.28820    0.00000E+00    0.00000E+00    0.00000E+00    0.00000E+00    0.00000E+00
        0.06224        0.08299    5.29469E-03    2.21771E-05      112.44449      112.44449        4.03336    0.00000E+00    0.00000E+00    0.00000E+00    0.00000E+00    0.00000E+00
        0.04150        0.06224    6.78256E-03    2.69412E-05       94.36535       94.36535        3.17854    0.00000E+00    0.00000E+00    0.00000E+00    0.00000E+00    0.00000E+00
        0.02075        0.04150    1.45971E-02    3.21055E-05       50.89124       50.89124        1.50867    0.00000E+00    0.00000E+00    0.00000E+00    0.00000E+00    0.00000E+00
        0.00000        0.02075    2.90167E-02    6.55495E-05       24.67501       24.67501        0.58716    0.00000E+00    0.00000E+00    0.00000E+00    0.00000E+00    0.00000E+00
