ABELL_2052
Cosmology      70.0000     0.300000     0.700000
Number of MC iterations:    5000
Source FITS files: /mnt/SINISTER/merged/ABELL_2052/5807_890_sbprof_0.38deg.fits
       #RIN_MPC       ROUT_MPC   N_elec(cm-3)       Sigma_Ne     K(KeV cm2)K_flat(KeV cm2)          K_err              P         P_flat          P_err           Mgas           Merr
        0.10236        0.12345    4.63509E-03    9.01578E-06      127.62141      127.62141        5.67971    0.00000E+00    0.00000E+00    0.00000E+00    0.00000E+00    0.00000E+00
        0.07677        0.10236    4.02394E-03    1.65774E-05      137.21836      137.21836        5.15237    0.00000E+00    0.00000E+00    0.00000E+00    0.00000E+00    0.00000E+00
        0.05118        0.07677    5.77224E-03    1.91242E-05      107.06598      107.06598        3.73671    0.00000E+00    0.00000E+00    0.00000E+00    0.00000E+00    0.00000E+00
        0.02559        0.05118    1.06457E-02    2.45974E-05       66.74874       66.74874        2.23479    0.00000E+00    0.00000E+00    0.00000E+00    0.00000E+00    0.00000E+00
        0.00000        0.02559    2.74926E-02    4.79277E-05       30.54455       30.54455        0.77993    0.00000E+00    0.00000E+00    0.00000E+00    0.00000E+00    0.00000E+00
