M87
Cosmology      70.0000     0.300000     0.700000
Number of MC iterations:    5000
Source FITS files: /mnt/SINISTER/merged/M87/5826_5827_sbprof_0.12deg.fits
       #RIN_MPC       ROUT_MPC   N_elec(cm-3)       Sigma_Ne     K(KeV cm2)K_flat(KeV cm2)          K_err              P         P_flat          P_err           Mgas           Merr
        0.05321        0.05432    6.74948E-03    1.74983E-05       75.62528       75.62528        0.85011    0.00000E+00    0.00000E+00    0.00000E+00    0.00000E+00    0.00000E+00
        0.04257        0.05321    5.10990E-03    5.11588E-06       90.42723       90.42723        1.01303    0.00000E+00    0.00000E+00    0.00000E+00    0.00000E+00    0.00000E+00
        0.03192        0.04257    7.36830E-03    5.63396E-06       68.38742       68.38742        0.79304    0.00000E+00    0.00000E+00    0.00000E+00    0.00000E+00    0.00000E+00
        0.02128        0.03192    9.10211E-03    8.76061E-06       54.39041       54.39041        0.68906    0.00000E+00    0.00000E+00    0.00000E+00    0.00000E+00    0.00000E+00
        0.01064        0.02128    1.49661E-02    1.04967E-05       36.23465       36.23465        0.32976    0.00000E+00    0.00000E+00    0.00000E+00    0.00000E+00    0.00000E+00
        0.00000        0.01064    3.63907E-02    1.85579E-05       16.83300       16.83300        0.09719    0.00000E+00    0.00000E+00    0.00000E+00    0.00000E+00    0.00000E+00
