M87
Cosmology      70.0000     0.300000     0.700000
Number of MC iterations:    5000
Source FITS files: /mnt/SINISTER/merged/M87/5826_5827_sbprof_0.14deg.fits
       #RIN_MPC       ROUT_MPC   N_elec(cm-3)       Sigma_Ne     K(KeV cm2)K_flat(KeV cm2)          K_err              P         P_flat          P_err           Mgas           Merr
        0.04865        0.05432    5.49364E-03    5.41241E-06       86.75083       86.75083        0.96526    0.00000E+00    0.00000E+00    0.00000E+00    0.00000E+00    0.00000E+00
        0.03648        0.04865    5.98823E-03    4.95964E-06       79.09874       79.09874        0.91080    0.00000E+00    0.00000E+00    0.00000E+00    0.00000E+00    0.00000E+00
        0.02432        0.03648    8.70479E-03    6.35218E-06       58.74328       58.74328        0.70953    0.00000E+00    0.00000E+00    0.00000E+00    0.00000E+00    0.00000E+00
        0.01216        0.02432    1.27163E-02    8.60962E-06       41.82015       41.82015        0.36759    0.00000E+00    0.00000E+00    0.00000E+00    0.00000E+00    0.00000E+00
        0.00000        0.01216    3.25151E-02    1.49043E-05       19.22343       19.22343        0.18761    0.00000E+00    0.00000E+00    0.00000E+00    0.00000E+00    0.00000E+00
