RX_J1320.2+3308
Cosmology      70.0000     0.300000     0.700000
Number of MC iterations:    5000
Source FITS files: /mnt/SINISTER/6941/reprocessed/6941_sbprof_0.3deg.fits
       #RIN_MPC       ROUT_MPC   N_elec(cm-3)       Sigma_Ne     K(KeV cm2)K_flat(KeV cm2)          K_err              P         P_flat          P_err           Mgas           Merr
        0.15286        0.17183    9.25832E-04    2.36729E-05      109.54173      109.54173        7.59477    0.00000E+00    0.00000E+00    0.00000E+00    0.00000E+00    0.00000E+00
        0.13102        0.15286    6.80973E-04    4.48215E-05      142.31617      142.31617       10.18789    0.00000E+00    0.00000E+00    0.00000E+00    0.00000E+00    0.00000E+00
        0.10919        0.13102    7.44756E-04    4.99728E-05      142.61441      142.61441        9.11842    0.00000E+00    0.00000E+00    0.00000E+00    0.00000E+00    0.00000E+00
        0.08735        0.10919    1.13895E-03    4.39861E-05      105.52585      105.52585        4.83306    0.00000E+00    0.00000E+00    0.00000E+00    0.00000E+00    0.00000E+00
        0.06551        0.08735    1.29049E-03    5.53527E-05       90.16132       90.16132        3.78669    0.00000E+00    0.00000E+00    0.00000E+00    0.00000E+00    0.00000E+00
        0.04367        0.06551    1.76008E-03    6.18917E-05       67.67396       67.67396        2.19700    0.00000E+00    0.00000E+00    0.00000E+00    0.00000E+00    0.00000E+00
        0.02184        0.04367    3.34269E-03    6.79828E-05       40.45203       43.38851        1.04936    0.00000E+00    0.00000E+00    0.00000E+00    0.00000E+00    0.00000E+00
        0.00000        0.02184    1.12279E-02    1.17626E-04       16.39708       19.34522        0.41499    0.00000E+00    0.00000E+00    0.00000E+00    0.00000E+00    0.00000E+00
