RX_J1320.2+3308
Cosmology      70.0000     0.300000     0.700000
Number of MC iterations:    5000
Source FITS files: /mnt/SINISTER/6941/reprocessed/6941_sbprof_0.34deg.fits
       #RIN_MPC       ROUT_MPC   N_elec(cm-3)       Sigma_Ne     K(KeV cm2)K_flat(KeV cm2)          K_err              P         P_flat          P_err           Mgas           Merr
        0.16790        0.17183    1.18793E-03    7.81462E-05       92.76988       92.76988        7.44457    0.00000E+00    0.00000E+00    0.00000E+00    0.00000E+00    0.00000E+00
        0.14391        0.16790    7.87945E-04    3.44652E-05      123.45884      123.45884        8.78340    0.00000E+00    0.00000E+00    0.00000E+00    0.00000E+00    0.00000E+00
        0.11993        0.14391    6.66659E-04    4.52041E-05      148.11633      148.11633       10.19873    0.00000E+00    0.00000E+00    0.00000E+00    0.00000E+00    0.00000E+00
        0.09594        0.11993    9.75335E-04    4.09286E-05      121.12935      121.12935        6.01406    0.00000E+00    0.00000E+00    0.00000E+00    0.00000E+00    0.00000E+00
        0.07196        0.09594    1.28008E-03    4.49697E-05       93.39188       93.39188        3.83178    0.00000E+00    0.00000E+00    0.00000E+00    0.00000E+00    0.00000E+00
        0.04797        0.07196    1.47671E-03    5.87357E-05       77.94572       77.94572        2.84322    0.00000E+00    0.00000E+00    0.00000E+00    0.00000E+00    0.00000E+00
        0.02399        0.04797    2.98704E-03    5.93618E-05       44.38178       46.76754        1.12942    0.00000E+00    0.00000E+00    0.00000E+00    0.00000E+00    0.00000E+00
        0.00000        0.02399    1.02605E-02    1.01961E-04       17.58335       20.54281        0.43929    0.00000E+00    0.00000E+00    0.00000E+00    0.00000E+00    0.00000E+00
