CID_0072
Cosmology      70.0000     0.300000     0.700000
Number of MC iterations:    5000
Source FITS files: 
/mnt/SINISTER/merged/CID_0072/7321_2018_6949_7322_sbprof_0.1deg.fits
       #RIN_MPC       ROUT_MPC   N_elec(cm-3)       Sigma_Ne     K(KeV cm2)K_flat(KeV cm2)          K_err              P         P_flat          P_err           Mgas           Merr
        0.28944        0.29011    1.25694E-03    1.00460E-04      157.73583      157.73583       14.56651    0.00000E+00    0.00000E+00    0.00000E+00    0.00000E+00    0.00000E+00
        0.28067        0.28944    5.54476E-04    2.92636E-05      272.23905      272.23905       22.67360    0.00000E+00    0.00000E+00    0.00000E+00    0.00000E+00    0.00000E+00
        0.27190        0.28067    4.56100E-04    3.21140E-05      310.69735      310.69735       27.83521    0.00000E+00    0.00000E+00    0.00000E+00    0.00000E+00    0.00000E+00
        0.26312        0.27190    5.35729E-04    2.95271E-05      279.63086      279.63086       23.88881    0.00000E+00    0.00000E+00    0.00000E+00    0.00000E+00    0.00000E+00
        0.25435        0.26312    5.91012E-04    3.04044E-05      262.41388      262.41388       22.34446    0.00000E+00    0.00000E+00    0.00000E+00    0.00000E+00    0.00000E+00
        0.24558        0.25435    5.90143E-04    3.45301E-05      263.17655      263.17655       23.12770    0.00000E+00    0.00000E+00    0.00000E+00    0.00000E+00    0.00000E+00
        0.23681        0.24558    6.74109E-04    3.34716E-05      241.30391      241.30391       20.79222    0.00000E+00    0.00000E+00    0.00000E+00    0.00000E+00    0.00000E+00
        0.22804        0.23681    6.82331E-04    3.64921E-05      239.81996      239.81996       21.08318    0.00000E+00    0.00000E+00    0.00000E+00    0.00000E+00    0.00000E+00
        0.21927        0.22804    7.37651E-04    3.72004E-05      228.11008      228.11008       20.03874    0.00000E+00    0.00000E+00    0.00000E+00    0.00000E+00    0.00000E+00
        0.21050        0.21927    7.77331E-04    3.85781E-05      220.69991      220.69991       19.50605    0.00000E+00    0.00000E+00    0.00000E+00    0.00000E+00    0.00000E+00
        0.20173        0.21050    8.06825E-04    4.10544E-05      215.69809      215.69809       19.29075    0.00000E+00    0.00000E+00    0.00000E+00    0.00000E+00    0.00000E+00
        0.19296        0.20173    8.50282E-04    4.32896E-05      208.68055      208.68055       18.81757    0.00000E+00    0.00000E+00    0.00000E+00    0.00000E+00    0.00000E+00
        0.18419        0.19296    8.50978E-04    4.72228E-05      208.96238      208.96238       19.24310    0.00000E+00    0.00000E+00    0.00000E+00    0.00000E+00    0.00000E+00
        0.17542        0.18419    1.00560E-03    4.37463E-05      187.35306      187.35306       16.84420    0.00000E+00    0.00000E+00    0.00000E+00    0.00000E+00    0.00000E+00
        0.16665        0.17542    1.06451E-03    4.69502E-05      184.18073      184.18073       16.50176    0.00000E+00    0.00000E+00    0.00000E+00    0.00000E+00    0.00000E+00
        0.15787        0.16665    1.12347E-03    4.96414E-05      181.34906      181.34906       16.17456    0.00000E+00    0.00000E+00    0.00000E+00    0.00000E+00    0.00000E+00
        0.14910        0.15787    1.15360E-03    5.36175E-05      181.78379      181.78379       16.23385    0.00000E+00    0.00000E+00    0.00000E+00    0.00000E+00    0.00000E+00
        0.14033        0.14910    1.14465E-03    5.88797E-05      186.35498      186.35498       16.79454    0.00000E+00    0.00000E+00    0.00000E+00    0.00000E+00    0.00000E+00
        0.13156        0.14033    1.08489E-03    6.72958E-05      191.33092      191.33092       17.10007    0.00000E+00    0.00000E+00    0.00000E+00    0.00000E+00    0.00000E+00
        0.12279        0.13156    1.30426E-03    6.08525E-05      167.52523      167.52523       13.59581    0.00000E+00    0.00000E+00    0.00000E+00    0.00000E+00    0.00000E+00
        0.11402        0.12279    1.48524E-03    5.83630E-05      152.06398      152.06398       11.45092    0.00000E+00    0.00000E+00    0.00000E+00    0.00000E+00    0.00000E+00
        0.10525        0.11402    1.42328E-03    6.85219E-05      155.04691      155.04691       11.40839    0.00000E+00    0.00000E+00    0.00000E+00    0.00000E+00    0.00000E+00
        0.09648        0.10525    1.75384E-03    6.01361E-05      138.04966      138.04966        9.29788    0.00000E+00    0.00000E+00    0.00000E+00    0.00000E+00    0.00000E+00
        0.08771        0.09648    1.90453E-03    6.08784E-05      133.65457      133.65457        8.58874    0.00000E+00    0.00000E+00    0.00000E+00    0.00000E+00    0.00000E+00
        0.07894        0.08771    2.09660E-03    6.29542E-05      128.16233      128.16233        7.86541    0.00000E+00    0.00000E+00    0.00000E+00    0.00000E+00    0.00000E+00
        0.07017        0.07894    2.40907E-03    6.51632E-05      117.60727      117.60727        6.89685    0.00000E+00    0.00000E+00    0.00000E+00    0.00000E+00    0.00000E+00
        0.06140        0.07017    3.04077E-03    6.86371E-05       98.34040       98.34040        5.52639    0.00000E+00    0.00000E+00    0.00000E+00    0.00000E+00    0.00000E+00
        0.05262        0.06140    3.80016E-03    7.72120E-05       82.72891       82.72891        4.47793    0.00000E+00    0.00000E+00    0.00000E+00    0.00000E+00    0.00000E+00
        0.04385        0.05262    4.78005E-03    8.71000E-05       69.11008       69.11008        3.58450    0.00000E+00    0.00000E+00    0.00000E+00    0.00000E+00    0.00000E+00
        0.03508        0.04385    6.26039E-03    9.13948E-05       55.04369       55.04369        2.63005    0.00000E+00    0.00000E+00    0.00000E+00    0.00000E+00    0.00000E+00
        0.02631        0.03508    7.08276E-03    1.11984E-04       48.21850       48.21850        2.12356    0.00000E+00    0.00000E+00    0.00000E+00    0.00000E+00    0.00000E+00
        0.01754        0.02631    8.08176E-03    1.46662E-04       41.88937       42.95782        1.81055    0.00000E+00    0.00000E+00    0.00000E+00    0.00000E+00    0.00000E+00
        0.00877        0.01754    1.28604E-02    1.72527E-04       29.06833       31.51680        1.30147    0.00000E+00    0.00000E+00    0.00000E+00    0.00000E+00    0.00000E+00
        0.00000        0.00877    2.45203E-02    3.35851E-04       17.82228       20.49725        0.84518    0.00000E+00    0.00000E+00    0.00000E+00    0.00000E+00    0.00000E+00
