AWM7
Cosmology      70.0000     0.300000     0.700000
Number of MC iterations:    5000
Source FITS files: /mnt/SINISTER/908/reprocessed/908_sbprof_0.24deg.fits
       #RIN_MPC       ROUT_MPC   N_elec(cm-3)       Sigma_Ne     K(KeV cm2)K_flat(KeV cm2)          K_err              P         P_flat          P_err           Mgas           Merr
        0.07505        0.08779    6.16596E-03    1.81485E-05      113.01497      113.01497        3.27759    0.00000E+00    0.00000E+00    0.00000E+00    0.00000E+00    0.00000E+00
        0.05629        0.07505    4.55208E-03    3.43493E-05      136.76725      136.76725        4.29851    0.00000E+00    0.00000E+00    0.00000E+00    0.00000E+00    0.00000E+00
        0.03752        0.05629    6.24350E-03    3.96215E-05      109.71749      109.71749        3.37305    0.00000E+00    0.00000E+00    0.00000E+00    0.00000E+00    0.00000E+00
        0.01876        0.03752    7.72413E-03    5.65047E-05       92.19523       92.19523        2.62268    0.00000E+00    0.00000E+00    0.00000E+00    0.00000E+00    0.00000E+00
        0.00000        0.01876    1.54723E-02    9.99015E-05       48.34939       48.34939        1.24324    0.00000E+00    0.00000E+00    0.00000E+00    0.00000E+00    0.00000E+00
