AWM7
Cosmology      70.0000     0.300000     0.700000
Number of MC iterations:    5000
Source FITS files: /mnt/SINISTER/908/reprocessed/908_sbprof_0.22deg.fits
       #RIN_MPC       ROUT_MPC   N_elec(cm-3)       Sigma_Ne     K(KeV cm2)K_flat(KeV cm2)          K_err              P         P_flat          P_err           Mgas           Merr
        0.07023        0.08779    5.84919E-03    1.45748E-05      117.05925      117.05925        3.39268    0.00000E+00    0.00000E+00    0.00000E+00    0.00000E+00    0.00000E+00
        0.05267        0.07023    4.52848E-03    3.84954E-05      137.02691      137.02691        4.11664    0.00000E+00    0.00000E+00    0.00000E+00    0.00000E+00    0.00000E+00
        0.03511        0.05267    6.46918E-03    4.44122E-05      107.39945      107.39945        3.20620    0.00000E+00    0.00000E+00    0.00000E+00    0.00000E+00    0.00000E+00
        0.01756        0.03511    8.03673E-03    6.31070E-05       89.00600       89.00600        2.53556    0.00000E+00    0.00000E+00    0.00000E+00    0.00000E+00    0.00000E+00
        0.00000        0.01756    1.62547E-02    1.09652E-04       45.73289       45.73289        1.15193    0.00000E+00    0.00000E+00    0.00000E+00    0.00000E+00    0.00000E+00
