AWM7
Cosmology      70.0000     0.300000     0.700000
Number of MC iterations:    5000
Source FITS files: /mnt/SINISTER/908/reprocessed/908_sbprof_0.26deg.fits
       #RIN_MPC       ROUT_MPC   N_elec(cm-3)       Sigma_Ne     K(KeV cm2)K_flat(KeV cm2)          K_err              P         P_flat          P_err           Mgas           Merr
        0.07918        0.08779    6.63995E-03    2.39042E-05      107.57051      107.57051        3.12323    0.00000E+00    0.00000E+00    0.00000E+00    0.00000E+00    0.00000E+00
        0.05939        0.07918    4.60525E-03    3.06622E-05      136.02801      136.02801        4.32989    0.00000E+00    0.00000E+00    0.00000E+00    0.00000E+00    0.00000E+00
        0.03959        0.05939    6.02154E-03    3.62175E-05      112.03579      112.03579        3.57146    0.00000E+00    0.00000E+00    0.00000E+00    0.00000E+00    0.00000E+00
        0.01980        0.03959    7.55122E-03    5.15194E-05       94.44944       94.44944        2.72280    0.00000E+00    0.00000E+00    0.00000E+00    0.00000E+00    0.00000E+00
        0.00000        0.01980    1.48408E-02    9.28913E-05       50.66997       50.66997        1.32512    0.00000E+00    0.00000E+00    0.00000E+00    0.00000E+00    0.00000E+00
