2A_0335+096
Cosmology      70.0000     0.300000     0.700000
Number of MC iterations:    5000
Source FITS files: /mnt/SINISTER/919/reprocessed/919_sbprof_0.32deg.fits
       #RIN_MPC       ROUT_MPC   N_elec(cm-3)       Sigma_Ne     K(KeV cm2)K_flat(KeV cm2)          K_err              P         P_flat          P_err           Mgas           Merr
        0.15954        0.16600    4.92765E-03    5.07976E-05      186.92292      186.92292        5.39592    0.00000E+00    0.00000E+00    0.00000E+00    0.00000E+00    0.00000E+00
        0.13674        0.15954    2.94832E-03    4.09326E-05      256.96678      256.96678        7.50912    0.00000E+00    0.00000E+00    0.00000E+00    0.00000E+00    0.00000E+00
        0.11395        0.13674    3.68238E-03    4.16672E-05      202.45620      202.45620        5.56941    0.00000E+00    0.00000E+00    0.00000E+00    0.00000E+00    0.00000E+00
        0.09116        0.11395    4.53391E-03    4.87614E-05      159.60155      159.60155        4.13992    0.00000E+00    0.00000E+00    0.00000E+00    0.00000E+00    0.00000E+00
        0.06837        0.09116    6.50204E-03    5.56163E-05      112.41995      112.41995        2.66908    0.00000E+00    0.00000E+00    0.00000E+00    0.00000E+00    0.00000E+00
        0.04558        0.06837    9.97286E-03    6.62830E-05       74.69055       74.69055        1.57893    0.00000E+00    0.00000E+00    0.00000E+00    0.00000E+00    0.00000E+00
        0.02279        0.04558    2.14905E-02    8.27519E-05       37.06814       37.06814        0.67581    0.00000E+00    0.00000E+00    0.00000E+00    0.00000E+00    0.00000E+00
        0.00000        0.02279    4.75078E-02    1.85540E-04       15.30232       15.30232        0.25192    0.00000E+00    0.00000E+00    0.00000E+00    0.00000E+00    0.00000E+00
