2A_0335+096
Cosmology      70.0000     0.300000     0.700000
Number of MC iterations:    5000
Source FITS files: /mnt/SINISTER/919/reprocessed/919_sbprof_0.3deg.fits
       #RIN_MPC       ROUT_MPC   N_elec(cm-3)       Sigma_Ne     K(KeV cm2)K_flat(KeV cm2)          K_err              P         P_flat          P_err           Mgas           Merr
        0.15239        0.16600    4.18450E-03    2.94874E-05      208.44604      208.44604        5.92569    0.00000E+00    0.00000E+00    0.00000E+00    0.00000E+00    0.00000E+00
        0.13062        0.15239    2.91893E-03    4.40174E-05      251.69459      251.69459        7.33320    0.00000E+00    0.00000E+00    0.00000E+00    0.00000E+00    0.00000E+00
        0.10885        0.13062    3.86890E-03    4.51795E-05      190.92746      190.92746        5.19535    0.00000E+00    0.00000E+00    0.00000E+00    0.00000E+00    0.00000E+00
        0.08708        0.10885    4.86957E-03    5.20799E-05      148.62896      148.62896        3.79849    0.00000E+00    0.00000E+00    0.00000E+00    0.00000E+00    0.00000E+00
        0.06531        0.08708    6.82006E-03    6.04943E-05      106.62766      106.62766        2.49739    0.00000E+00    0.00000E+00    0.00000E+00    0.00000E+00    0.00000E+00
        0.04354        0.06531    1.07553E-02    7.03368E-05       69.76631       69.76631        1.44870    0.00000E+00    0.00000E+00    0.00000E+00    0.00000E+00    0.00000E+00
        0.02177        0.04354    2.28925E-02    8.88279E-05       34.62947       34.62947        0.62400    0.00000E+00    0.00000E+00    0.00000E+00    0.00000E+00    0.00000E+00
        0.00000        0.02177    4.85141E-02    2.02413E-04       14.78538       14.78538        0.24336    0.00000E+00    0.00000E+00    0.00000E+00    0.00000E+00    0.00000E+00
