HCG_0062
Cosmology      70.0000     0.300000     0.700000
Number of MC iterations:    5000
Source FITS files: /mnt/SINISTER/921/reprocessed/921_sbprof_0.22deg.fits
       #RIN_MPC       ROUT_MPC   N_elec(cm-3)       Sigma_Ne     K(KeV cm2)K_flat(KeV cm2)          K_err              P         P_flat          P_err           Mgas           Merr
        0.06976        0.07094    3.05510E-03    1.16857E-04       58.89403       58.89403        5.01384    0.00000E+00    0.00000E+00    0.00000E+00    0.00000E+00    0.00000E+00
        0.05232        0.06976    1.61053E-03    2.85714E-05       90.24896       90.24896        7.02227    0.00000E+00    0.00000E+00    0.00000E+00    0.00000E+00    0.00000E+00
        0.03488        0.05232    1.77797E-03    2.90379E-05       91.44709       91.44709        5.32975    0.00000E+00    0.00000E+00    0.00000E+00    0.00000E+00    0.00000E+00
        0.01744        0.03488    3.34135E-03    2.89046E-05       54.51696       54.51696        1.84197    0.00000E+00    0.00000E+00    0.00000E+00    0.00000E+00    0.00000E+00
        0.00000        0.01744    1.40894E-02    5.23572E-05       15.61676       15.61676        0.34503    0.00000E+00    0.00000E+00    0.00000E+00    0.00000E+00    0.00000E+00
