ABELL_2597
Cosmology      70.0000     0.300000     0.700000
Number of MC iterations:    5000
Source FITS files: /mnt/SINISTER/922/reprocessed/922_sbprof_0.16deg.fits
       #RIN_MPC       ROUT_MPC   N_elec(cm-3)       Sigma_Ne     K(KeV cm2)K_flat(KeV cm2)          K_err              P         P_flat          P_err           Mgas           Merr
        0.10738        0.10896    1.18226E-02    3.92998E-04       76.42640       76.42640        4.59004    0.00000E+00    0.00000E+00    0.00000E+00    0.00000E+00    0.00000E+00
        0.09396        0.10738    6.34140E-03    1.54387E-04      116.12888      116.12888        6.80818    0.00000E+00    0.00000E+00    0.00000E+00    0.00000E+00    0.00000E+00
        0.08054        0.09396    7.28620E-03    1.80433E-04      108.64118      108.64118        6.82173    0.00000E+00    0.00000E+00    0.00000E+00    0.00000E+00    0.00000E+00
        0.06711        0.08054    9.77327E-03    2.15059E-04       91.61129       91.61129        6.07036    0.00000E+00    0.00000E+00    0.00000E+00    0.00000E+00    0.00000E+00
        0.05369        0.06711    1.33386E-02    2.61928E-04       72.50304       72.50304        4.82664    0.00000E+00    0.00000E+00    0.00000E+00    0.00000E+00    0.00000E+00
        0.04027        0.05369    1.99406E-02    3.00395E-04       51.35073       51.35073        3.35097    0.00000E+00    0.00000E+00    0.00000E+00    0.00000E+00    0.00000E+00
        0.02685        0.04027    2.69118E-02    3.70627E-04       37.06227       37.06227        2.29806    0.00000E+00    0.00000E+00    0.00000E+00    0.00000E+00    0.00000E+00
        0.01342        0.02685    3.43991E-02    5.46751E-04       29.17789       29.17789        1.64489    0.00000E+00    0.00000E+00    0.00000E+00    0.00000E+00    0.00000E+00
        0.00000        0.01342    6.37087E-02    1.21566E-03       14.80558       15.86066        0.89765    0.00000E+00    0.00000E+00    0.00000E+00    0.00000E+00    0.00000E+00
