ABELL_2597
Cosmology      70.0000     0.300000     0.700000
Number of MC iterations:    5000
Source FITS files: /mnt/SINISTER/922/reprocessed/922_sbprof_0.22deg.fits
       #RIN_MPC       ROUT_MPC   N_elec(cm-3)       Sigma_Ne     K(KeV cm2)K_flat(KeV cm2)          K_err              P         P_flat          P_err           Mgas           Merr
        0.10422        0.10896    9.12243E-03    1.72914E-04       90.84725       90.84725        5.19943    0.00000E+00    0.00000E+00    0.00000E+00    0.00000E+00    0.00000E+00
        0.08685        0.10422    6.14700E-03    1.30228E-04      119.29767      119.29767        7.04661    0.00000E+00    0.00000E+00    0.00000E+00    0.00000E+00    0.00000E+00
        0.06948        0.08685    8.80079E-03    1.51047E-04       97.08718       97.08718        6.19211    0.00000E+00    0.00000E+00    0.00000E+00    0.00000E+00    0.00000E+00
        0.05211        0.06948    1.31407E-02    1.97580E-04       74.03901       74.03901        4.90982    0.00000E+00    0.00000E+00    0.00000E+00    0.00000E+00    0.00000E+00
        0.03474        0.05211    2.16480E-02    2.42209E-04       47.99672       47.99672        3.12269    0.00000E+00    0.00000E+00    0.00000E+00    0.00000E+00    0.00000E+00
        0.01737        0.03474    3.04686E-02    3.31953E-04       32.22452       32.22452        1.85060    0.00000E+00    0.00000E+00    0.00000E+00    0.00000E+00    0.00000E+00
        0.00000        0.01737    5.45337E-02    7.70365E-04       17.99091       17.99091        1.00955    0.00000E+00    0.00000E+00    0.00000E+00    0.00000E+00    0.00000E+00
