ABELL_2597
Cosmology      70.0000     0.300000     0.700000
Number of MC iterations:    5000
Source FITS files: /mnt/SINISTER/922/reprocessed/922_sbprof_0.26deg.fits
       #RIN_MPC       ROUT_MPC   N_elec(cm-3)       Sigma_Ne     K(KeV cm2)K_flat(KeV cm2)          K_err              P         P_flat          P_err           Mgas           Merr
        0.09870        0.10896    7.97227E-03    9.97481E-05       99.38734       99.38734        5.60942    0.00000E+00    0.00000E+00    0.00000E+00    0.00000E+00    0.00000E+00
        0.07896        0.09870    6.42151E-03    1.30303E-04      117.11921      117.11921        7.10169    0.00000E+00    0.00000E+00    0.00000E+00    0.00000E+00    0.00000E+00
        0.05922        0.07896    1.08473E-02    1.48875E-04       85.71067       85.71067        5.63286    0.00000E+00    0.00000E+00    0.00000E+00    0.00000E+00    0.00000E+00
        0.03948        0.05922    1.82344E-02    1.98833E-04       56.69205       56.69205        3.66797    0.00000E+00    0.00000E+00    0.00000E+00    0.00000E+00    0.00000E+00
        0.01974        0.03948    2.87651E-02    2.64640E-04       35.12965       35.12965        2.14123    0.00000E+00    0.00000E+00    0.00000E+00    0.00000E+00    0.00000E+00
        0.00000        0.01974    5.00813E-02    6.09164E-04       20.03783       20.03783        1.11955    0.00000E+00    0.00000E+00    0.00000E+00    0.00000E+00    0.00000E+00
