;1. Name
;2. Lx
;3. Pcav
;4. Pcav lE
;5. Pcav uE
;6. Prad

NGC507	2.09E+43	1.28E+43	1.00E+43	1.72E+43	8.40394E+38
NGC777	1.07E+42	2.75E+42	1.75E+42	4.79E+42	4.62932E+37
NGC1316	6.46E+40	6.46E+41	4.98E+41	8.72E+41	1.99841E+38
NGC1600	1.21E+41	1.02E+42	5.81E+41	2.09E+42	3.5433E+38
NGC3077	4.95E+39	1.51E+41	8.40E+40	3.30E+41	6.83612E+34
NGC3608	1.16E+40	3.37E+40	2.35E+40	5.11E+40	7.39994E+36
NGC4472	1.81E+41	3.86E+41	2.74E+41	6.12E+41	9.35043E+37
NGC4552	2.26E+40	2.68E+41	2.07E+41	3.55E+41	4.14911E+36
NGC4636	4.57E+41	1.91E+42	1.54E+42	2.52E+42	2.99245E+37
NGC5044	4.91E+42	2.81E+42	2.01E+42	4.13E+42	6.59138E+37
NGC5813	2.20E+42	2.41E+42	1.77E+42	3.89E+42	1.49027E+37
NGC6269	1.39E+42	1.26E+42	8.71E+41	2.10E+42	1.47021E+39
NGC5846	8.26E+41	5.10E+41	3.45E+41	8.39E+41	1.5948E+37
NGC6338	4.02E+42	7.21E+42	5.13E+42	1.16E+43	9.46763E+38
NGC7626	1.41E+41	2.86E+41	2.20E+41	4.21E+41	8.01963E+38
NGC315	3.02E+41	3.52E+42	2.21E+42	6.15E+42	4.95705E+39
NGC5253	4.37E+38	3.45E+39	1.85E+39	7.23E+39	3.60627E+36
NGC5252	1.34E+41	3.72E+41	2.70E+41	5.56E+41	2.05264E+38
NGC4374	8.2301E+40	2.3736E+42	1.35172E+42	4.9836E+42	3.76967E+39
NGC4782	2.1022E+41	1.579E+42	1.03769E+42	2.48786E+42	6.16257E+40
NGC4261	7.8578E+40	4.9974E+41	2.99674E+41	9.2819E+41	2.18985E+40
UGC408	1.55E+42	6.76E+43	4.64965E+43	9.83641E+43	8.79514E+39
m87	9.80E+42	6.00E+42	5.1E+42		1.02E+43	2.84517E+37
ESO495	3.66E+39	2.43E+40	1.06E+40	5.82E+40	2.19E+37
